4294221
3357463
4295871
1277760
3307452
3324522
2348261
4308891
4303161
1242102
3306282
2358221
3422721
4047193
2288273
2270052
3414441
1240242
3427821
1255482
2359331
3355093
1246962
4302351
4341262
3424851
2351010
4346692
4308021
2360981
3435411
3416410
0153953
0228411
1149721
1149691
2346341
4294971
3310542
4044763
2362751
3419800
2349270
4060063
0064020
0176782
3412011
4360252
2290332
3420381
0181072
3422871
3424521
1230623
2281692
1232322
1251792
4044643
1294410
4491460
3415270
0215331
0153323
1233732
4289331
3417250
0141383
2347721
1218893
2283983
0187252
0210861
3306042
3313512
1239642
4481350
2367221
3419181
3414730
0219021
3421630
1239252
1224353
2360471
2270892
0226131
3426951
4488520
4305711
3315672
0144653
3356503
3322002
4307451
4485670
4350562
4294941
2288663
2331660
3423051
2297063
4353532
1132501
2358251
4285581
3318702
2291753
4343902
3359143
1277430
0146153
3323922
2330850
3428770
2364371
0221091
3414850
3423621
1253352
1285770
3364603
3353383
1126831
3411640
3311202
1210403
2370101
3305922
0181642
2290122
3354403
2361821
3355063
2292132
2284272
1137271
2301893
4305081
3416350
2281872
4340572
0218481
2374361
3314562
3368353
1147441
2279183
3360763
4496920
3420010
4359292
4043683
2369621
2268642
3435381
2328120
4059493
1282170
2288303
4042513
4353382
3309762
2297213
4294581
4047163
1285740
2295983
4301031
4361542
3428811
0144773
3365083
2281932
1229513
4297761
2282453
4301571
4291341
4309071
4059043
3426141
0224181
4288521
1243422
3430371
2362301
3413841
3316752
2291153
2355791
3363823
2273202
4041913
2292192
2275482
2274012
4350892
2360591
0192022
4284441
2294052
0189442
2270262
0223131
1246602
2285682
4304091
2371511
1277970
2284043
3328212
3323802
0078870
1218203
1125211
1242012
0216321
3309072
3418911
1249122
2364401
1132441
2356091
2269092
4354882
3417951
3326622
2289833
4289241
1252572
2357891
0189652
0216291
4355152
0144353
3363193
4288581
2361491
3361393
3323292
1129501
1257282
2272032
3364933
1231452
3307272
1218443
4307091
0226281
0189382
4354042
3316422
4043053
2370671
2292443
2357501
0154373
3352783
1211513
1250622
3354943
4354912
1228283
3359863
4050283
3423171
2362541
3305412
4340482
4297491
2302433
0216201
4491370
3424551
3356863
2290703
2342730
0201832
4310841
4288611
2342820
4293861
2339820
4051123
1294200
4293921
3425391
3315972
3303882
3352573
1254882
2276892
3326262
4488430
3357583
2363801
1236702
1287540
2348111
2374871
3367933
3318462
4357882
1292370
2273982
1244622
1150861
1240362
2274162
1244562
3307572
3432021
4300551
0199911
3326652
0193042
3416530
3375013
2369591
4283751
4361002
3434331
1233312
1222973
3414190
1212803
4301421
1125271
4310571
1149481
3413271
4357252
4303731
3324102
3413530
4301991
1288950
2362811
2331600
3432711
0147953
2359721
1147651
4338712
1126291
1231422
2365241
0175852
0216741
1230443
3369403
2267262
3417711
4353802
4047073
2292413
3412600
2369201
2367641
2356421
3323982
4040893
2288333
2359451
2289522
1133251
4338562
4291521
2289983
0228171
0185782
2291903
0189112
4307661
3419470
1146871
2373611
2357291
4342732
1282980
3304572
4295421
3354613
2281002
2352401
4300101
4311621
4050553
2349990
3412960
3315912
3315132
2284362
1227893
3305322
1288710
3305082
4506700
2363321
2374991
1227113
3360823
2352090
4307211
2344740
2364851
1277130
3361693
0212241
3418000
1234512
4350952
4051873
3426921
4291851
0199611
3414351
4293951
2282022
4358962
0154463
0075300
4289361
4044223
1124521
4312071
3367723
2349780
4041823
3416080
2373311
3305562
1287150
2282123
0144983
3311592
3405310
2272002
4357102
3355633
4355692
3359383
1129081
1239222
4349992
2347530
4482550
4353952
4347652
4305471
0218811
4342642
3317112
4309941
3361483
1224803
4505890
3353563
3357403
3426621
1278330
1276950
0192472
3416950
4362262
4312221
1277490
4481620
2369711
4342882
0200032
2357261
2362331
3352873
4284711
2343480
3320232
0175942
2291603
0218301
2279033
0146063
2370641
3426321
0144473
1250712
2352941
2270862
3415461
3302982
2277012
4359712
4500400
3416170
4493470
1232273
2355881
1226813
4046443
4489660
1253412
4041733
4294251
3408670
1229063
1236282
4037353
0228321
2361011
3317082
3379093
0223281
1233282
1230143
3315402
4304241
1243482
2357411
2284422
2291213
2275643
0218631
2343450
4307751
2277293
1276470
4497070
4291221
2351081
2373041
4056433
1131631
2359571
3429291
1210823
2281553
3419031
4047013
1144201
4505380
4042273
0199431
2364461
4058353
0218691
3317982
2297243
3412750
1232843
1246062
4482490
3414100
4346752
3326742
4307121
2350211
3353443
4297521
4056343
2362481
0218421
4058683
2267142
2373071
3360283
4313691
0200062
0219441
3357013
2360261
1129891
4341682
1228343
2375621
4340812
3416301
3414280
1136971
2302373
3412480
4499020
1211723
1243302
2352551
3429351
2291633
4042663
2374391
1139131
2289702
4042063
4041073
4051243
2284343
3313902
2288423
4353322
1131481
0223401
1239312
4059343
2297003
1280580
3311682
2369321
2293572
1285980
1227803
4300401
3368533
2292263
2353271
3419860
1126921
2291003
0214011
1149841
4494880
3426531
1241262
4341862
2352030
3368863
3319422
3406630
3417970
3429111
2274192
1241712
4037233
1226393
2289462
0188932
3431091
4050403
4312311
3305682
2358851
3429981
3420760
0214581
1237452
4482730
4293231
4345762
3416961
2290373
4042243
0218541
2288633
1249842
3363433
1129021
4301361
1224383
1276290
0189082
3307932
1150531
1209743
4361332
2270442
1211303
2282502
1296360
1146901
2360051
3353923
3361123
0193612
3414561
4340452
1130371
2358101
1211183
4484890
2374271
1230983
3364003
1250502
3421240
1251732
4298931
3415101
4313151
0200721
4047223
2375981
0214611
4044403
1131541
3315522
0056850
2363981
1241982
3421780
4056283
1236582
2351580
3308112
4037863
3423561
4308411
4338982
4290411
2270142
3417760
0199671
0143813
0144113
1282680
4300851
3418551
1234212
0193252
2302463
2284632
0153563
2284482
1252392
0212601
3304992
0194572
4298331
1233762
3414160
4300281
4292241
4308951
3368503
3353053
4302051
4038553
0077730
3312582
3301512
0189202
0058680
0200811
1226933
4489900
3417040
4035703
0199251
4292211
1137511
2358491
0192532
4345882
0199401
4344502
2365361
3421360
1214213
2373671
2298143
3405850
1239792
1252182
4051813
3374803
1237032
0213681
2274252
4292511
4302021
3406930
3429951
2374301
1224173
4355272
2268852
2363111
1213103
1287600
3320292
2288412
2361731
3413050
4304991
4300071
1271280
3318912
4292721
4050943
1249182
4308861
1223663
2351231
2277173
0191332
2366021
4481740
4284621
4292601
0217131
2277113
4295241
3327252
4357192
1226903
3327312
3408940
4051513
0131393
1236012
3411130
0199221
3414970
1137631
3301572
2290733
0078210
1237002
1125151
3435441
2370161
4056133
4304391
1217573
2369081
2270772
0075270
4301061
2369171
1137241
4302711
1231512
1250892
4290261
4496500
3307782
3310602
1218563
4299621
0154073
4352902
4300221
4050613
3315492
0140603
4307301
4304061
3414651
2350691
4506940
1245822
4506850
2297663
4058173
4051273
4309461
2282532
1213613
2345370
2277233
0194632
1251852
2347691
1146841
4356472
4309101
4495660
3363103
4347382
2344770
4291671
2358521
1240632
0184012
1137961
3414820
2350920
1131691
2370071
4302171
4301841
0228051
1232412
4505590
2353151
4309521
3421600
2284722
1234542
3420441
2372291
3411501
2360321
2346461
0064860
4052353
4349602
4353862
3315192
3363493
2290932
0201382
2292342
2369771
0201742
3322152
2365331
0213591
2273382
3412330
3420430
0214311
0192412
4308321
2350200
0144503
4340392
1279680
1230533
1236252
1229873
3405910
4309971
3434991
2297963
4342072
4491490
2293812
3411711
0221721
3315282
1212473
4053613
4482010
1229423
1251162
4039573
3319992
1246212
2351250
0228381
3415041
4309701
2341860
4051993
2291202
2360741
4312611
4051573
2346251
2281613
3310272
4290201
3416260
1222103
3413481
3357103
1146991
1131121
1287570
1212443
4344142
2355671
4304541
4297701
0213831
3314802
4053643
3420820
4044313
3314862
4299711
0216861
2348411
0144683
0228351
2270652
1231043
0215541
2360861
0200152
4038823
2292012
1277610
4356862
4310181
4294431
4287861
3414700
1245792
2302103
1251102
2280312
3426501
0213561
4357222
2352731
0222981
1218293
2331390
0153683
4298541
2279333
4489990
4496980
4481320
2269482
0177802
2366741
2301533
4299141
2284452
1285290
2359241
2296343
4036423
4284501
3321042
1246902
1144231
0193852
1149571
2352671
4039153
2357981
4294851
3434661
2285202
4295331
1229633
4297941
3303162
4058863
0079560
3425871
4493950
4340362
2275452
3411531
2284853
2364311
3431391
3354463
1217903
3317202
2350710
3363943
2284812
4493500
0219231
3413931
4303071
2369681
2368151
4349452
1257762
1208153
2291033
1211393
4493440
0192832
4041613
3409330
3434601
1210343
0192772
0201021
4500310
4493680
4035133
3413140
4338502
4352572
1150321
2297933
1150921
4338892
4297131
4357042
0140033
2289953
0199461
1233522
2352851
2296073
1231362
4051603
3423891
3305442
2364101
0184942
1211813
3411471
4354702
2284572
2374781
2274072
1241232
4042213
4044193
0058530
3417520
2293842
2291423
4493080
2359421
4307631
3419271
3327582
0199881
2269542
0215151
1240692
2281643
2331990
1245972
0218271
3361303
4495750
1129411
1250352
0145043
0216141
2277042
3408790
3301662
2281523
2353320
0215091
3423820
4500580
0215241
3360973
0214941
1229993
3310092
4360462
0186382
1150261
2348130
2350781
2361131
2331000
4496560
4304211
2360411
4041793
1230743
3428391
3357373
3356563
2369981
3321222
4342042
3305202
3308172
2357351
3308052
1150591
0182692
3406900
3319542
2357861
3357223
3314232
4292391
4059163
0193162
4362442
2356901
4302651
1255452
3356533
1297110
1210673
3415131
1218503
3412071
2374421
2349240
2298113
4357342
4494250
3354883
2366861
4284141
2270682
4352602
1229363
4340542
1212143
2331810
4488580
3411951
3430011
4304871
3307422
3422451
3326442
3427581
2366921
3301602
2342670
2364221
4302771
2279693
3355663
0212901
4307421
3414531
3421300
2279603
1257312
0140723
4301181
4341742
4496410
0221151
0218451
3417651
2363021
4293021
2362241
0189232
3373663
3426670
2342910
2272782
2302193
0191812
2270172
0139553
1208963
0145583
2356181
4052713
3324162
1150651
1282770
0155393
3424341
3319812
1212023
0217881
4337542
0215271
2329770
4352482
1128061
3418041
4302501
2371781
0056940
1257372
3423441
0155453
3424390
4494070
2268732
1133551
4283961
4039033
4360852
3426171
0184882
4352542
4349512
3301722
0200931
2361161
3416110
2369801
0154793
3417160
0228081
3314742
3318582
1231242
1236522
0214551
3408490
0210891
3354913
4309011
2346281
3413500
4042753
3358873
3321132
0214401
3361513
2284313
1147321
1150501
4495780
1137811
3414520
3324282
0222291
0222141
2291303
4495630
4343962
1143241
4293111
1234002
4296861
4305831
2343660
1250772
4059913
3315042
4057663
3360913
2297723
0129503
2284662
2363921
4494040
4342762
2272752
3355573
1249152
4040803
4047103
4313901
4344622
2368301
3432741
2281242
2360951
1231392
1222943
2348051
0215781
4052743
3432591
4039123
3427431
2348100
0220791
1137481
4311231
1146511
2343420
4300461
4344592
0220911
2287302
3428211
2280282
2342970
4041433
4357402
4050313
4309491
4060003
4356442
4350322
1226663
4294911
3414250
4036693
3408190
4293141
1252302
3417700
0141233
0144143
1241862
1227023
3314052
3423111
4311501
2284332
3401950
1250592
1210073
3427881
1230173
3305982
1282830
4302471
2269572
2269632
2327940
4287801
4347052
4300611
2272812
2271342
2365781
2276603
1125421
4295781
4042453
4296201
3365263
4298121
1217243
2298323
2361431
1211003
0195052
4058443
2358071
1229273
1143061
4292001
0185512
3319602
4037533
2355101
3324312
1246002
0223431
1222403
0144803
2279633
4041493
2269062
4349482
2275613
2371481
4491640
4500490
4489750
0193462
2287092
2361341
2359061
4488670
3305292
4300791
4294371
2350500
4043353
3379423
4361512
4294881
1278360
3323772
1252242
4305171
4361302
2297333
4040143
2272842
4300971
2273172
1124671
4349362
2280492
4307571
4491670
3352963
2277102
2367191
1295370
3413961
2268972
4303341
4344172
0076800
3429621
0212481
1282620
3356353
3425961
2347620
4036453
2352281
4047253
2373401
2279573
3434841
2275512
3360703
0178222
2293662
4506970
3306732
3420531
0222171
4039513
0177382
4353292
0221961
4040293
1295340
4313541
3318852
3417411
3426021
4303641
3324402
4312011
4037713
4355752
3429651
4506280
3317052
4042123
0185542
1217693
2331720
1132921
3417381
3311562
4349122
3428151
4349572
2356631
4046533
1132711
1239162
1239822
4309791
3435201
4043143
4355572
0215601
3323832
2271252
4306911
0218721
2281752
3417820
2288483
0153113
3326532
1217783
3318792
2366231
0056910
0144413
1129111
3432681
4495600
3356893
4284351
2290493
3321912
4290141
0154313
1255242
4038793
3428931
4302411
4497340
3316602
2290902
4298181
4059283
4296831
3411651
2297843
0137903
4294071
3324042
4042903
3321282
3413320
0214371
2353031
1143631
1285110
2353500
1149781
2301953
3424911
3307302
3365683
2371691
1130341
1211033
1217723
2361071
3313722
3415641
4291911
4298391
3411981
3360133
1148101
1137901
3430731
4299021
2373191
3417730
4357762
3411880
4053913
2298293
3424360
2291873
2281542
4299771
0152843
1229963
3417850
4311381
2295773
1149211
3316722
2349011
1295310
2285262
0058590
1257612
4035373
2268582
4361032
2331210
1244742
2361971
0075330
3305502
2281253
0067140
2293962
2342790
4288791
0215511
1245912
2351340
3424131
1132471
3315372
0190882
0201982
4304361
4359682
3355183
3315102
0058830
2288603
0189172
2355431
3327072
0153383
2297753
4307331
3416830
2351610
1287900
3375283
2290392
0079530
3414831
3430581
3434781
1218023
3424041
4345912
3416331
3315012
4292811
0131483
1218623
3364543
4053853
0182632
4350292
1231103
1209383
3413361
4293591
1285710
4311411
4295691
1224953
3323892
2279813
4296711
4341592
0194662
4310661
3359233
3354253
0201051
4296381
1132021
1250262
4494190
2269212
2343030
3414471
4297971
4495840
1212893
3418821
4481830
0212091
1250952
1252632
3301872
1236162
0178282
1256952
3429321
0226041
4355302
4294041
1147081
1132861
2281583
1239942
4347802
0185662
4297581
0144233
4505830
1257822
2292372
3315852
3427251
4040923
4040833
3319482
4356832
3313782
2350380
1217963
3326592
3429741
1246272
4035313
4360402
0189592
1232112
1144171
1296330
1249242
3428661
4286301
0197632
3412240
1210853
1252062
0064920
1230563
4298871
4299291
4352992
3406660
0199131
4488700
3412630
2352371
4052203
0219081
4295391
4044073
1277940
1222733
3307812
4039633
1209233
3426910
3360493
3364153
4337872
1254612
4287681
4299891
2365481
4302621
4051693
3415060
1207463
3303462
4357522
3431061
3353203
0193192
0182722
2350020
2351141
4285461
4489960
1294440
2271642
2330910
3357163
4035343
1249092
3414591
3410860
2290362
3431541
4050493
3412180
1147201
1150771
4309221
3314922
2356811
2346101
1241622
4291431
3314352
4349272
2366891
4341712
4035223
4302381
1125001
3409731
3427791
2351910
2290763
2277282
4354072
3429441
2357471
1237092
2365451
1210043
1236312
3358963
1282320
3363073
2290752
0212871
3427641
3365233
1131571
4307811
4305021
3416890
1228193
1131601
0215571
3303852
2364071
2350410
4361962
3355963
2368511
3306522
4058023
3425661
3360073
4287741
2290842
4493890
2278643
4039483
2279243
1210433
4358092
2369021
2281662
4293411
4296411
0217851
2274132
2365661
0200391
1282740
3365473
2281182
4293801
4053793
3408130
4299471
4297401
0188992
4347712
0153233
3410691
3321162
4310601
4338532
3424431
0192742
4337482
4293531
3355453
3431241
0216711
4298811
2352341
2355701
0154403
0226221
4311711
2284133
2361371
2281403
3419841
2370461
4359862
1252512
3328422
3413680
4059223
3415600
3416511
3308892
0143453
4312131
4296981
0217161
1129651
3428571
3424311
1126381
2353991
3411381
4293501
4313121
3375253
2270952
3415510
4053493
4309551
2302223
2285082
4300011
1209983
4297071
3421840
4059073
3363013
1125721
3306612
3426700
1137181
3368173
4040023
3355303
2276622
1229603
2281782
3435051
4505770
1218953
2283533
3365323
1244592
2347590
4312251
1277010
1246392
3405460
0213621
0222951
4500640
0057930
4297551
3429021
4296291
0063570
4297191
0063900
4489600
0187222
2280222
1149751
3305712
4039453
1249902
4350022
4343482
2268912
1223003
2331870
0075150
1276800
2339700
1251672
0213651
2281673
3419811
2331120
0187342
0199521
4362022
3307542
2368241
4288551
1244802
3416361
2351021
3324372
3379723
3317802
4308621
2355551
4303521
1126321
2350661
1235922
3415971
4298601
4488760
2280803
4355182
2273832
3370423
3373393
4312941
2373491
3327432
2333640
3426711
4361392
2291892
0067170
4058413
1237302
2373431
2292282
0079680
4361482
2284073
3405160
2275662
3417981
3420471
4056223
4042423
3319392
0070110
1237272
4293441
3356233
1250562
3301842
4039273
1219043
3302952
3367873
0149843
4306791
3427161
3423700
4043623
3315732
4356532
0059070
4301451
2343810
3430611
3427281
3316332
2358131
4497160
2375231
3423910
3422631
3424671
3426081
3314892
2353121
1297020
2353811
0063540
0075510
3363643
3402400
3430041
1229243
3421701
1212173
1235052
1234782
3416421
2361401
3374593
0221301
0177502
1282230
0216621
3305352
3417400
1232142
1234842
2359691
1230323
4301391
4353022
3433071
3411351
4043893
0176842
4361872
0214491
4035763
4295751
3356833
1229903
2302643
1277400
2371241
1277370
4358932
4483660
1125751
2280972
3364903
4058803
4342102
4338772
3426741
4044283
0179542
4342282
2269992
1242342
3416320
3428241
3412930
3313422
0075420
3375403
1277640
3358783
3412191
2355251
4043563
2356061
3379753
2289653
2361791
0177442
4039603
2371601
2282472
4296261
4357162
0150413
0193102
2285142
4056103
4289271
2352521
1126981
4362982
2373131
0190852
4299111
2351850
4041703
3419500
2290793
3354643
4353082
1147171
2362121
3364453
4055833
2371871
2351370
4052023
4044103
3423231
4036093
4491610
3327402
2282412
0199942
4308921
1131781
0192322
3427491
3356773
0077940
4304811
4043263
0212571
4312731
4352632
4294161
1147771
1293120
2270112
1132651
4298421
1239582
4360132
4295991
2357771
1224413
1213373
0077070
1246422
4284561
0146123
4052323
3417891
4297731
2276982
2358191
1142011
3361093
4349092
1229693
2358431
3429591
1143751
0060480
3374983
3324072
1125601
4051153
1207373
4500520
4058563
4355032
4058653
3304842
4297311
0078840
3435351
3420130
2298173
1234092
3373363
2349581
3421270
2346041
1128901
4498780
3369373
3430521
2293872
3358843
3418941
4306881
1230383
0145403
0074340
4041463
0192802
3423801
3323952
2271372
3417880
4293711
3314412
0212211
3327192
0215421
1257852
2358581
2295953
2351790
3364633
3417531
3414880
3406600
2349300
4285401
1211213
1229573
2349420
2362601
0077160
4349542
3323682
4493050
0078060
4362292
2290463
4352662
2330280
0153653
2355281
2360621
3413710
2371661
3409030
4302831
2359841
1147921
4352962
3418161
3308652
4346632
0222081
4295601
4301511
4060033
1125931
0146273
1293360
0153173
1229453
4047793
2375381
4481800
4302261
1213313
4495060
3364123
3317022
4305591
4497190
3355123
4300311
4288881
3426940
4053763
2281452
2364341
1210883
1234182
4492810
1238142
4354162
4041193
2269422
3416710
0199882
1244682
3414010
4285761
4352362
4036483
0076770
2351441
2329560
3415071
3364183
4308801
4340872
3413451
2359931
4490500
4310541
4298781
0200751
1217603
4305501
3410931
1222643
2350811
2375171
3302112
3323562
1130221
3319572
4337512
4288401
1143541
3421420
4303191
4357132
2359271
1135921
3313932
1241292
3327942
2363951
1137331
3415791
3408760
4046983
2362451
0183952
3314382
4045333
4284801
1224083
2297633
2271732
4039693
0192052
4351762
1242042
2279873
4310721
3417501
1138621
1148131
4052473
4299411
3359053
3312372
0189472
3374443
4303611
1129201
2282153
1145821
4360312
2272992
1140271
3311232
2372891
4293891
3354373
4342942
1256982
3312552
2348070
2284752
3432321
3316182
3363553
4299351
4313391
0191092
0146183
2361611
2364671
1125691
3308022
2290103
4283451
3360553
1246332
4301871
2359031
1124911
4045213
4362112
2357681
2281493
3419721
1210313
0222111
2297693
2353361
2348441
0132053
2284793
4038733
3365143
0176932
1230773
2374751
2354861
3358813
3414760
2271432
1227413
3368893
2351550
0144533
1213343
1282650
4341172
1240872
2360111
4355092
3375553
4500790
4038943
1233462
1136881
3418540
3321672
2290283
2362211
4343692
3309612
3412840
3415881
3415701
4308651
0201892
3379453
3310962
3401980
4299531
2271282
1237242
3305772
2355341
4291791
4295481
4505260
3428481
1237992
3326802
4496380
3427131
4340182
4053703
1229333
4341052
2284163
3308142
1129381
3326352
2358971
2290013
4296471
1137991
1133371
2350890
3429231
3425751
3427311
1240272
4340962
0214671
2283563
2331780
4493590
4301331
4036873
4341202
3356593
3308922
4500610
4350742
4301121
2279843
2290872
3359773
4505560
4305741
3319752
2270742
4292331
1246542
4284081
4356742
3307992
4042333
0216231
4058953
0200151
2349720
1257222
4302231
4305321
0184912
2351111
2353631
3408610
3308082
1287180
1235952
4293831
3420850
2292492
0213771
2348220
1246152
4349212
2354951
0200211
3353593
2271672
1145461
3425331
4303971
3304902
1137211
1271250
2349750
1137121
2329710
0200781
2361911
0222891
4302081
3416391
4284471
4305771
0193282
4301931
0199551
2302073
3417070
3304812
4357462
4489240
0140753
1287420
4289211
4356892
1252692
1211843
1236132
0221901
1217363
2353331
4303881
4489780
3359203
4301901
2356871
1243392
4505320
1211483
2289612
0076590
3426970
3428961
2288843
2291112
3359113
1287690
3425631
2344470
4058593
3365623
4360282
0212271
4039663
3303822
3367993
3312402
1218533
1222613
0145673
4309911
0193762
4307721
1276920
1213013
2272932
3421330
0076740
3315582
3323652
4283631
3431151
4038493
4306971
1228103
4035493
3324132
1129051
3415870
3305172
0200241
1137061
2367311
0226371
4349962
0192592
4050673
3310452
4359922
3422601
1150111
2292623
4505680
2282093
4360492
4285521
3432951
0132293
4495810
2289912
2281512
1147831
2351891
2267112
3418600
2363291
2354021
1227923
1125871
3423141
3431181
1137391
1143601
4295001
0193882
1236642
2292293
1210733
0182062
2343690
0146303
0214521
4059883
3428121
0185062
3323742
2277132
2368991
1223693
2368121
4358902
2331360
2290962
4310091
3379333
1209443
2281973
3418030
1151131
1293180
4338622
1250652
4360672
2284373
1146541
1238172
4041943
2302043
4289451
0210711
3316962
4308351
1129621
4290531
3313302
4284021
4354012
1223843
1217543
4284231
0224421
4347532
2344650
4484860
0217101
2370281
1129951
1125511
2273142
4050133
3425061
4036843
2361671
3415551
3307362
1293330
1230023
4284321
1136731
3405940
1213073
1129831
2345460
2302133
2344530
1229933
1246932
0191452
3356263
4338652
4491790
4058743
2330310
2360351
2364041
4304331
3353083
2285472
0219411
4036063
1252752
3430851
4039333
0189322
0185362
2281812
3363313
3363133
4300731
3368023
4355242
4294401
3425451
3354553
4300431
0210951
2331300
1224503
4040413
4284261
2290913
4354102
3360253
2356931
2289402
1249212
3418191
4483750
0194542
0145613
4496530
4057963
2375681
2362931
1232202
0218661
1234482
2357531
0074130
3316692
3414201
2274042
3414291
1210973
4352512
3368053
0218181
2349330
2294082
3312522
2297033
4037383
3413260
3417190
4291191
2290512
0210681
0200121
3353473
3318762
4356802
4354732
4482040
1237062
4297101
3427701
4312401
3305112
3323262
4293651
4347622
0191602
3327612
4286571
3422661
2352191
1243692
1231482
1242132
3359473
1239192
2363861
3373633
2280863
1126681
4311981
3321642
3409240
0191032
2364431
3426591
4494340
1241892
2370401
3359653
2279952
0063960
2365961
2330370
0145283
3421480
4302141
1209953
3373573
4361662
4052083
0222321
3301782
2285742
2290992
1138921
3411160
2302313
4050973
4304751
1223903
3305142
1217813
1222523
0210591
4295961
1147141
4355902
4361752
4041553
0199762
0190702
1276860
3374413
4295271
4506040
2279003
1128631
4045063
4035463
4360972
4349152
1235892
4488790
1222673
4053283
4348282
3419661
1276710
0129443
2368271
2280672
2297153
2370371
2347271
4309371
3405340
2360291
3319692
4297221
3305892
1151341
4059103
3414771
3414130
1231013
0134963
0078270
2351711
2290572
1144711
2327820
3306702
4304901
3424251
1149661
4288011
4481980
1151281
4312191
1246182
3425031
4297461
0189502
4298091
4357552
4295721
2346221
3424371
3316662
4307061
3355873
4304691
2275703
1137151
1222763
4294821
3423861
4288701
1143451
3364363
3404470
4305381
1143721
1285350
3431211
3315822
2371571
1224263
2289942
1143031
2270382
1249452
1210793
4360822
1211873
4350082
3321882
4489450
3314292
4053673
2352641
3415671
1149511
0153203
1251222
1151461
3415161
2348531
3363523
1143001
2357441
3416620
3355603
2354891
0199941
3314112
2298053
4283511
1234062
4299561
3356743
1210943
1211333
3420550
2291093
3364483
3412540
2369831
2346071
3426381
0077670
4358992
1228313
4505920
3416871
4355662
3405430
4035283
4303101
4357702
3409180
4300191
0182572
2352480
1246362
3307002
1277670
4045183
4356052
3418971
3373213
4505620
1236972
3415990
1241802
0155303
2276832
4347292
3425361
1235682
3369223
2374211
0215631
4343452
3304932
3374893
1137841
1252272
4494430
3416841
0214821
1139071
2291333
3408460
1282950
4285221
3421810
1149451
2331840
4058533
3420321
4303281
2271702
0192382
4308141
0221031
3326232
2364491
3411201
1129561
1224113
4342222
2281943
0216411
3303042
4295031
1237362
2352881
2355071
3354973
4358842
4048003
4338592
4309131
3373513
2339790
4039213
1130011
4056313
0215391
3432621
2351741
2279933
2355011
0058710
0058650
4494160
4312161
3413740
2296373
3303372
3312642
1149601
2281572
3364063
3328242
1249632
0215901
1292400
2292203
3327132
2357021
1126621
1218983
1150411
3411141
0145073
3417681
2291543
3410661
3425421
4311471
3360613
4482760
1237482
4308591
2284463
1230293
2333610
0177172
4338922
4287651
1293150
2375201
4299981
4041973
2353661
4490110
2344620
2285802
4284201
4036603
4362202
4491760
1124971
2287122
0182542
4057633
0218061
3408340
4308081
1294380
4359052
2294022
3417220
4312101
1211573
3326682
3421870
1294320
3415120
1219103
4056193
2291922
2279273
3420880
4042303
2365121
0193072
3415540
4311081
0075480
3408220
1235982
2295743
3309912
3425901
3430221
2291532
1144321
4302861
1276440
1126471
0180442
0063300
3306672
2331540
3423790
2289263
2373791
3434871
3428511
3409761
2292522
4289421
0131543
3305022
2373521
3306402
2342640
4310631
2360681
4310751
1238652
4356952
0063210
2281103
2347901
0077910
1233222
2333220
0199311
3310482
2357321
0145793
2276022
3355333
0077700
3374923
1124551
2357051
0189352
0228291
4344682
3301422
1257552
2349210
3421720
3367453
4295181
4350232
1228913
0154853
3367663
4340062
1222553
4298631
4505470
4352182
1211093
1293270
3430881
0078900
1133101
4041853
1233582
3404980
3356923
1227473
1256862
2346401
3379543
1213493
0191782
4310901
2363351
2353511
2274222
3374863
3352663
2356331
2354051
4058833
2375111
3373963
0077190
3428301
0140963
0221661
0144863
2331240
1227443
0192352
4291491
3432111
3412870
2301743
3316632
1217633
3410770
0226071
4042783
3428991
3356653
4291731
0060510
3301362
1285920
2347481
1212773
2292593
1213463
1253202
4347082
3427420
2290272
2270802
2280822
4037143
4284921
2361041
4359232
4288041
4360372
4361692
3422481
2279423
4340092
2347631
2357621
4047043
4297791
0153263
2350260
4358872
1230353
3411561
4359202
3321762
1228673
1150291
1228493
1246692
1146961
4035163
3319962
1149331
0179512
2355161
3379363
2281433
4313631
3319722
4490140
4284981
2272902
4043293
4488640
2282442
2372681
0145433
2279063
4294101
3423730
1129141
2369531
2281283
1232262
2283923
1234992
3364963
2355521
0067260
4045993
3374503
4484620
1130431
0154343
4349902
3419091
4357072
0138443
1210133
3369283
3315552
4495690
0199161
4044373
3314502
1244502
0144953
0146033
4482460
2274282
3306582
3415630
3429711
4356982
4051003
1209713
3309192
3353863
3302142
1276680
3428001
4043383
0214761
4359172
4058503
2349960
4361242
1149931
1210373
1296660
3369253
3414711
4046113
3367813
3328332
4289541
3410920
4037293
4301481
4296321
4347412
4502410
3315702
3373123
4292781
3427450
1239282
3414951
2291273
4293351
0198592
3303192
3418570
0199821
4302921
3365533
2359121
4307001
3354523
2345280
2272092
1136911
1242162
2290163
0077490
4361092
2368211
2280522
4301691
2343630
3427041
2289642
2331090
4039813
3423591
0212691
4354972
2348561
3415840
1233822
4358782
2372321
1217663
3414021
4353442
3367513
4283211
2281793
4042603
4353922
1255902
3411591
1239402
4287951
1252722
2347361
1246122
1212353
2374841
3354853
3423651
2275992
2291472
1222373
3432861
4493020
1131061
4037263
3379693
2281733
3311802
0154283
0189532
0220821
0200092
1222823
3408970
0210741
2368961
1226753
4362382
2292102
4301631
3328482
2355641
1143691
2349690
2375711
4283841
4496830
3323172
2372711
1252482
2370701
1228793
2269962
0192562
3355393
4294521
2333490
1237332
4353172
2273892
1242222
3306372
4292631
0191752
3354673
4305141
3425091
2362901
4355992
3356203
0131573
0223461
4355332
3434691
4044433
2345400
2367701
3415780
2352431
3360853
2373911
1129921
3353833
0063480
4047733
4296801
1277880
3422991
0068760
2283443
2278973
4284411
3318432
0076560
2348921
2291442
2370221
2370911
0221271
2371451
3367543
4296111
4285431
4298031
3418210
2353350
4484590
4362502
3419961
3359893
4047703
4284591
3424491
2342700
3323202
2289882
3431511
3422421
3314172
3303402
2296883
3417370
3379513
2349540
3360013
2363681
2351070
3311262
0153443
4056253
2301833
0153623
1150801
3318042
1150201
1285410
4052113
2373221
3326982
0187912
2375771
4295631
1238112
3305052
1223963
3315762
2276922
0215751
1136851
4047943
1232232
0222051
2358821
4305621
4339072
4358812
2374721
0153353
2350560
3419781
4055983
1218743
3425991
2359211
1128091
4294191
3375913
3422781
4043593
3379663
2292353
2291772
3355543
0216021
1147621
4299831
2271492
4040353
2369351
0185692
2350650
4291881
4303701
3417861
4308441
0216681
3411291
4311801
1233792
3426441
4347472
0155213
0191002
1212203
4357912
2296103
4044823
1126501
4301721
1224233
3373693
3422511
3414111
2369291
2348040
1249962
4057933
3375133
3418480
4363102
4347772
4288761
1129861
1251912
3355693
4035433
1246452
3315942
4313841
4354852
1229483
0217221
1292430
0217071
1238022
3326202
4350532
2273082
3361213
1129261
0176902
4313211
3426111
0216591
4299861
4298691
3360193
4036123
1126651
3426801
0077580
0193912
3354043
1251342
4044883
3365443
2356031
4338832
3324432
3352603
3375163
2289342
0223311
4284651
4495090
2285622
4296501
2375141
2281193
3318402
3358903
4309641
4037083
1146661
1143181
4291251
3408820
1255422
0199432
3434721
0058770
2373251
0212421
1253712
3420250
3408400
3418131
4043533
2371211
4302291
3310572
4340722
0194602
2348250
2348190
3327012
0201772
4043983
4349632
4300701
0140843
1245732
4298241
3428751
0219801
2355311
1276890
3327642
4298301
0145223
4349242
3414921
4050583
4298271
4045153
1224863
2342610
0200271
1147801
3414640
4050373
3425541
3305232
1224203
0063720
0218121
1219883
3361273
3305592
2369051
2356151
3354763
4336702
3427221
2291652
4036393
3355993
1236552
3315342
2344440
4495000
4296771
4347352
3426640
4297281
3314952
2283893
3319152
3326832
2371841
2362421
2348591
4039243
0219111
4302531
2363231
0212151
1147111
3359413
3352903
2284763
4344022
1132801
2287422
2351291
3413470
4344532
4501000
3416050
4361812
2352611
0153413
3360313
1250982
1233342
3414081
4299171
2278133
1232922
3428901
1149811
3323532
3420501
3411051
3359683
4348222
1229183
2279862
1140541
1229723
2363591
2298083
1147051
2285712
1278600
2279663
0219171
0182842
2331450
3364513
3375313
1131391
0065940
0064830
1130491
2369921
3413290
2366771
0196582
4296081
3364663
4310331
1144261
1150741
0143783
1144351
1149871
4353232
0063120
1282860
4303551
2288513
4336672
1211963
2290943
0224061
2347331
3364573
4311171
2370341
3411441
1226693
4340932
0077640
2360771
4285791
2365391
1287510
3430971
3303492
4046053
2374961
3308292
1294110
4305411
2285052
1280490
3412300
2293602
3302922
4043863
2302013
0224001
4353352
2278193
1210493
0192292
0222921
2349120
3415300
1210643
3353983
2291292
2339580
4039993
3412060
2331060
3365503
3414051
1238082
3426831
1239702
3323412
0191482
4340902
4045513
0184672
0215811
2353481
3427071
2279892
2352221
4289511
2363141
0222471
4305231
2277353
3413061
2353601
2362391
2284523
3359263
4341412
4355542
3365653
4338802
2363051
2288363
1243242
3374713
3356413
3368623
4056643
3312342
1125121
2283102
1228883
4292871
0215661
1255272
3307182
1210463
1281990
0182482
1150441
3352813
1287720
3322122
2281763
2350631
4357672
4287921
2357231
3409060
2355611
1211663
0213951
2283162
3405190
1241772
0199281
1144291
3328092
4298151
3410980
3311502
0063870
0073080
2368181
0216561
0201862
2374901
2352701
3429051
2291843
4309191
1151011
3324492
4039873
3414580
3417550
1294230
1243812
4308771
4362952
2293752
1150231
4287171
1297140
3424240
2296313
3303912
0228021
2284932
4286541
1239672
4300041
4058233
3415491
1147021
2364971
3405610
1223543
3314682
3327852
4311201
0068850
1138561
4041133
2360831
0180412
2269932
3365713
0199851
4495720
4337842
3368263
2283623
4287141
3412450
1229783
3316392
4304571
2342580
2356451
0215181
4058893
2279123
3420790
0199701
3326892
4482280
3410950
1209593
4313721
2368481
3304542
0153293
3427461
2373581
4348312
1287330
1257012
1251252
2375921
2364011
3313992
1224473
4303131
3423261
0185572
2269452
2364281
4050073
3417340
3323592
1209323
3429861
3423531
4489510
1126591
2349101
2372561
3410751
3315222
4360792
3354733
1285470
0077310
0076920
4312341
1243722
3312312
0191512
1218323
2269752
4343782
4039393
1232862
4353502
3368233
0075240
2358941
4361572
2344410
2276952
4354132
4342672
3416140
0213711
1210613
4057693
4355002
4304511
0216831
1233402
4485730
3414070
1279830
1217483
0154523
4299591
1218653
4506670
4337572
1230683
2365091
4303581
2269272
4291551
4302201
2373881
0177472
4035523
2291663
0223911
3355273
3411081
1218353
4313481
3414801
4042843
1233372
4356382
4361122
0216651
4491400
4283691
1236672
3361153
1243752
3307512
4312461
4284741
3413620
3413920
4340842
3418701
4283361
4312521
2359871
1124941
2359151
2281902
4492960
3313332
4489390
2285832
0212631
3327822
3364243
2302343
1150021
0219051
2352161
3417640
3427551
2372981
2268612
2272062
0215211
3416991
4305261
2270202
1278270
4342792
3307902
3430251
2373161
1251972
2359091
2348381
4304601
4294671
4495570
3363853
3429891
2333340
1235742
4043773
4350052
4038883
3317232
4299951
4294131
2296163
3328452
2282303
1285230
3413110
0218931
2358911
4044013
1218413
3416500
3328062
2276843
4290561
4052233
0145343
4302981
0064740
1131721
2282183
3429501
3419080
3324012
0191722
4311951
4304301
1276560
3414171
0077340
0181672
1210703
3360733
3430461
2273322
4300491
3428781
3424300
2289432
3423501
1125811
2356271
4058713
1125541
3411171
3363883
1231572
2345250
2349071
2281842
3363163
2291172
4305351
4310241
2352761
4500820
0214971
2355821
3416800
2358341
4357432
0216261
3423850
2374001
1285950
1256922
2375081
3416290
3311022
1130161
2348321
2276273
1151401
2368811
3419061
3423411
4292841
0057030
4360222
3360463
4360102
0200691
4042693
1125031
2289372
4057873
4483720
1147891
1236342
3416650
4362472
1142911
3413301
4058113
4481260
3354823
4283241
3413991
1287450
4299681
3423741
0215691
1222883
4353052
4363042
4494760
3412510
4292481
2370431
4310211
4482070
4290441
3355213
2345490
3315162
4290171
0214731
3361843
4041103
3416751
4307961
1217843
4296591
1223813
4292151
4035643
1230083
2356301
3301392
2350620
4044523
2357711
0224121
1246092
3412390
1249362
4499410
3420351
1208093
3414550
2357171
4346842
1276380
2280582
4298061
3432771
0202102
0223341
4059643
4040443
4298571
1211063
2283713
2350470
2292563
4300911
4056373
1246482
2349041
2271312
3316302
1241562
2273232
1137541
2356001
1229213
2351520
3412090
4346812
3315612
4057843
1251312
4309431
4489570
3374773
4040233
3316002
1257732
0146003
4356712
3434361
4481680
0073380
4053883
4299651
3426261
1237812
3368773
2333280
3374533
4341112
2287272
4036543
0155483
3415210
3427341
4311531
0188872
2273112
4059943
2297873
3420220
1147261
2344590
0185452
0192712
0145703
4303491
0222861
4043503
3312972
0214911
4045573
2356541
0075120
2356571
2281133
1142731
3429141
2355461
2365301
3420070
3361813
3306492
4359142
1285380
1221473
4310301
1250202
3306642
3355753
0144623
2270712
3357343
0216111
2373971
4043023
3304602
3361663
3303222
3354103
1279800
3367483
2344710
1231212
1279890
3355363
3327372
3374473
2281092
2281602
1150051
4290231
2290553
3303642
1277280
3312252
4359772
2328780
3410901
2351430
4037443
3365023
3413770
4347172
4506820
1143841
2363711
1209293
1128721
4042183
0075540
3415150
4038703
2280462
4283991
1236372
2280252
2352450
2302883
2369261
1287630
3423381
1143661
0077040
0195232
1146751
2291123
4035583
2301593
2330220
2284553
3419511
3426351
0079650
2360651
1222793
2347991
4502350
0145133
2351040
4341232
1137301
0155423
4362322
3359983
2359181
2361251
3431271
3413811
2282333
3354703
0200002
4303791
4493920
0218871
2351201
3426231
4305051
0223371
0140183
3423351
4480510
4059973
3309012
2291573
0189562
1211753
4292301
0199341
4339042
3316032
0200122
2275572
1292490
2353421
0075600
4307511
4303431
4354342
4497400
2361761
4307481
3322062
4311591
1277220
2277203
3359503
2364131
2358401
3353503
2369111
1284930
4055773
3410781
0140543
2339760
4482520
3420291
1282710
2361881
1236942
3423081
1138111
4302591
4059193
2359511
2344800
2348201
1146781
3322032
3412900
2288573
3314082
0217041
1210523
1230953
2343840
1207403
0223161
3374833
2290313
1250082
2350751
3368203
2271582
3418180
1212413
1128691
2297273
3430821
3353293
1245762
4361602
4354282
4353142
4051453
4053973
0056970
3359923
2342760
4301301
1210253
4285551
4354312
2331900
0145493
2269902
3413031
2375951
0185752
3417741
0214341
3427971
3310032
2290302
2279753
3359833
4058143
4289481
0068730
2284392
4047523
4494370
0223221
1224323
4494700
1213133
1209203
1228223
2341890
0077970
2355731
3408550
3412120
0140063
4292361
4342192
2330250
2296943
4037323
3314832
1129711
4044583
2357381
4047553
0215931
0155243
1147471
2273292
1148071
2295923
4041883
3415690
3413020
4340662
3356953
1143121
2291982
2362511
3316092
3313542
2298233
1251762
4506880
3423760
1218593
4284771
4347502
4292961
3353413
2293632
2362061
1272600
0221391
4305651
2270982
0079500
2366381
4290381
2269842
4304631
1240332
0217191
3415090
1125181
2359781
4292661
2364521
1139041
4046023
4283391
4359022
4489840
2363171
1296270
4311351
1211123
2343090
3360673
4297041
2284103
2295803
3373603
1241952
0199791
4343872
0214431
4303671
3302052
3311082
3428331
2354981
3307332
3408430
2364641
3356173
4311111
3356023
3413350
2292312
2301653
0185482
1136761
4288971
1212503
0179422
3430701
2353241
1130191
4310031
1209503
2370011
3363343
1231073
3363463
3422751
2370731
4361452
3424030
2350440
1278870
2354921
2360231
4304181
2359631
4055863
2284823
4357582
4040953
0199761
4287411
4355872
4304271
0215481
1252122
4283541
2269812
3356623
2279093
1210283
2298203
4052593
3374683
2362871
3327792
1257252
1137691
1139011
4040203
3430671
1130521
3402550
4355812
1242312
2284193
4039423
2362691
2341770
4287231
4338952
3365383
2289762
3364033
3306762
2369951
3326322
1131841
2292383
1218143
3423471
3415431
0212121
4358032
0147653
2343360
4284381
1125091
4358062
2279303
1244712
2290812
3432471
4294461
0221841
1239132
2275872
0075450
4288431
3328152
1230653
4044043
1222493
4340152
4337422
4290351
4343722
4482430
1125841
4490530
3419931
3419211
2330400
3402040
4498840
1149421
0077790
4043713
1137871
3357193
1253232
3354013
3310932
2348981
0213741
4035403
0193792
4360582
4057783
0074220
4347022
0177562
1138021
2346731
3430431
3416901
1138051
2356601
2301713
3411861
2280882
2371751
1150981
3367633
3301692
1149301
1228763
3301992
3363253
2367281
4490560
4044913
2269872
3424611
3352723
4047613
1224053
3314772
3419980
2281913
3435261
2301623
1146451
3308322
2327910
1239102
1236432
2356991
2329470
2375591
4302951
4344292
3424191
0214881
2369381
4304001
1246632
1227053
4342162
3326772
4291941
4287591
4296021
2343570
4296561
2330880
2333430
3326142
3419530
2271222
2284242
1239612
0199641
3314022
1208993
4298481
1241652
1251372
1209263
0187972
4346782
3429081
3416740
0191362
1149361
4307031
3416590
3417610
2347661
2351381
3323442
4043833
4349062
2291183
4298961
3359593
0075180
1287270
3419691
1224533
4498810
2363561
2333370
1150381
3368293
2352251
2363381
2289732
0218151
2367161
2333100
2351411
4041163
3365293
3361183
4044613
0218901
4053313
3412810
3426561
0196372
4343002
3418090
2275812
4290321
0214461
1257582
3435141
4053073
1272720
0199971
3328572
2351861
3424941
0201802
3363733
2372921
0076950
2271612
4505740
4501120
1246842
0145193
2350871
1223783
1208933
4058053
4500430
3364213
1125781
3357553
2279213
1222043
2284733
2283833
0067200
3319662
0077460
1234242
0078240
0140783
3430191
4491430
2284703
1252092
4292931
2280923
3406960
0076620
0145973
1276350
4358122
2356391
1231182
1278630
1209533
4284951
1132681
1210013
3314142
4053553
2292552
1251882
4355932
2281463
1233852
1125901
4359742
1136101
3422931
0063030
2269032
4355722
3424791
3428740
1228943
3428601
2282052
1209623
2344830
2283473
2284403
3357133
3373303
1211693
4309671
1226873
4050193
3421450
3312942
3429471
1228823
0177532
1213163
2297783
1222073
3435231
3309162
3317292
2291963
3411100
2290343
2373551
1151881
1292310
2302523
4307871
1238982
1256802
4494130
4482310
3418150
2291933
1208123
0221211
4295511
1239972
1125391
4489540
2347541
4037173
0191422
0068880
2372801
4489210
3359293
0133883
0212541
3412161
3417580
4498930
2373821
4285011
3357283
3373093
1211243
3426861
4506250
4042543
4052983
3411040
2348400
1222913
4052443
3413080
3354493
4053823
3420490
4342312
3408100
4295301
0139943
4297011
0201412
1211903
3360103
4054003
4297371
1143091
4300761
3303072
2363741
3425511
1211933
0142853
1249062
3314982
1137601
1250802
4357312
2274102
1257642
1126021
3420280
2375021
3428871
3326172
2372951
2359481
2368571
4359892
2281853
4337722
1146421
0179572
0153473
3423291
2296193
1219013
3411970
1126411
4500880
0227931
4051723
0210771
3406390
2351471
0191692
3361003
2289972
2351130
3416181
4357942
4357012
3316572
4342612
3314592
4495030
2372621
2374541
4037053
4341772
2360711
4353772
0210921
0218781
4293471
4505500
3413901
4052053
2287212
2373371
4052293
0218991
3311142
4050223
4293291
4305801
1285320
4285071
0177922
2284013
4506580
3428710
0144833
1241592
0190732
1292460
2291453
2371901
4045363
2351400
3364093
3327222
3361543
2293722
2339640
3410811
2290212
2355911
0191842
2269782
2292323
3353893
2291592
3425241
2270232
1252872
2281722
2355851
4301211
0221931
4305291
0153833
4496470
3353953
2347770
1229543
1239072
2275602
2292533
3415611
4312791
1138441
4288731
2375801
0185602
3404020
2290242
2268762
2351160
2269002
2367251
4050643
4355122
3425271
3410871
0063630
4306941
3359533
3409270
4040773
2365031
1150951
3316932
3416770
4294491
1228073
3424761
4490050
1231542
1124461
3358993
2356781
4309851
4340512
4288491
0058020
4050043
0193732
4497220
2290152
4056703
3374953
3368143
4310121
4051753
1212983
3416691
4347112
3405490
4494280
4291281
2350530
4493560
3415720
4044853
3415180
4341352
4295361
1132561
0199581
2365211
1129801
2362661
1255842
4039843
3430551
3361333
4292031
1240602
2361581
1218053
1249932
2356241
2372831
1209413
4301751
1212953
4297671
2331330
4057753
3426771
1296390
3416380
1212113
4361362
1126051
1132741
3410631
4347202
2365691
3420100
1226783
0221121
2290643
0140093
4051963
4356292
3420340
4496350
1151371
0219261
1146721
0220851
4505350
3364813
1213223
1285200
2365001
0216171
0149993
1124851
2281313
1230263
1129441
0057390
4053103
3308532
2359811
4297431
1234452
2290433
2291063
0191662
4360342
4299231
3429531
1238952
3435321
3318552
3324192
4285731
1252332
1229123
3417790
0220941
2348471
4310061
3327552
4292061
3373453
3412780
4300581
3367693
1143901
3373243
0131513
2288723
4059133
0056790
1146361
4283181
0191872
0074190
4053463
3413331
3415570
2348891
4490380
2297303
3364273
4307601
4311441
2291952
0199491
3362923
3353233
4040113
3327102
1150681
0199972
1277190
2296973
3408280
1255362
2302553
2357081
2270922
2283222
3418750
4310391
1126261
4306851
1254252
1210223
2284782
0155363
4309581
2330970
2364251
3355483
2358011
4356262
0222231
2273862
2353961
3424641
2351051
1232382
2291483
3428691
2347601
3355423
1233252
0187192
3430401
4057483
4287831
3359953
2362151
4349302
2349090
0219201
0140213
0190942
4362082
4294011
1212743
0212661
2302403
4047583
0153743
4298451
1250922
2267172
3360583
0198562
3428061
1251432
4355452
1235802
0063000
0155273
3359743
4036963
2284283
3320262
4355632
3352693
4357732
4291581
4056163
4341952
4356772
4039543
4491580
2348291
0176872
4490170
2360441
0226101
1224023
2345981
3434931
3428031
4354222
0213531
4303941
4044673
3319872
4489810
2271522
1280550
2344560
2375561
3369343
0144443
1213523
3307872
0223251
2285112
2358701
3375043
2281302
4290291
4059853
3424180
4308711
1246722
4344082
1245852
0076830
0191392
0179482
4313601
4286271
2298983
4038913
0075660
2285292
1293300
2328090
1250532
3304632
2343390
3317922
3356473
1147561
4489930
4489870
4347142
2361101
4289061
1211153
0060330
3422901
2282003
2271102
4496590
4295541
1125571
4036663
0191992
0145553
3409300
4300341
3324462
2370131
4310931
3360373
4044703
1236102
4059553
4283901
0210801
4301811
4341022
2347301
2331630
2339670
4056553
3424401
2371811
1212833
3416571
1236192
4303251
2281073
3302022
2327880
2359541
3413980
4294641
2333310
0063930
4050523
1276500
2342850
3313692
2282243
0144923
2346311
4296051
4050343
3313482
2296013
3401920
4312551
2359361
2374631
2275362
4294731
4349872
4292421
1133311
4045303
3420610
4294551
2355971
2351531
4295901
0177862
3364393
0221781
1149541
0180322
1277520
3356713
0181762
3432351
4338472
1278000
2375501
4042393
2376011
3416121
3434961
4307271
1211543
4308831
2269122
4307241
2353091
1224623
4039183
2368901
1246032
0214701
4313931
0221061
0222201
1285260
2372441
2301863
3422841
1295280
1243602
2376071
0192952
0194332
4500340
2330940
1217303
2277323
1239762
2357951
3315882
4296351
1287300
4506610
3314472
1149901
1209173
4350802
1209773
4300641
2281152
1235112
4285371
0199191
4040173
0215031
1242432
1222583
4051783
3411231
4045543
4496860
4496890
4348192
4297851
0077370
1277040
4296921
4036153
4360642
3311532
1217333
3424071
4304781
4284051
1150561
4359352
0193132
2282213
1129231
3305952
1209353
0216381
4042633
4360072
1124761
0077250
4482580
4303011
1138531
2346960
0067230
3373273
4058323
2273022
1253022
4051633
1252032
3356983
1147351
4053523
4347232
2328060
1271970
0064110
3414040
4489690
2290253
2352491
0189052
2363771
2361521
4050163
3430491
0079470
3405520
3364753
4296951
0057960
1210163
3308622
3418011
1128991
2291693
4042033
1289040
0176812
4490470
1138501
4040383
1233432
2283743
4303911
4309161
4482220
0175762
0078990
4351162
4052383
4305441
4283931
4052173
2270082
3368713
0221691
3311112
1236492
3361633
3406420
3309582
4312581
4481950
4304151
2371301
2279723
4041013
3416151
4493650
1137091
2350031
4299051
4481770
4047313
4490020
4497460
0192502
4361782
1217513
2365151
4300671
1255662
3426471
4488490
1252992
4342912
2366201
3411940
4297911
4341382
0180352
3413380
4311651
4344232
0144203
2278823
1124641
4283091
1292340
1289070
3328032
2279513
2347710
1130281
4298901
1246872
3322092
4053403
1143511
4301661
2357651
3417490
1251042
4497640
2375351
4297341
4304451
2273922
1137031
4305681
4047973
4303851
3311172
0216771
4341652
2332020
3420190
4293681
0057000
2288543
0219471
1131091
1129351
1125961
1222253
1217453
3419991
3323712
3327972
3416211
3427191
3360943
1139101
3361363
4051663
3408640
4044973
1130581
4310451
1209683
4043413
0063060
4041223
0185032
3416481
3327702
2356961
4488400
2285022
3307392
3408580
3355243
0144293
1147531
4482340
2279453
3304782
4336732
4057723
3367903
2373011
2284583
4291971
4035733
1251582
3365173
3415660
1233972
3367573
4036753
2351760
2280893
0153593
1144561
2375891
4500910
4489330
3416470
3415960
2282363
3410991
2361461
1129771
1229843
0063150
2290452
3405580
3316452
0191962
4052503
4506790
1246572
4047913
3305532
3420411
2289552
1214003
1250172
3414790
2355131
2302493
1226963
0218091
4294611
4298841
4311741
1223753
0218511
1252842
4037203
2292252
4041763
4310271
2268792
3430071
2356211
3307962
4039093
3421660
4303371
3430791
0184372
3326862
4051843
1147741
4361842
3361033
3318972
2369651
4042153
3363703
3419871
3434631
3412030
3417831
0218241
3409360
2283683
4055803
2285322
1131751
3422391
4301091
3417460
4299321
3418120
4047823
2285352
0144173
1143811
2343720
4042873
3420021
2281013
2291783
4051093
3423021
1287750
2271042
4294311
4293741
2348160
1243512
4307931
4346302
4347262
2291393
2283773
4051933
1287390
4302561
4305531
3409120
3361783
4359982
4308741
3425301
3318522
3303552
1150141
2289582
4309281
2271072
3416020
0145943
1146631
4058773
1223993
2362271
0200991
4308381
1209053
1234572
3364423
2363201
3417130
2362961
4046083
4496440
3308562
2284602
0149873
3408880
3311832
3326472
1251522
2357141
2362991
1285860
4347562
4344652
4490410
3359083
0154493
2331270
0192892
2289492
0152813
4352692
1131811
4050433
4052533
4042933
2352791
3417621
2355941
1237392
2277263
2285652
2339610
1251702
0210621
2290403
4309251
4346482
0077850
4043473
2347961
1223873
2368721
3320202
3414261
2279393
4312881
3357523
1280100
4283271
0225561
1219073
0063990
2290133
3433521
0212001
1224443
1217423
2346131
4304031
3432891
0216351
1144141
2353211
1282890
1142701
4494310
2375261
3352933
1150831
3328182
0179992
2358761
3328302
1234032
3420160
3410721
2284992
3416721
3307152
3363583
2299013
1287210
1228253
4038643
2273262
3365563
0178252
3423921
3417771
2356361
1227953
1207433
4360522
2356691
0215841
4351012
0189142
2281212
1125451
3373873
3373153
2301563
2270352
4300941
4355602
1218803
1213043
1143871
4499440
4310991
4350142
1231133
4047763
0212751
4482400
0140393
4297161
4311261
2290523
1249392
2352060
2348831
0055680
0055710
0055740
0055770
0055800
0055830
0055860
0055950
0056010
0056250
0056760
0057060
0057270
0057300
0057330
0057360
0057420
0057450
0057480
0057570
0057630
0058080
0058110
0058140
0058170
0058200
0058230
0058410
0058440
0058860
0058890
0058920
0058950
0058980
0059010
0059040
0059160
0059220
0059550
0059640
0059730
0060030
0060360
0060630
0060660
0060690
0060720
0060900
0060930
0060960
0060990
0061020
0061050
0061110
0061140
0061170
0061200
0061230
0061260
0061290
0061320
0061350
0061380
0061410
0061470
0061500
0061530
0061560
0061590
0061620
0061650
0061680
0061710
0061740
0061770
0061830
0061860
0061890
0061920
0061950
0061980
0062010
0062040
0062070
0062100
0062130
0062190
0062220
0062250
0062280
0062310
0062340
0062370
0062430
0062490
0062550
0062580
0062640
0062670
0062700
0062730
0062760
0062790
0062820
0062850
0062880
0062910
0062940
0063240
0063270
0063360
0063390
0063420
0063450
0063660
0063750
0063780
0063810
0063840
0064140
0064170
0064200
0064230
0064260
0064290
0064320
0064350
0064440
0064980
0065070
0065100
0065130
0065160
0065190
0065220
0065250
0065280
0065310
0065340
0065880
0066510
0066540
0066810
0066840
0066870
0066900
0066930
0066960
0066990
0067050
0067080
0067110
0067350
0067500
0067560
0067710
0067740
0067800
0067830
0067920
0067950
0068190
0068340
0068460
0068490
0068520
0068580
0068610
0068640
0068670
0068700
0068790
0068820
0068940
0068970
0069000
0069030
0069060
0069090
0069120
0069150
0069180
0069210
0069240
0069300
0069330
0069360
0069390
0069420
0069450
0069480
0069600
0069840
0069930
0069960
0070380
0070440
0070470
0070500
0070530
0070560
0070590
0070650
0070740
0070800
0070830
0070920
0070980
0071160
0071310
0071370
0071580
0071970
0072030
0072360
0072600
0072630
0072660
0072720
0072750
0072930
0073260
0073860
0074100
0074430
0074460
0074610
0074670
0074730
0074910
0074970
0075690
0075720
0075750
0075780
0075810
0075840
0075870
0075900
0075960
0075990
0076020
0076050
0076080
0076110
0076140
0076170
0076200
0076230
0076260
0076320
0076350
0076380
0076410
0076440
0076470
0076500
0076530
0076680
0076710
0076860
0076980
0078300
0078330
0078390
0078420
0078450
0078480
0078510
0078540
0078570
0078600
0078630
0078660
0078690
0078750
0078780
0078810
0079020
0079050
0079110
0079140
0079170
0079200
0079230
0079260
0079290
0079320
0079350
0079380
0079410
0079620
0079710
0079740
0079770
0079830
0079860
0079890
0079920
0079950
0079980
0080010
0080040
0080070
0080280
0080580
0081540
0081600
0081960
0082140
0082170
0082200
0082230
0082260
0082350
0082380
0082410
0082440
0082470
0082500
0082530
0082560
0082590
0082620
0082650
0082710
0082740
0082770
0082800
0082830
0082860
0082890
0082920
0082950
0082980
0083010
0083070
0083100
0129323
0129353
0129383
0129683
0130343
0130853
0131153
0131183
0131213
0131243
0131273
0131303
0131333
0131423
0131453
0131903
0131963
0132383
0132473
0132773
0132863
0133073
0133103
0133283
0133313
0133643
0134153
0134183
0134393
0134483
0134543
0134663
0135173
0135203
0135233
0135503
0136103
0136343
0136403
0136613
0136793
0137663
0138383
0138983
0140123
0140153
0140273
0140303
0140333
0140363
0142343
0142373
0142403
0142523
0142553
0142613
0142643
0142673
0142703
0142733
0142763
0143543
0143573
0143603
0143633
0143663
0143693
0143723
0143753
0143993
0145643
0145763
0145823
0145913
0146333
0146363
0146483
0146753
0146903
0147083
0147143
0147203
0147383
0147713
0149153
0149333
0149393
0149423
0149543
0150773
0150893
0151103
0151133
0152753
0152783
0152933
0152963
0152993
0153023
0153053
0153083
0153893
0153923
0153983
0154013
0154043
0154103
0154133
0154163
0154193
0154253
0154553
0154613
0154643
0154673
0154703
0154733
0154763
0154823
0154883
0154913
0154973
0155003
0155033
0155093
0155123
0155183
0155603
0155633
0155663
0175882
0175972
0176002
0176032
0176062
0176092
0176152
0176182
0176212
0176242
0176272
0176302
0176332
0176362
0176392
0176422
0176482
0176542
0176572
0176602
0176962
0176992
0177052
0177082
0177112
0177652
0177682
0177712
0177742
0177772
0177952
0178012
0178042
0178072
0178102
0178132
0178162
0178192
0178312
0178642
0178672
0178702
0178732
0178762
0178792
0178822
0178852
0178942
0179092
0179242
0179602
0179632
0179662
0179692
0179722
0179812
0179842
0179872
0179932
0180052
0180082
0180112
0180142
0180172
0180202
0180262
0180292
0180472
0180502
0180532
0180562
0180622
0180652
0180682
0180712
0180742
0180832
0180862
0180892
0180922
0180952
0180982
0181402
0181492
0181582
0181792
0181882
0182002
0182032
0182092
0182122
0182182
0182212
0182242
0182272
0182422
0182602
0182902
0183112
0183442
0183682
0184222
0184462
0184522
0184762
0185092
0185122
0185212
0185242
0185902
0185932
0186022
0186082
0186172
0186232
0186652
0186682
0186712
0186742
0186802
0186832
0186892
0186952
0186982
0187072
0187102
0187132
0187162
0187282
0187402
0187462
0187492
0187522
0187552
0187582
0187612
0188032
0188062
0188122
0188152
0188182
0188212
0188242
0188422
0188452
0188482
0188512
0188572
0188602
0188632
0188662
0188692
0188722
0188752
0188782
0188812
0188842
0188962
0189742
0189772
0189802
0189832
0190072
0190102
0190162
0190192
0190222
0190252
0190312
0190342
0190372
0190402
0190432
0190462
0190492
0190552
0190792
0190822
0191212
0191242
0191272
0191302
0191572
0192082
0192112
0192142
0192172
0192202
0192232
0193942
0193972
0194002
0194062
0194092
0194122
0194152
0194182
0194212
0194242
0194272
0194482
0194782
0194872
0194932
0194992
0195112
0195172
0195262
0195292
0195322
0195352
0195382
0195442
0195502
0195532
0195652
0195682
0195742
0195862
0195892
0195922
0196072
0196102
0196132
0196162
0196192
0196252
0196462
0196942
0197122
0197182
0197212
0197332
0197752
0197782
0197842
0197932
0197962
0198082
0198112
0198202
0198532
0198891
0198892
0198921
0199041
0199102
0199192
0199282
0199462
0199582
0199642
0199672
0199732
0199852
0200001
0200031
0200061
0200272
0200302
0200332
0200362
0200392
0200422
0200451
0200452
0200481
0200482
0200511
0200541
0200572
0200601
0200631
0200632
0200752
0200782
0200841
0200842
0200871
0200901
0201081
0201111
0201141
0201171
0201172
0201201
0201231
0201261
0201291
0201351
0201381
0201411
0201441
0201442
0201471
0201472
0201501
0201502
0201531
0201532
0201561
0201562
0201591
0201621
0201622
0201651
0201711
0201741
0201771
0201801
0201861
0201922
0202042
0202072
0202132
0202162
0202192
0202222
0202372
0202402
0202462
0202492
0202522
0202582
0202612
0202642
0202672
0202702
0202732
0202762
0202792
0202852
0202882
0202912
0202942
0202971
0202972
0203001
0203002
0203031
0203032
0203061
0203091
0203121
0203181
0203211
0203241
0203271
0203301
0203331
0203361
0203391
0203421
0203451
0203481
0203541
0203571
0203601
0203631
0203661
0203691
0203721
0203751
0203781
0203811
0203841
0203901
0203931
0203961
0203991
0204021
0204051
0204081
0204111
0204141
0204171
0204201
0204261
0204291
0204321
0204351
0204381
0204441
0204471
0204501
0204531
0204561
0204591
0204651
0204681
0204711
0204741
0204771
0204801
0204831
0204861
0204891
0204921
0204951
0205011
0205041
0205071
0205101
0205131
0205161
0205191
0205221
0205251
0205281
0205311
0205371
0205401
0205431
0205521
0205551
0205581
0205611
0205641
0205671
0205701
0205731
0205791
0205821
0205851
0205881
0205911
0205941
0205971
0206001
0206031
0206061
0206091
0206151
0206181
0206211
0206241
0206271
0206301
0206331
0206361
0206391
0206421
0206451
0206511
0206541
0206571
0206601
0206631
0206661
0206691
0206721
0206751
0206781
0206811
0206871
0206901
0206931
0206961
0206991
0207021
0207051
0207081
0207111
0207141
0207171
0207261
0207291
0207321
0207351
0207381
0207411
0207441
0207471
0207501
0207531
0207561
0207621
0207651
0207681
0207711
0207741
0207771
0207801
0207831
0207861
0207891
0207921
0207981
0208011
0208041
0208071
0208101
0208131
0208161
0208191
0208221
0208251
0208281
0208341
0208371
0208401
0208431
0208461
0208491
0208521
0208551
0208581
0208611
0208641
0208701
0208731
0208761
0208791
0208821
0208851
0208881
0208911
0208941
0208971
0209001
0209061
0209091
0209121
0209151
0209181
0209211
0209241
0209271
0209301
0209331
0209361
0209421
0209451
0209481
0209511
0209541
0209571
0209601
0209631
0209661
0209691
0209721
0209781
0209811
0209841
0209871
0209901
0209931
0209961
0209991
0210021
0210051
0210081
0210141
0210171
0210201
0210231
0210261
0210291
0210321
0210351
0210381
0210411
0210441
0210501
0210531
0210561
0210981
0211011
0211041
0211071
0211101
0211131
0211341
0212301
0212331
0212451
0212511
0212961
0212991
0213021
0213051
0213081
0213111
0213171
0213201
0213231
0213261
0213291
0213321
0213351
0213381
0213411
0213441
0213471
0214041
0214071
0214101
0214131
0214161
0214191
0214221
0215961
0215991
0216051
0217251
0217371
0217431
0217671
0217911
0219291
0219501
0219531
0219561
0219591
0219621
0219651
0219681
0219711
0219771
0219831
0219861
0219891
0219921
0219951
0219981
0220011
0220311
0220371
0220401
0220431
0220461
0220521
0220551
0220581
0220611
0220671
0220701
0220731
0220761
0221361
0221421
0221451
0221481
0221511
0221541
0221571
0221601
0222261
0222441
0222621
0224271
0225471
0225531
0225831
0226401
0226431
0226761
0226791
0226911
0226971
0227511
0227661
0227961
0227991
0228141
0228231
1123951
1123981
1124041
1124821
1125301
1125331
1125361
1125661
1126141
1126171
1126201
1126231
1126741
1126801
1127011
1127101
1127251
1127311
1127341
1127401
1127431
1127491
1127521
1127791
1127821
1127911
1128031
1128751
1130551
1130611
1130641
1130671
1130701
1130731
1130791
1130821
1130851
1130881
1130911
1130971
1131001
1131031
1131181
1131211
1131241
1131271
1131301
1131331
1131361
1131421
1131451
1132051
1132081
1132111
1132141
1132171
1132201
1132231
1132261
1132291
1132321
1132381
1132411
1133011
1133191
1133221
1133401
1133581
1133611
1133671
1133911
1133941
1134061
1134121
1134391
1134541
1134661
1134811
1134841
1135021
1135531
1135591
1135711
1136251
1136401
1136641
1136671
1136821
1136941
1138171
1138201
1138231
1138261
1138291
1138321
1138351
1138381
1138411
1138591
1138651
1138681
1138711
1138801
1138831
1138861
1139461
1139641
1139941
1140091
1140421
1140601
1140661
1140751
1141231
1141531
1141681
1141951
1141981
1142761
1142791
1142821
1142881
1143301
1143331
1143361
1143391
1143421
1143961
1144081
1144111
1144591
1144621
1144651
1144771
1144831
1144861
1145161
1145221
1145491
1145521
1145701
1145731
1145971
1146151
1146181
1146241
1146331
1147381
1147411
1147951
1147981
1148011
1148701
1148731
1148761
1148791
1148821
1148881
1148941
1148971
1149001
1149031
1149061
1149091
1149121
1149151
1149181
1151071
1151161
1151191
1151221
1151251
1151671
1151761
1151791
1151821
1151911
1153561
1153711
1154071
1154281
1206893
1206923
1206953
1206983
1207013
1207043
1207073
1207103
1207133
1207163
1207193
1207253
1207283
1207313
1207343
1207493
1207523
1207553
1207703
1207853
1208063
1208183
1208213
1208243
1208273
1208303
1208363
1208393
1208423
1208453
1208483
1208513
1208543
1208573
1208603
1208633
1208663
1208723
1208753
1208783
1208813
1208843
1208873
1208903
1209803
1209863
1212233
1212263
1212293
1212323
1214753
1214783
1214813
1214843
1214903
1214933
1214963
1214993
1215023
1215053
1215083
1215113
1215143
1215173
1215203
1215263
1215683
1215713
1215743
1215773
1215803
1215833
1215863
1215893
1215923
1215983
1216013
1216043
1216073
1216103
1216133
1216163
1216193
1216223
1216253
1216283
1216343
1216373
1216403
1216433
1216463
1216493
1216523
1216553
1216583
1216613
1216643
1216703
1216733
1216763
1216793
1216823
1216853
1216883
1216913
1216943
1216973
1217003
1217063
1217093
1217123
1217153
1217183
1217213
1217273
1218683
1219133
1219163
1219223
1219253
1219283
1219313
1219493
1223183
1223363
1225343
1225403
1225433
1226363
1227143
1227323
1227353
1227383
1227533
1227563
1227593
1227623
1227833
1230503
1230803
1230863
1230893
1230923
1231152
1231163
1231223
1231253
1231283
1231302
1231332
1231493
1231632
1231692
1231722
1231752
1231782
1231812
1231842
1231872
1231902
1231932
1231962
1231992
1232213
1232303
1232472
1232502
1232532
1232562
1232592
1232622
1232652
1232682
1232712
1232723
1232742
1232753
1232772
1232933
1232952
1232963
1232982
1232993
1233012
1233042
1233072
1233102
1233132
1233162
1233612
1233642
1233672
1233702
1233942
1234122
1234152
1234302
1234332
1234362
1234392
1234692
1234872
1234902
1234932
1234962
1235142
1235172
1235202
1235232
1235262
1235292
1235412
1235502
1235532
1235562
1235772
1236732
1236762
1236822
1236852
1236882
1237122
1237182
1237212
1237542
1237572
1237602
1237632
1237662
1237692
1237722
1237752
1237782
1238232
1238262
1238322
1238352
1238382
1238412
1238442
1238532
1238742
1238862
1239432
1239462
1239492
1239522
1239552
1240002
1240032
1240062
1240092
1240152
1240182
1240392
1240422
1240452
1240512
1240542
1240572
1240662
1240902
1240932
1241022
1241082
1241142
1241322
1241352
1241382
1241412
1241442
1241502
1242582
1242612
1242642
1242672
1242702
1243542
1243782
1244082
1244172
1244232
1244262
1244352
1244412
1244442
1244472
1244832
1244862
1244892
1244922
1244952
1244982
1245012
1245042
1245072
1245102
1245162
1245192
1245222
1245252
1245282
1245312
1245342
1245372
1245402
1245432
1245462
1245552
1245582
1245612
1245642
1246992
1247022
1247052
1247142
1247172
1247202
1247232
1247262
1247292
1247322
1247352
1247382
1247412
1247442
1247502
1247532
1247562
1247592
1247622
1247652
1247682
1247712
1247742
1247772
1247802
1247862
1247892
1247922
1247952
1247982
1248012
1248042
1248102
1248132
1248162
1248192
1248252
1248282
1248312
1248342
1248402
1248432
1248462
1248492
1248522
1248552
1248582
1248642
1248672
1248702
1248732
1248762
1248792
1248822
1248852
1248882
1248912
1248942
1249002
1249032
1249602
1249782
1249812
1250292
1250322
1250412
1251132
1253082
1253112
1253142
1253172
1253292
1253322
1253442
1253472
1253532
1253562
1253592
1253622
1253892
1253952
1254012
1254192
1254432
1254642
1254672
1254732
1254762
1254792
1254822
1254852
1254912
1255092
1255782
1255932
1255962
1255992
1256052
1256082
1256112
1256142
1256172
1256202
1256232
1256262
1256292
1256322
1256352
1256682
1256742
1256772
1257042
1257102
1257132
1257162
1257192
1257402
1257462
1257672
1257702
1257882
1257912
1257942
1257972
1258002
1258032
1258062
1258092
1258152
1270140
1270170
1270230
1270290
1270320
1270350
1270380
1270410
1270440
1270470
1270530
1270560
1270590
1270620
1270650
1270680
1270710
1270740
1270770
1270800
1270830
1270890
1270920
1270950
1270980
1271010
1271040
1271070
1271100
1271130
1271160
1271190
1271310
1271340
1271370
1271400
1271490
1271520
1271550
1271580
1271610
1271670
1271700
1271730
1271760
1271790
1271820
1271850
1271880
1271910
1271940
1272030
1272060
1272090
1272210
1272240
1272270
1272300
1272330
1272480
1272510
1273020
1273140
1273260
1273320
1273410
1273740
1273860
1273890
1274010
1274130
1274250
1274640
1274850
1274940
1275600
1275630
1275660
1275690
1275720
1275750
1275780
1275810
1275840
1275870
1275930
1275960
1275990
1276020
1276050
1276080
1276110
1276140
1276170
1276200
1276230
1276320
1277070
1277100
1277310
1277460
1277550
1277580
1278030
1278060
1278090
1278120
1278210
1278240
1278390
1278420
1278450
1278480
1278510
1278570
1278660
1278690
1278720
1278750
1278780
1278810
1278840
1278930
1278960
1278990
1279020
1279050
1279080
1279110
1279140
1279170
1279200
1279230
1279290
1279620
1279650
1279710
1279740
1279770
1279950
1279980
1280040
1280130
1280160
1280190
1280220
1280250
1280280
1280310
1280400
1280430
1280460
1280640
1280700
1280730
1280790
1280820
1280850
1280880
1280910
1280940
1280970
1281000
1281030
1281060
1281090
1281150
1281180
1281210
1281240
1281270
1281300
1281330
1281360
1281390
1281420
1281450
1281510
1281540
1281570
1281600
1281630
1281660
1281690
1281720
1281750
1281780
1281810
1281870
1281900
1281930
1281960
1282020
1282050
1282080
1282110
1282140
1282290
1282350
1282380
1282440
1282470
1282500
1282530
1282590
1283040
1283070
1283100
1283130
1283160
1283190
1283220
1283250
1283310
1283340
1283370
1283400
1283430
1283460
1283490
1283520
1283550
1283580
1283610
1283670
1283700
1283730
1283760
1283790
1283820
1283850
1283880
1283910
1283940
1283970
1284030
1284060
1284090
1284120
1284150
1284180
1284210
1284240
1284270
1284300
1284330
1284390
1284420
1284450
1284480
1284510
1284540
1284570
1284600
1284630
1284660
1284690
1284750
1284780
1284810
1284840
1284900
1285020
1285050
1285500
1285530
1285560
1285590
1285620
1285650
1285680
1286010
1286040
1286070
1286340
1286370
1286430
1286460
1286490
1286520
1286550
1286580
1286610
1286640
1286670
1286700
1286730
1286790
1286820
1286850
1286880
1286910
1286940
1286970
1287000
1287030
1287060
1287090
1287240
1287810
1287870
1287960
1287990
1288020
1288050
1288080
1288110
1288140
1288260
1289190
1289310
1289670
1289760
1290000
1290030
1290120
1290390
1290450
1290630
1290660
1290840
1291230
1291290
1291320
1291410
1291620
1291770
1292130
1292280
1292550
1292580
1292640
1292670
1292700
1292730
1292760
1292790
1292820
1292850
1292910
1292940
1292970
1293000
1293030
1293060
1293090
1293210
1293390
1293420
1293450
1293480
1293660
1293690
1294470
1294530
1294560
1294590
1294620
1294650
1294680
1294890
1294920
1294950
1294980
1295010
1295040
1295070
1295100
1295130
1295160
1295190
1295250
1295400
1295430
1295460
1295490
1295520
1295550
1295910
1295940
1295970
1296000
1296030
1296060
1296210
1296300
1296690
1296720
1296750
1296780
1296840
1296870
1296900
1296930
2267202
2267232
2267292
2267322
2267352
2267382
2267412
2267532
2267562
2267592
2267652
2267682
2267742
2267802
2267832
2267862
2267892
2267952
2267982
2268072
2268102
2268132
2268162
2268192
2268222
2268282
2268342
2268432
2268492
2269392
2269692
2270532
2270562
2270592
2271762
2271792
2271822
2271852
2271942
2272122
2272152
2272182
2272212
2272242
2272272
2272302
2272362
2272392
2272422
2272452
2272482
2272512
2272542
2272572
2272602
2272632
2272662
2272872
2273652
2273682
2273712
2273742
2274342
2274372
2274402
2274432
2274462
2274492
2274522
2274552
2274582
2274612
2274642
2274702
2274732
2274762
2274792
2274822
2274852
2274882
2274912
2274942
2274972
2275002
2275062
2275092
2275122
2275152
2275182
2275212
2275242
2275272
2275302
2275332
2275692
2275722
2275782
2275793
2275823
2275883
2276142
2276292
2276382
2276412
2276442
2276453
2276483
2276502
2276513
2276532
2276543
2276592
2276652
2276682
2276712
2276742
2276772
2276802
2277162
2277192
2277252
2277312
2277342
2277402
2277432
2277443
2277462
2277473
2277492
2277503
2277522
2277533
2277552
2277563
2277582
2277593
2277623
2277642
2277653
2277672
2277683
2277803
2277833
2277852
2277893
2277942
2277972
2277983
2278002
2278013
2278032
2278043
2278073
2278122
2278163
2278212
2278223
2278272
2278283
2278313
2278392
2278463
2278493
2278523
2278553
2278583
2278613
2278632
2278692
2278703
2278722
2278733
2278763
2278812
2278853
2278883
2278913
2278943
2279082
2279112
2279172
2279202
2279292
2279502
2279652
2279682
2279712
2279742
2279772
2279802
2279832
2279963
2279993
2280012
2280023
2280042
2280053
2280072
2280083
2280102
2280113
2280132
2280162
2280173
2280192
2280293
2280323
2280353
2280372
2280383
2280413
2280443
2280473
2280503
2280533
2280563
2280593
2280653
2280683
2280713
2280743
2280773
2280792
2280852
2281332
2281362
2281392
2281422
2282033
2282082
2282112
2282142
2282172
2282202
2282232
2282262
2282292
2282322
2282382
2282513
2282543
2282573
2282603
2282622
2282633
2282652
2282663
2282682
2282693
2282712
2282723
2282742
2282753
2282802
2282813
2282832
2282843
2282862
2282873
2282892
2282903
2282933
2282952
2282963
2282982
2282993
2283012
2283023
2283042
2283053
2283083
2283113
2283173
2283203
2283233
2283252
2283263
2283282
2283293
2283323
2283353
2283402
2283413
2283462
2283522
2283653
2283972
2284032
2284092
2284182
2284212
2284913
2284943
2284973
2285003
2285063
2285093
2285123
2285153
2285183
2285213
2285243
2285273
2285303
2285333
2285363
2285423
2285453
2285483
2285502
2285513
2285532
2285543
2285562
2285573
2285603
2285633
2285663
2285693
2285723
2285922
2286702
2286762
2286833
2286852
2286863
2287032
2287062
2287253
2287283
2287343
2287362
2287373
2287392
2287403
2287433
2287452
2287463
2287493
2287512
2287523
2287542
2287553
2287572
2287583
2287613
2287632
2287643
2287662
2287692
2287703
2287722
2287733
2287752
2287763
2287793
2287823
2287853
2287883
2287902
2287913
2287943
2287962
2287973
2287992
2288003
2288063
2288082
2288093
2288112
2288123
2288142
2288153
2288172
2288202
2288213
2288232
2288243
2288292
2288352
2288442
2288532
2288622
2288652
2288682
2288712
2288742
2288772
2288802
2288832
2288862
2288892
2288922
2288982
2289012
2289042
2289072
2289102
2289132
2289162
2289192
2289203
2289222
2289323
2289353
2289773
2289792
2289803
2289893
2289923
2290002
2290032
2290182
2290542
2290662
2290692
2291022
2291052
2291082
2291322
2291352
2291382
2291412
2291682
2291712
2291993
2292023
2292053
2292083
2292402
2292432
2292612
2292642
2292672
2292702
2292732
2292762
2292792
2292822
2292852
2292882
2292912
2292972
2293002
2293013
2293032
2293073
2293092
2293272
2293302
2293392
2293403
2293422
2293452
2293482
2293512
2293992
2294363
2294393
2294423
2294483
2294843
2294873
2294993
2295623
2296253
2296433
2296463
2296493
2296523
2296553
2296583
2296613
2296643
2296673
2296703
2296793
2297363
2297393
2297423
2297453
2297483
2297513
2297573
2297603
2298353
2298383
2298413
2298443
2298473
2298503
2298533
2298563
2298683
2298743
2298773
2298803
2298833
2298863
2298893
2298923
2298953
2299043
2299613
2299733
2299793
2299823
2299973
2300123
2300183
2300303
2300393
2300603
2300663
2300753
2300783
2301173
2301203
2301233
2301263
2301293
2301323
2301353
2301383
2301413
2301473
2301983
2302673
2302703
2302733
2302763
2302793
2302823
2302853
2327460
2327490
2327520
2327550
2327580
2327610
2327640
2327670
2327700
2327730
2327760
2328180
2328210
2328240
2328270
2328300
2328330
2328360
2328390
2328420
2328450
2328480
2328540
2328570
2328600
2328630
2328660
2328690
2328810
2328840
2329020
2329050
2329080
2329110
2329140
2329170
2329200
2329230
2329260
2329290
2329350
2329380
2329410
2329440
2329590
2329650
2329740
2329800
2329830
2329860
2329890
2329920
2329950
2329980
2330010
2330070
2330100
2330460
2330490
2330520
2330550
2330610
2330640
2330670
2330700
2330730
2330760
2330790
2332050
2332080
2332110
2332140
2332170
2332200
2332230
2332260
2332290
2332350
2332380
2332410
2332440
2332470
2332500
2332530
2332560
2332590
2332620
2332650
2332710
2332740
2332770
2332800
2332830
2332860
2332890
2332920
2332950
2332980
2333040
2333670
2333700
2333730
2333760
2333790
2333820
2333850
2333880
2333910
2333970
2334000
2334030
2334060
2334210
2334240
2334780
2334960
2335920
2335980
2336070
2336250
2336280
2336310
2336460
2336520
2336670
2336700
2337060
2337120
2337270
2337300
2337390
2337570
2337660
2337870
2337990
2338110
2338740
2338800
2338830
2338860
2338890
2338920
2338950
2338980
2339010
2339040
2339070
2339100
2339160
2339190
2339220
2339250
2339280
2339310
2339340
2339370
2339400
2339430
2339460
2339520
2339550
2340990
2341050
2341260
2341350
2341380
2341410
2341470
2341500
2341530
2341560
2341620
2341650
2341680
2341710
2341740
2341920
2341950
2341980
2342010
2342040
2342070
2342100
2342130
2342190
2342220
2342250
2342280
2342310
2342340
2342370
2342400
2342430
2342460
2342490
2342550
2343120
2343150
2343180
2343270
2343300
2343750
2343870
2343900
2343930
2343990
2344080
2344110
2344140
2344170
2344200
2344230
2344260
2344290
2344350
2344860
2344890
2344920
2344950
2344980
2345010
2345070
2345100
2345130
2345160
2345190
2345760
2345790
2345820
2345850
2345880
2345910
2345970
2346000
2346030
2346060
2346090
2346120
2346150
2346180
2346210
2346240
2346270
2346330
2346360
2346420
2346450
2346510
2346600
2346690
2346720
2346750
2346780
2346810
2346870
2346900
2346930
2346990
2347020
2347050
2347110
2347140
2347170
2347230
2347260
2347290
2347320
2347350
2347380
2347410
2347440
2347470
2347500
2347751
2347800
2347811
2347830
2347841
2347860
2347871
2347890
2347950
2347980
2348010
2348490
2348520
2348621
2348651
2348681
2348711
2348741
2348771
2348801
2348910
2348940
2348970
2349000
2349030
2349060
2349360
2349390
2349431
2349450
2349480
2349570
2349600
2349630
2349660
2349731
2349810
2349840
2349851
2349900
2350050
2350061
2350080
2350110
2350140
2350170
2350181
2350361
2350451
2350841
2351640
2351670
2351700
2351730
2351970
2352000
2352120
2352131
2352150
2352210
2352240
2352270
2352300
2352330
2352360
2352390
2352420
2352510
2352570
2352600
2352630
2352660
2352750
2352840
2352870
2352900
2352930
2352960
2352990
2353050
2353080
2353110
2353140
2353170
2353200
2353230
2353410
2353440
2353470
2353560
2353590
2353620
2353650
2353680
2353710
2353770
2353800
2353830
2353841
2353860
2353871
2353890
2353901
2353920
2353950
2353980
2354010
2354040
2354070
2354130
2354141
2354160
2354171
2354190
2354201
2354220
2354231
2354250
2354261
2354280
2354291
2354351
2354381
2354411
2354441
2354471
2354501
2354531
2354561
2354591
2354621
2354651
2354711
2354741
2354771
2354801
2354831
2364581
2364611
2364731
2364761
2364791
2364821
2364881
2364941
2365181
2365511
2365541
2365571
2365601
2365811
2365841
2365901
2365931
2366111
2366141
2366171
2366261
2366411
2366441
2366471
2366531
2366681
2366711
2366801
2366951
2367071
2367101
2367341
2367371
2367401
2367431
2367461
2367521
2367551
2367581
2367611
2367731
2367761
2367791
2367821
2367881
2367911
2368061
2368361
2370491
2370521
2370551
2371331
2371361
2371421
2371931
2371961
2372021
2372051
2372081
2372111
2372141
2372171
2372201
2372231
2372261
2372501
2372591
2372651
3301812
3301932
3302262
3302292
3302322
3302352
3303702
3303732
3303762
3303972
3304002
3304032
3304062
3304092
3304122
3304182
3304212
3304242
3304272
3304302
3304332
3304362
3304392
3304422
3304452
3304482
3304662
3304692
3304722
3304752
3306102
3306132
3306162
3306462
3306792
3306822
3306942
3307662
3307692
3307722
3308232
3308352
3308382
3308412
3308442
3308472
3308502
3308682
3308712
3308742
3308772
3308802
3308832
3308862
3309042
3309222
3309252
3309282
3309312
3309372
3309402
3309792
3309882
3310152
3310212
3310242
3310662
3310692
3310722
3310752
3310782
3310812
3310842
3310872
3310902
3311382
3311412
3311442
3311472
3311862
3311892
3311922
3311952
3311982
3312012
3312042
3312102
3312132
3312162
3312192
3312222
3312282
3312492
3312672
3312702
3312732
3312762
3312792
3312852
3312882
3312912
3313002
3313032
3313062
3313092
3313122
3313152
3313212
3313242
3313272
3313572
3313632
3313662
3313752
3313812
3314262
3316212
3316242
3316272
3316362
3316542
3316782
3316812
3316842
3317142
3317172
3317322
3317352
3317382
3317412
3317442
3317502
3317532
3317562
3317592
3317622
3317682
3317712
3317742
3317772
3317832
3317862
3317892
3318072
3318102
3318132
3318162
3318192
3318222
3318252
3318282
3318312
3318342
3319212
3319242
3319302
3319362
3321312
3321342
3321372
3321402
3321432
3321462
3321492
3321522
3321552
3321612
3322212
3322242
3322272
3322332
3322362
3322392
3322422
3322452
3322482
3322542
3322602
3322632
3322662
3322692
3322752
3322782
3323142
3352753
3353653
3353683
3353743
3353773
3353803
3354133
3354163
3354193
3354223
3354283
3354313
3354343
3354583
3357643
3357673
3357703
3357733
3357763
3357823
3357853
3357883
3357913
3357973
3358033
3358063
3358153
3358183
3358213
3358243
3358303
3358333
3358363
3358393
3358423
3358453
3358483
3358513
3358543
3358573
3358603
3358663
3358693
3358723
3361723
3361873
3361903
3361933
3361993
3362023
3362173
3362263
3362383
3362473
3362533
3362563
3362713
3362803
3362833
3362893
3362953
3363043
3363673
3363763
3363793
3363913
3365203
3365743
3366073
3366103
3366133
3366163
3366193
3366223
3366253
3366283
3366313
3366343
3366373
3366433
3366463
3366493
3366523
3366553
3366583
3366613
3366643
3366673
3366703
3366943
3367033
3367093
3367123
3367153
3367183
3367213
3367243
3367273
3367303
3367333
3367363
3367423
3368563
3368923
3368953
3368983
3369013
3369043
3369073
3369103
3369133
3369163
3369643
3369703
3369733
3369763
3369793
3369823
3369853
3370003
3372643
3372883
3373483
3373543
3376213
3376333
3376423
3376453
3376513
3376633
3376783
3376813
3377053
3377083
3377113
3377143
3377293
3378043
3378073
3378223
3378373
3378403
3378463
3378553
3378613
3378643
3378673
3378733
3378763
3378793
3378823
3378853
3378883
3378913
3378943
3378973
3379003
3379033
3379183
3379213
3379243
3379273
3379303
3402100
3402130
3402160
3402190
3402220
3402250
3402280
3402310
3402340
3402370
3402580
3402610
3402640
3402670
3402700
3402730
3402760
3402790
3402850
3402880
3402910
3402940
3402970
3403000
3403030
3403060
3403090
3403120
3403240
3403360
3403390
3403420
3403450
3403510
3403540
3403600
3403630
3403660
3403690
3403810
3404050
3404080
3404350
3404380
3404410
3404440
3404560
3404590
3404620
3404650
3404710
3404740
3404800
3404830
3404860
3404890
3404950
3405010
3405040
3405070
3405100
3405670
3405700
3405730
3405760
3405790
3405820
3405970
3406030
3406060
3406090
3406120
3406150
3406180
3406210
3406240
3406270
3406300
3406330
3406480
3406510
3406540
3406570
3406690
3406750
3406780
3406810
3406840
3406870
3407080
3407110
3407140
3407410
3407440
3407470
3407500
3407800
3410031
3410170
3410181
3410200
3410230
3410241
3410260
3410320
3410331
3410350
3410410
3410451
3410470
3410481
3410500
3410530
3410541
3410560
3410571
3410590
3410620
3410650
3410680
3410740
3410800
3410830
3411190
3411220
3411250
3411280
3411310
3411340
3411370
3411400
3411460
3411490
3411520
3411550
3411670
3411700
3411730
3412221
3412251
3412281
3412311
3412341
3412371
3412401
3412461
3412521
3412611
3412731
3412761
3412791
3413421
3413511
3413541
3413571
3413601
3413631
3413661
3413691
3413721
3414340
3414370
3414400
3414910
3414940
3414981
3415011
3415191
3415251
3415281
3415311
3415341
3415360
3415371
3415401
3415731
3415761
3416541
3416601
3416631
3417021
3417051
3417081
3417111
3417141
3417171
3417231
3417261
3417291
3417321
3417351
3417441
3417471
3417591
3418240
3418270
3418300
3418330
3418360
3418390
3418431
3418491
3418581
3418611
3418641
3418671
3418720
3418731
3418761
3418791
3418840
3418870
3418900
3418930
3418960
3418990
3419020
3419050
3419110
3419140
3419200
3419230
3419260
3419290
3419350
3419380
3419410
3419440
3419590
3419620
3419650
3419680
3419740
3419830
3419890
3420051
3420081
3420111
3420141
3420171
3420201
3420231
3420520
3420561
3420591
3420640
3420651
3420670
3420681
3420700
3420711
3420741
3420771
3420801
3420831
3420861
3420910
3420940
3420951
3420970
3420981
3421000
3421011
3421030
3421060
3421071
3421101
3421120
3421131
3421150
3421161
3421180
3421191
3421221
3421251
3421281
3421311
3421341
3421371
3421431
3421461
3421491
3421521
3421551
3421581
3421611
3421641
3421671
3421731
3421821
3421851
3421881
3421911
3421971
3421990
3422001
3422020
3422031
3422061
3422080
3422091
3422110
3422121
3422140
3422151
3422170
3422211
3422241
3422271
3422301
3422331
3422361
3423970
3424000
3424450
3424480
3424570
3424660
3424690
3424780
3424840
3424900
3425020
3425200
3425380
3425560
3425590
3425620
3425680
3425710
3425740
3425770
3425800
3425830
3425860
3425890
3425920
3425950
3425980
3426040
3426070
3426100
3426130
3426160
3426190
3426220
3426250
3426280
3426310
3426340
3426430
3426520
3426580
3426610
3426730
3426760
3426790
3426850
3426880
3427000
3427030
3427060
3427090
3427120
3427150
3427330
3427360
3427390
3427480
3427570
3427660
3427690
3428020
3428080
3428110
3428140
3428200
3428230
3428290
3428320
3428350
3428380
3428410
3428470
3428500
3428530
3428560
3428590
3428620
3428800
3428830
3428890
3428920
3428950
3428980
3429010
3429040
3429070
3429100
3429130
3429160
3429190
3429250
3429801
3431331
3431421
3431481
3431601
3431631
3431661
3431691
3431751
3431811
3431841
3431871
3431901
3431931
3431961
3431991
3432171
3432201
3432231
3432261
3432291
3432381
3432411
3432441
3433011
3433041
3433221
3433251
3433311
3433911
3433971
3434001
3434181
3434211
3434241
3434391
3434421
3434481
4035823
4035853
4035883
4035943
4035973
4036003
4036033
4036213
4036243
4036303
4036333
4036363
4038073
4038313
4038433
4038583
4040533
4040563
4040593
4040623
4040653
4040683
4040713
4040743
4041283
4041313
4041343
4041373
4041403
4043203
4043233
4045603
4045633
4045663
4045693
4045723
4045753
4045783
4045813
4045903
4045963
4046143
4046173
4046233
4046263
4046293
4046353
4046383
4046413
4046503
4046593
4046623
4046653
4046683
4046713
4046743
4046773
4046803
4046833
4046863
4046893
4046953
4047373
4047403
4047433
4047463
4047493
4048063
4048093
4048123
4048153
4048633
4048723
4048753
4048783
4048813
4048843
4048873
4048933
4048963
4048993
4049023
4049053
4049083
4049113
4049593
4049893
4050703
4050733
4050763
4050793
4050853
4050883
4050913
4051033
4051063
4051333
4051363
4051393
4051423
4052803
4052833
4052863
4052893
4052923
4052953
4053133
4053163
4053193
4053223
4053253
4053343
4053583
4054123
4054153
4054183
4054213
4054243
4054273
4054303
4054333
4054363
4054393
4054423
4054483
4054513
4054543
4054573
4055623
4055653
4055713
4055743
4055893
4055923
4055953
4056073
4056823
4056853
4056883
4056913
4056943
4056973
4057003
4057033
4057063
4057093
4057153
4057183
4057213
4057243
4057273
4057303
4057333
4057363
4057393
4057573
4057603
4059403
4059433
4059463
4059523
4059583
4059613
4059673
4059703
4059763
4059793
4059823
4060123
4060153
4060183
4060213
4060243
4283001
4283061
4283121
4283151
4283481
4284831
4284861
4285101
4285131
4285161
4285191
4285281
4285311
4285611
4286211
4286241
4286331
4286361
4286391
4286451
4286481
4286511
4286601
4286631
4286841
4287021
4287261
4287291
4287321
4287771
4288101
4288131
4288851
4289961
4289991
4290051
4290081
4290501
4290591
4290621
4290651
4290681
4290741
4290801
4291041
4291071
4291131
4312851
4336762
4336852
4336882
4336912
4336942
4336972
4337002
4337122
4337152
4337212
4337362
4340272
4341442
4341472
4341502
4341562
4341622
4341802
4341832
4342342
4342402
4342432
4342462
4342522
4342552
4343422
4343512
4344382
4344412
4344802
4344832
4345282
4345612
4345672
4345702
4345732
4345822
4348042
4348072
4348102
4348372
4348432
4348462
4348492
4348522
4348732
4348762
4348792
4348822
4348882
4348912
4348942
4349002
4349032
4349662
4349692
4349722
4349782
4349812
4349842
4350352
4350382
4350412
4350442
4350472
4350592
4350622
4350652
4350682
4350712
4350832
4351402
4351612
4351642
4351972
4352032
4352722
4352782
4352812
4352842
4352872
4353592
4353622
4353652
4353682
4353712
4353742
4354372
4354402
4354432
4354462
4354492
4354522
4354582
4354612
4356112
4356142
4356172
4356232
4358152
4358182
4358212
4358242
4358272
4358302
4358332
4358392
4358422
4358452
4358482
4358512
4358542
4358572
4358602
4358632
4358662
4358692
4358752
4359382
4359412
4359472
4359502
4359532
4359562
4359592
4359622
4359652
4360702
4360732
4360762
4362592
4362622
4362652
4362682
4362742
4362772
4362802
4362832
4362862
4362892
4362922
4363162
4363192
4363222
4363252
4363282
4363312
4363342
4363372
4363402
4363462
4363492
4363522
4363552
4363582
4363612
4363642
4363672
4479880
4479910
4479940
4479970
4480000
4480030
4480060
4480090
4480150
4480180
4480240
4480270
4480300
4480330
4480360
4480390
4480420
4480450
4480480
4480540
4480600
4480630
4480660
4480690
4480720
4480750
4480780
4480810
4480840
4480870
4480900
4480990
4481230
4481290
4481380
4481410
4481440
4481470
4481530
4481560
4481590
4482100
4482160
4482190
4482640
4482790
4482820
4482850
4482880
4482910
4482940
4483000
4483030
4483060
4483090
4483120
4483150
4483180
4483210
4483240
4483270
4483300
4483360
4483390
4483420
4483450
4483480
4483510
4483540
4483570
4483780
4483810
4483870
4483900
4484350
4484380
4484410
4484440
4484470
4484650
4484680
4484710
4484740
4484770
4484800
4484830
4484950
4484980
4485010
4485040
4485070
4485100
4485130
4485190
4485250
4485280
4485310
4485370
4485400
4485430
4485460
4485490
4485520
4485550
4485580
4485610
4485640
4485760
4485790
4485820
4485850
4485880
4485910
4485940
4485970
4486000
4486030
4486090
4486120
4486150
4486180
4486210
4486240
4486270
4486300
4486330
4486360
4486390
4486450
4486480
4486510
4486540
4486570
4486600
4486630
4486660
4486690
4486720
4486750
4486840
4486870
4486900
4486930
4486960
4486990
4487020
4487050
4487080
4487110
4487140
4487200
4487230
4487260
4487290
4487320
4487350
4487380
4487410
4487440
4487470
4487500
4487560
4487590
4487620
4487650
4487680
4487710
4487740
4487770
4487800
4487830
4487860
4487950
4487980
4488010
4488040
4488070
4488100
4488130
4488160
4488190
4488220
4488280
4488310
4488340
4488370
4488820
4488850
4488880
4488910
4488940
4489000
4489030
4489060
4489090
4489120
4489150
4489180
4490200
4490230
4490260
4490290
4490320
4490350
4490590
4490620
4490650
4490680
4490710
4490740
4490770
4490830
4490860
4490890
4490920
4490950
4490980
4491010
4491040
4491070
4491100
4491130
4491190
4491220
4491250
4491280
4491310
4491340
4491550
4491700
4491730
4491850
4491910
4491940
4491970
4492000
4492030
4492060
4492120
4493140
4493170
4493200
4493230
4493260
4493290
4493320
4493350
4493410
4493710
4493770
4493800
4493830
4493860
4493980
4494010
4494490
4494520
4494550
4494580
4494610
4494640
4494790
4494850
4494910
4494940
4494970
4495120
4495150
4495210
4495240
4495270
4495300
4495330
4495360
4495390
4495420
4495450
4495480
4495870
4495930
4495960
4495990
4496020
4496050
4496110
4496140
4496170
4496200
4496230
4496260
4496320
4496620
4496680
4496710
4496740
4496770
4496800
4497250
4497280
4497310
4497490
4497520
4497550
4497580
4497610
4497670
4497700
4497760
4497790
4497820
4497850
4497880
4497910
4497940
4497970
4498000
4498030
4498060
4498180
4498240
4498270
4498300
4498330
4498360
4498390
4498420
4498450
4498480
4498510
4498570
4498600
4498630
4498660
4498690
4498720
4498870
4498960
4498990
4499050
4499080
4499110
4499140
4499170
4499200
4499230
4499290
4499320
4499350
4499530
4499560
4499590
4499650
4499680
4499710
4499740
4499770
4499800
4499830
4499860
4499890
4499920
4499950
4500010
4500040
4500100
4500130
4500160
4500190
4500220
4500250
4500280
4500940
4501030
4501060
4501150
4501180
4501210
4501240
4501270
4501300
4501330
4501360
4501390
4501420
4501480
4501510
4501540
4501570
4501600
4501630
4501660
4501690
4501720
4501750
4501780
4501840
4501870
4501900
4501930
4501960
4501990
4502020
4502050
4502080
4502110
4502140
4502200
4502230
4502260
4502290
4502320
4502380
4502440
4502470
4502500
4502560
4502590
4502620
4502650
4502680
4502710
4502740
4502770
4502800
4502830
4502860
4502920
4502950
4502980
4503010
4503040
4503070
4503100
4503130
4503160
4503190
4503220
4503280
4503310
4503340
4503370
4503400
4503430
4503460
4503490
4503520
4503550
4503580
4503640
4503670
4503700
4503730
4503760
4503790
4503820
4503850
4503880
4503910
4503940
4504000
4504030
4504060
4504090
4504120
4504150
4504180
4504210
4504240
4504270
4504300
4504360
4504390
4504420
4504450
4504480
4504510
4504540
4504570
4504600
4504630
4504660
4504720
4504750
4504780
4504810
4504840
4504870
4504900
4504930
4504960
4504990
4505020
4505080
4505110
4505140
4505170
4505200
4505230
4505950
4505980
4506010
4506070
4506100
4506130
4506190
4506220
4506310
4506340
4506370
4506400
4506430
4506490
4506520
