2373821
0218841
3306132
0200841
1236312
4343002
2272242
3315312
3359563
4046503
2291393
4291911
4297971
2270742
1224503
4288791
2288483
3314472
3369133
4500130
3415161
1287990
1286550
4056313
4490890
4341322
3301392
4051153
3353593
1255452
3379633
2358491
3423831
2359631
1150321
0200121
2287752
4312221
1210493
0062190
0182722
3425541
1210853
1251522
4052113
3356863
4309581
1129441
3354943
0154463
3379783
1212743
0155273
3414021
2288742
2347691
1232682
4342522
2288423
3420231
4285221
3364423
3313002
3423891
1232712
0223311
3364213
4496710
1218803
4352632
2275842
4292601
4293291
3421611
2297603
0182122
3368083
2290883
2298203
4297011
3361573
2374631
4349992
4302171
3303702
3424240
4299771
3373603
1231332
4336912
0078330
1212113
4292511
0189082
1213433
0175822
2287962
4353292
1249152
3415371
1250652
3430221
4307571
1215053
1130431
2287392
2342640
2375411
1237002
3416901
0154763
0212751
4303191
3363343
3356503
0146093
4344232
1255632
4287801
2290362
3410991
1126021
4302951
2275703
2290073
0215211
1242282
1129801
1249812
0077790
3429651
3424941
1129621
3421641
3434871
1226963
3419980
0144563
3314502
3370423
4353022
4041763
2353421
3307962
1257102
2361071
3421720
4059823
2268852
4058443
0155213
4291791
1124821
3358543
0223341
2358161
2375501
3419841
3326142
4301301
4341352
1232772
1221473
2360981
4337122
2367191
4294671
0199881
2333640
4480720
2296613
4284021
0184762
4340482
4302021
1228043
3318852
2285922
4350562
3357013
2269362
3323592
4296771
2351141
1251402
4289001
4294821
3317562
1210013
4040893
3360493
0177532
4494880
4058803
4311861
0178312
2293962
0191452
2280522
4340212
2290553
4309791
3424311
2368691
1129141
2269242
4307391
1278570
3415461
3373333
1141981
2356421
3373363
0061200
4045243
3379183
0150413
2290182
1247502
4042663
0074280
3318222
2292563
4306971
4294551
1231482
3359113
0177832
1250682
2278313
2285262
2288802
3415401
2362391
2282123
1250922
2270712
3359833
4362412
3417591
4044403
2290643
1252542
0191572
1223693
4498060
4048003
4052683
3323412
1224023
4497640
2281613
3369643
1142011
1211003
2291352
1276470
3310092
3427611
1230773
2350440
1232352
4489390
0132293
4307511
2370041
3426741
3361663
1229723
1250322
1244802
1246002
2347901
2360681
1250532
1233282
4498600
1252272
2289263
4354972
3321702
2301203
4361662
3421600
4039153
1226783
3316212
0200811
3321552
0200002
2285183
4051063
0179092
2278493
3425241
1226933
1207313
4044583
4035613
3324192
4284681
1222493
1234482
1252692
2358521
4293951
0139553
0153713
0154403
2281433
2351430
1243392
0144173
4362382
4046083
2356811
3315522
2278703
4285071
1217213
3354043
0143993
2351280
4308621
4350622
0201021
2355701
1211483
1257222
1233173
4310121
2368361
3316662
1130161
1125781
1210763
1237572
1233372
1227863
0221061
0189052
2281943
0131543
3373243
1129591
1222883
1125211
4349092
4037263
4496560
2277012
3404980
2368211
4498450
4344082
1223003
2351861
2275362
3301722
4053343
4041103
2356661
2333850
0077760
4355302
1229543
3360253
3303942
2294082
4355662
2355971
3312012
2370131
0226221
1252392
2302343
1239252
4039393
0187612
4300851
4303491
0077670
3353773
4047793
0077850
4036543
2290662
0140843
0202012
1245852
3358843
3416571
3435141
3419871
4339042
2286762
4036453
3327642
3322752
2269152
3307662
0062130
1149721
2275422
3419151
1244352
2353571
1209893
1149571
2347451
3363943
1226753
3356893
3418821
0176212
1136971
1284300
4298451
1233042
2347800
3308292
3432441
4292751
1244622
4360252
1211573
4301931
4038883
4299741
4361122
2272992
2297753
1250712
4302111
3432951
4489840
2296013
3303912
2281253
3303432
4505890
2355461
3434931
3368653
2280953
0154313
4055743
4304421
0154853
3353983
4305741
3415881
2374541
3314412
4039093
2360051
2352611
2297333
0064770
4303821
1210073
1240332
3366463
2278043
4298691
4491430
4305021
3324012
3310242
3324282
2269842
2333280
3359953
4052353
0212451
4046173
3379603
4307451
3369103
2285112
4293201
4285041
4043503
1287150
2285382
3427881
3429291
0191212
1208963
3424131
1251132
3363553
3423760
2300783
2281403
2348171
1230143
1149511
4307631
3434691
1247442
3354463
3308022
2296463
2359871
1126501
2362781
1130341
2327730
1288080
4292421
0193912
1217783
4043683
4056013
4488190
3314772
0137663
3307542
3313722
1130191
1227113
1211153
1143631
3411591
3426861
3356593
4298661
1246392
2357471
3301872
1255242
0180442
1224803
4307691
4351972
1223843
2272482
3376633
0204201
0184882
2348261
4303731
4302261
4292301
4300341
4295901
3426081
3357103
0195352
1212143
3316272
3353323
3359383
4296261
1231452
2356781
3310962
3421581
1134541
1245672
2351291
4496800
2290272
2331120
1287750
4302891
2284793
2287572
2354081
0181672
2348441
1253412
4053403
4036153
1243572
0187882
0223401
3430071
1278300
3420880
2278583
1250442
1146421
4056283
4291701
1244712
3422511
0192802
3428391
3327222
3375043
3319152
1132411
2291622
3419301
0144623
1233882
2368481
3323292
1240692
1227953
1138171
2279933
1224173
2275812
3304752
2290523
2359691
3414831
2368661
2267802
0202762
2298233
2276592
2350901
0192292
4352602
2273292
3363193
4059973
2371871
2354831
4347382
3414891
3363733
4338652
4307961
3357553
1223753
3355453
3360673
4344142
1257132
4047133
0212781
3354253
4489750
3426561
4354372
2271162
2291652
2358041
2350350
3417621
1238172
2302823
1209863
3361873
4038823
1229003
4304901
2273082
1129741
1245972
3372643
4051993
3301992
3352723
4046113
4037533
2362841
4285761
2375171
1235862
4293741
4045003
3355123
3364783
4348942
4300491
2359511
3427431
0178942
2352240
4342672
1215023
2278823
0145913
1230263
1231242
4283751
2280863
3358453
2365031
1222793
4360012
4037413
3302022
1278480
2375051
4359982
2373551
1246812
2370101
4305111
2351801
3413301
1218083
1249632
0201412
3361213
4303131
3359503
2351400
3318072
2365391
1126591
2281512
4297551
0227931
4053883
0201051
3426711
0212661
3424731
4036873
2284692
1237032
4056613
2291742
3328092
3426171
4348912
0145043
2357711
2357741
2271342
1150021
1239312
3429261
3304002
0155423
2283563
2284812
2292972
2281092
2285543
2294483
4360042
4298991
3379333
3415971
1257372
2280833
3361753
3429711
2270802
4302501
1211873
1149331
4488520
4480870
3315192
1247742
4361812
2368991
3301692
4307931
3306612
2286702
4060033
4491400
1209053
2291382
3405310
4356502
2357501
4357852
0154673
1125601
0145793
3427821
3304362
2284392
4041973
1245792
4342732
2288082
0069420
2359811
1279830
2373791
4337002
4050913
2327760
2291333
2291832
1235772
3360643
2350961
3356563
0188512
1230683
4047763
2349960
2355611
1148071
1229513
4289091
3304482
4308861
3327612
4056073
1276770
1230593
1231632
3424581
3374923
2298833
3305742
3432321
4349812
3424191
2277383
2348190
0181762
1254822
3409731
2269422
0200931
0192412
0199912
2329530
4051003
1237752
3361153
3358213
2273922
4284051
4311561
2330220
4050553
1124521
4048993
0144893
0153413
4305351
4342402
4307001
3426531
4044763
1246032
1140601
2284103
4307151
0078690
2291982
3406330
3326622
2273352
3318552
2285003
3424161
1249512
4297581
4346812
3310542
3410841
2287632
0221661
4311441
4056583
0178102
0220821
3319692
2283383
0204171
0144293
3324312
1280160
4297221
4051093
3425601
2293092
4291071
2273832
2284842
2356331
2275452
2271612
1212983
1257342
2373341
4342912
0202372
4362172
3357643
3374683
0061740
3314862
2292342
3328302
2296223
3365623
2293872
1150891
4301031
2362451
3416871
3360433
0196102
2277042
4348792
0144323
0144833
4483720
4288761
2359961
4298151
1280550
4310541
4342312
2281152
1229963
1231152
0061980
4308051
0202222
1129231
2368811
4042213
3360403
1148131
4349272
4303791
1286580
4340572
3426321
2355581
1207433
4347352
3314832
2369951
4300191
1210733
2280222
2344530
2354741
2268612
4350292
2281122
4293021
2347571
3301632
4353982
1240632
2290493
3361723
3358333
3303042
4298241
3358873
4052023
0188482
2277102
3321762
4498720
3306462
4051303
4042303
4050193
4483660
0202162
3306222
4310211
4313691
3316572
3354103
3365293
2272392
2297573
4344652
4343902
2269752
3359893
2358791
4298871
1239222
1130071
2282483
0219981
2290703
3309882
3416691
0133883
3411471
0202912
4350592
1256802
1227623
0184942
2293782
4499530
1224563
3415311
3359053
1233522
4047163
4060063
4342942
1129651
3432741
1234782
4309341
1230653
3365593
0219141
3428631
0200751
4302921
2348040
4307871
2288813
4340362
2365781
1138021
1246422
1222553
2269452
2354891
3424401
3307722
2347361
1247232
1247172
4489660
2356871
3419271
1239102
3301842
4309851
3364033
4045123
4295091
3356773
3430131
2295923
0154043
1149871
4298631
0216381
3429381
1137301
2302763
3364573
2279633
3435321
0191392
3364453
1144351
1150741
3423921
4050223
2374721
0190162
1256922
2276273
4353952
0191872
3428301
0077640
4293141
2281883
2285633
1218353
3315372
3419811
1236732
4352692
0228021
4355752
1242342
4294971
4299201
0154793
2373371
3309132
2358911
4312791
2279843
4482190
2373401
2291063
4499800
1257042
4494310
1227353
1276500
2357381
3367843
3358483
2347991
1251012
4295751
4480840
4301751
0186682
4295991
3432471
1213403
2333100
4283871
4297521
1287660
2291273
2355071
4496620
3364093
2375021
3315012
4297041
3414471
4301061
3309762
4310421
1287900
2369021
1284930
3415281
4492960
2285172
3420220
1255662
4300101
2329560
1138321
3422151
0195922
2347301
4054033
4356382
4307991
1124851
4361362
3323172
0073440
3376333
4347232
2271282
1217963
4284411
4285011
3316782
2351850
4306911
4283901
1228343
4294371
1222073
2291292
3364963
4059943
0176602
3322032
2348531
3353623
4298601
3361543
3309792
4362322
4284201
0185242
0192532
2370011
4494670
3368323
2281182
4494640
2288892
4483900
1146361
4052413
0077490
4350082
3422331
4354492
3379363
0218301
2289012
1241922
4353862
4059103
4309671
0187972
1208933
4299261
3364753
4310361
3357493
1213463
4294071
4356352
1235142
4302651
2267832
1208363
1228973
0215541
3367723
2362871
4350052
3357283
1124461
3434331
4349662
1246122
2269962
3423171
2284283
1224353
4058413
0145493
3322782
2285742
3305922
1252062
4049053
3305652
1292340
3303462
4308981
1240872
1219133
2361041
3313392
4053613
0152933
4292271
3306042
0154703
2293032
1237422
2347661
3328512
2297993
1142941
0201532
1249242
0213681
4310331
4059493
2347871
3303522
4362952
0202642
1286730
4340902
1224593
1252122
0058980
3408220
4285791
4292211
1247202
1126681
2268222
3312312
3355093
2359421
4036243
3423471
0144263
2343030
2281392
4310991
3426051
2375711
0069480
0215841
3417411
1210043
3304662
1218893
3426831
3327972
4340662
2267742
0190192
1241262
2291963
1276380
3424791
4057513
3317322
3405340
1133251
2368841
3426760
4337362
2357801
3368353
2289072
4284471
1217723
4036483
3373393
4059523
1242042
2350031
2284973
2294393
2274522
3422481
2288273
2268282
3416991
2350721
3355333
0195262
2370431
1207553
4047883
4042693
4039483
4297731
2282712
3360343
3419721
2362031
1133311
3368623
2275613
0200152
3317772
2348411
3365713
2268762
2367251
0153113
3358243
4047613
2281793
4353142
2292372
2352731
3310032
2348160
4498390
3326592
4359262
4495510
0212871
4500040
3366193
3373633
4360972
3304392
1131751
3304332
2287722
4295781
0216561
2358701
2272092
1233642
1232112
0140603
4309221
1211033
3419091
1276740
2353301
2350950
2367911
3355543
1213613
4047523
4353202
1231782
2293992
0216621
3365023
2302463
3367453
4036843
3308382
2269692
0076890
4299321
0069450
4283991
1295100
1250952
2282892
1234332
3361483
2271702
4346842
4346482
4046983
3368503
2357531
1278600
3430191
4296921
4345282
1228073
3318312
3420130
4298841
4052593
4059553
4053493
1210163
2281422
4497670
2330400
2282453
4499830
4352512
1287570
0216471
0061920
2297063
3410781
4050613
4284921
4497070
3360823
0177922
1233612
4303551
3310872
1231133
4356772
2281283
0214941
2281523
1147771
2291442
4294011
0154163
4306791
3352663
3313872
4292691
3426501
2283353
4337572
4308381
2297213
4304511
2352641
1239642
1239432
4292961
1212473
1208093
4338952
3314892
1241382
3356473
3428031
3417981
2369771
2352761
3364933
2285303
3411381
4337512
4347622
3410661
3411741
2301923
0220791
2368091
1255842
4041163
2357111
2297363
1210703
4299291
4059283
3421450
0201472
3432891
4311201
1234842
3411531
2281223
2277803
1224473
3429321
1138561
1287510
4347052
4302291
2354801
2365661
3317292
3373273
4349632
2352851
4297821
2352311
3404410
2291412
4051603
2289833
1239942
4360672
1144261
2376071
4307361
0216321
4356682
2352491
2360171
3321912
4039813
3366163
3434841
4294191
4356322
3314142
4309521
1234572
2353331
2271582
3353953
2278193
4291131
1247592
1243542
0196072
3322092
4043743
4313871
0194122
4297851
4296231
4356622
2298953
4056133
1228103
1246632
3424851
4490860
4042033
4355362
0189142
3425871
2349210
3321372
1126861
1251702
4496860
1232892
1244172
2271372
1232843
3327402
3303402
4480990
1232322
4362562
3369433
2285022
2290733
0065130
0221001
3411291
2291543
1149811
1208543
3357913
2268072
0188452
4292991
4300971
2349300
1149391
4310811
4347652
2345400
0179242
1151011
2369801
4361062
1257762
3420250
2285603
4311501
4489420
2360411
3312612
2371841
1208153
1232652
1210583
4350232
3322272
3429051
1251342
1125091
3316422
1256682
2370761
3356203
2301863
4295361
3374413
3379663
1232502
1143481
3316122
2275643
0218361
2272062
0215121
1208453
2369591
3414591
2365751
1151881
4354882
3311502
4037203
1252512
4311741
0203002
1211513
1232292
1125841
4496890
3415791
4051573
2288333
0189592
2279303
0079950
0222231
4313121
2292252
4287621
4344532
4341952
2362511
1229873
4355242
2329230
4355722
2330310
2374331
2371811
4303911
2270112
1222403
1132531
1211753
4296981
3352753
3315642
2351891
4304961
3305682
3327312
3303732
3353413
2272422
3319602
0188242
4355182
2268162
3363133
2351201
4353262
2375531
4291641
3375163
4041913
2360441
4361872
2272212
4336882
2297303
2275182
2331510
4340182
4361602
4312161
4054003
4309821
3326232
0192742
3355423
0222441
2361911
3358933
4337722
1213073
2355101
4292121
1256742
3304602
0154433
4285731
3356653
1246692
4294461
1208273
1132921
0192472
2282033
2279783
4298541
3428331
3356833
2331270
4359322
0140093
1241652
4362112
4309431
4353892
2344860
2369621
4048843
3356353
4312191
2362301
3353803
4305771
4360792
3419860
1230203
3425481
2283593
3313092
4360582
2352371
1132951
4304721
3428961
4042993
4284981
4284951
2288772
3420291
4044793
3415821
3372883
1289310
4311621
4305321
4043173
2362601
4488340
4505380
2279093
0187492
4494400
3423291
4056463
1235922
2333760
1150591
1150501
4046473
2358101
3353443
4313061
4309311
2291303
4052173
4350532
4057993
2287902
2271462
4303341
3319752
3353833
2358941
4044103
3305202
4360522
4283001
4042903
1125511
1243002
2283012
3416511
3428151
1137421
3352783
2277143
2301893
4296831
4310901
2374301
4354282
1211663
4038073
4044973
0152753
0178132
2344830
3317232
4039573
1234902
2368061
2298803
3411981
1228883
3327522
3356803
2282273
4283061
1210283
4496770
3364063
3322242
3326742
2282802
0143783
3419770
3429831
3369613
4047103
0220941
3425451
2268972
4302561
2351070
1234992
4292031
4286271
4295001
2295713
4496590
2285472
4058863
3352843
4036663
4056253
1246482
1252092
2288843
4361752
4042963
2296493
3362923
3358063
0226101
0215391
0058710
2375441
1149841
3317922
4305261
2331870
2274492
0177562
2371451
0056850
0187342
4038673
2366741
2294993
3310602
1149481
4303611
3314262
3423790
4347112
2271252
4295031
1217603
3422661
4053943
1276680
2280822
3320172
0176902
2344800
1243842
4299381
3416481
3354703
1125391
2365061
4309701
1241412
2275542
2281073
1235982
3304632
3410751
2331390
1251222
2292353
4346782
3423351
3405370
4047343
1245612
4295691
3363493
3435111
4296651
2294873
1224953
2269482
2278223
2353451
4349902
4036603
4497400
4284141
1144231
4055893
3417891
4356652
3357403
4291491
2272962
1237092
2289162
4044703
3359923
3367663
3363643
1287630
1241982
4312731
4037863
0177772
3310842
1218263
2349570
2272932
3415191
1147411
4480780
1241952
3426261
4051963
1285950
4358812
4308171
0061320
1132831
4292631
4340932
4488460
1225433
0189322
3361633
3409761
3402490
2297933
4296321
3417471
3424371
4051813
2352581
2367161
0188662
0198532
3427671
0145313
0059010
4300311
3304902
4491460
2275482
3361813
0077550
4498300
4499890
4357792
1137871
2291592
1246272
3421240
4499920
1235802
3419061
4047583
2360471
3424611
1252962
1253172
3425301
3360373
2281583
4296801
0213741
4304361
2279333
4303221
3319242
4042333
2375081
4339072
0144503
0228111
1280520
0191602
4344292
3425061
3416541
3366073
2274012
1231392
4309131
1241622
4354222
2329110
2291022
0145523
2367371
2292282
4480810
1137841
4489780
1241742
0077460
2274402
3427311
1286640
1150921
1278660
1249362
1131481
1149751
0222291
3318282
4284591
1235172
3402040
1228493
0193162
1240452
3363163
4284081
4053433
4056373
2271732
2357831
3357343
3427791
0144203
4041133
1235892
4304691
4355032
4057783
2344620
3430161
0200871
1285830
3323622
2375111
4344562
4037443
4284621
4056793
3422271
2272602
2352120
4301181
2358191
4041613
4305411
4037053
0179482
4337662
2279243
3306702
4295301
4039753
3365653
0214761
2283042
1231902
0145433
1147651
3426021
3424570
3355663
4050163
4491910
3315162
1150291
3368713
2362241
4294731
1217993
3414921
3415521
4295571
2365601
2371691
0153683
3354643
0212631
2359661
1137511
3379243
4050523
3424390
3354853
1238742
2365541
3420610
4291371
4299921
4338562
4302441
4304151
4035283
0189772
3367873
3373573
3355063
2269812
3365563
4362592
3425991
4036303
2286852
0061230
2276843
4499710
0191932
3428511
1251672
3423621
3323982
2296883
2295893
3354553
4299711
2285273
4051633
2284992
4293801
3314922
1208123
3357673
3432771
1150981
0192862
3417651
2347271
2285423
4311591
2276142
2281362
1126261
3420760
0212541
4042783
2269542
3315462
2369921
3420850
2358221
3424881
3323142
2273982
1149781
4361542
4349212
4295721
2292623
4339012
4053973
4287171
2284362
2285652
3303882
1246602
2374991
1218383
2347481
3411651
1236702
3420400
4309011
3352813
4043653
2278673
1252602
3429951
0202522
2302793
2279063
1231692
2301473
1249872
3328242
2368541
2287062
4303641
2291633
2357141
0176872
4494340
3360223
4312401
2333130
3355603
4308081
2349810
0145673
3421420
3301662
1273410
0141383
2369351
4292151
3304842
4043773
4360102
4053313
1288710
3354373
4310241
3306372
3357823
2291532
3357463
3312282
4293111
4285161
2280252
3319842
3356953
2278553
1231962
2277203
4340962
4059073
2287092
4293381
4312011
0203032
3316722
0144713
2333220
3368983
3361183
2290692
3374863
4343812
1219013
2279393
4058143
1149691
1246242
3316452
0218931
2288442
3427641
4354012
4301691
2279603
0187522
2344500
4495090
0194482
1243482
1146451
2296133
1250982
1131811
4312551
3354823
3367693
2288712
0176932
4303071
0154643
2302073
2298983
3326862
0212961
4359952
3360043
3324372
0199941
2282532
3374653
0153533
1222913
1129771
3310812
0181642
2296343
2356301
4047913
2288633
4301781
4302591
4044373
2287542
1234062
1236552
2284782
4294131
3422871
4298421
1277610
0187582
4489600
0178732
4361422
3321822
1150771
4361512
2280312
2278463
3363463
1241862
1237842
4300461
0144353
3353263
2351010
2360501
2283773
4289151
4303431
1218713
1229063
1209593
4353172
2351340
4359742
1137241
1246512
3414201
0061680
1286700
3353743
1256862
0140963
1208663
1137211
3423651
0177892
3311892
3369703
0216591
2299043
3424251
2293002
4038523
1229153
1211393
0154013
3303192
1137391
2283293
4360882
3423850
3424480
4354462
3363103
3376423
1224623
2282393
1227563
1224143
1138351
2280972
3318132
3353383
3305442
2285202
2284452
1288050
2330280
2348231
2347740
1241142
2354981
0154553
4347412
1213223
3315882
2375561
4500010
4045903
4360852
4311801
3315402
1238652
4496680
3428691
3420550
2362091
0218421
4042603
3406450
4035643
2271102
1296300
1208423
3311322
4497760
3315342
2296313
3322452
3416361
4295121
3317202
4340092
0078300
4305711
2369561
2372861
0215871
1126561
4347442
1224533
2300753
3369043
0216531
0140063
1248672
2348081
2343000
4311411
4362022
4043563
2268732
3304032
4058323
0136793
3374953
0076950
0192232
3424300
2289852
1125571
3305052
2292042
3432681
4354942
3405250
3413811
1239582
3361333
1242312
4309191
2332020
4050493
3326472
2358011
3363253
2369321
3375403
3313692
4295241
0219801
3428481
2350781
1223783
3426411
4305171
2369681
4298901
1233852
3310662
1210823
0178792
3375553
1242222
2289792
0199462
4295931
4353322
3416151
2271432
2283162
4302141
0154493
2351741
1211423
2375801
2279513
4036513
3323922
2291513
0145373
4352962
4292061
3358723
1250352
0202132
0180982
3353563
3365443
4302711
0146033
4336732
0188782
4496980
2374571
2365421
2297813
4505740
2369291
3359683
3411561
2351790
3304452
0078420
3324252
2267412
3375013
2285243
3425781
2269632
3368863
3316632
2345340
4035373
3426471
4299651
4303971
4291881
2290763
4355332
4307241
4343842
3359593
0219171
3318402
0146213
3417741
2347931
3426951
4362502
1244562
3367933
3369253
1222733
4286241
1208483
2357021
2361131
3353893
2354951
3359773
1236972
4047043
4350202
4040323
2356511
0199192
4057483
3304092
2287452
0078570
1151251
2362811
3301782
3410241
1245102
1255482
2352341
4343752
1147831
0155393
2291123
4350022
2353091
2290962
4045603
4040203
0178762
1126111
4359142
0195292
3416391
2368901
4300131
2277263
2290133
0221691
2355941
4300011
3301512
1242072
2358851
4289061
4489870
4309161
4041193
3304422
1227473
2291693
1150411
0145553
4044313
4359892
4360762
0214581
4036693
2285363
3303642
4288911
3428121
2345490
3417381
1235952
1147471
2362751
2280803
4310271
1243752
0221031
2358131
2283102
1244682
4044043
4300611
0194362
0062010
4307121
3326082
4303251
3434991
3435051
4342012
1133401
4353922
3423081
4039783
1215083
0191422
4295391
4291431
0228321
2347710
2360321
3324102
1242432
1217933
3404770
3318252
1296780
2353961
0078450
1232382
1237812
4293081
3366103
4050373
1218863
1236432
3312372
4311891
1208903
4302801
0145013
0073380
1241892
4042543
3322662
3426231
0202462
3354883
4352482
4312071
0214791
2267982
3369313
3326832
4311111
2374421
3358963
2375951
1236492
3433071
0212181
1252032
4361212
4291671
2291712
4035253
0153473
2277323
0143453
1292370
4483870
3426790
1246182
3402520
1246962
1218593
4058683
3423561
2301683
3316332
3326652
2365241
4356862
1233012
0189442
2269782
2348130
2351021
3354763
4340152
3429111
3416841
1231223
0061380
1218503
1292400
2347511
2280432
1129381
0212691
3304242
0199911
4356442
4292661
2269392
2275662
1233732
2275602
1255362
3315942
3305022
2270352
2360261
4298511
3426771
3363853
1137991
1224113
0195172
2370701
4039423
2357261
4052383
3367783
1228793
4344472
1288020
0189532
3315822
2278643
1129561
3427660
2301773
4037383
1211093
4337482
2299613
2359541
3375223
2291423
2362061
1137571
3364813
0194182
1277760
3353053
2367221
1251372
2271132
2373911
3419181
3315222
1237302
1232232
3313422
3310932
1232172
2289042
4309251
3321972
4287591
2349240
3426981
1287240
1287930
4288041
0191332
2283743
1252752
3367903
3423861
2277473
4040983
4499680
0145583
3354133
1235742
1229933
1246722
4048933
3319992
1251102
3324522
2362571
0153443
4056193
1241772
3317862
1217663
1287780
0061770
1231103
3367573
2296553
1213103
1209233
0146273
4497190
4362082
2284422
0182002
2361011
2356391
2359181
3316752
0177742
3323832
3305592
3353293
1247142
1149601
2283803
3313632
3426921
4035343
2290722
2351171
3414081
4336762
2362481
4353442
3426681
2355341
4044883
4294611
4301721
4506970
2344770
2344560
1230023
3311232
1287540
4285311
1147711
2288142
4301481
2280893
1212953
3354733
1282500
4357942
2267292
1250382
4045543
1218173
2373491
2373071
2289893
2283072
3301422
4360132
4349002
4058293
1218233
2373041
4284651
4304631
4294431
4053853
3423051
1229183
4291761
2281482
3319392
3418851
4301001
4058773
2302643
4037143
3319182
4040293
2291052
2290403
4361332
1239162
3402640
0137903
2291322
0144443
1133341
1141951
2277503
2273742
3374773
4352722
3416241
3317532
4506880
4058023
3311922
1234932
1223963
1137931
4045153
2278943
3425721
1144321
2289102
3304992
3305472
3315912
1255422
0077610
4341232
4052143
4051393
4352842
2290013
4298031
2359061
4360192
4059883
1227413
4491850
4362262
2292192
2297003
1126741
4308771
3302262
4340602
0202192
4036183
4489330
3368023
0193042
1130281
2344470
1209173
3356143
2362151
4354852
3423741
1222673
1210433
4494610
1209713
3366133
2289192
3356413
1250562
4046263
2359721
4292931
2371721
1287720
4298331
0188602
2298893
2270952
4488430
1130461
1151671
2290943
2369051
3363523
1149661
2370401
2285442
4294491
2282243
2348351
1234542
4302831
4340452
3410721
2291772
0179422
3317892
2296103
4498630
3406510
2284193
0132053
4355572
3414981
1253382
2291603
1248702
1235562
3428061
4313901
0129503
4349512
3355303
1124641
0143813
4346632
1142911
3428991
4299831
3322482
4306851
2351250
1147741
1245912
1133281
4341112
2270262
4035673
1223993
3321132
3313332
3423591
2271642
2267562
3430311
2281452
4039993
1244232
4298781
1147981
1233132
4050643
4302381
1233792
3410331
3323202
2295773
1131841
2349431
3311052
2292323
3328062
2359571
3314562
4346932
2355791
4304571
0193252
1233672
4043113
2357771
3366373
4037293
2291753
0188692
4483780
0212511
2273022
0216171
3358573
4352902
2290163
0186652
2282742
0212841
2375261
0061290
0212211
2269092
2279273
4052533
2269902
0219471
1246842
3376453
1233252
2276502
0192772
2347151
4355092
4053283
4302471
3421671
4296351
2369111
4358782
2270232
2268132
2277252
3328272
3360133
2275152
1126651
4500100
2271012
4298571
1280100
4498270
0139943
3315042
1285710
3367603
4039273
4296441
2281133
2284343
3420340
2284182
1234752
1279710
1229603
4046413
0141233
4349062
1224233
4039603
3319482
0195442
1236762
1239762
2272572
2275523
3423981
4298931
3432831
2279693
1213523
2360141
1138111
2348051
4345972
3319362
3361363
2375681
3359263
2280462
1278450
0221961
3313752
1287810
4340542
2333910
1132471
3414711
2290283
0153203
4306761
2291093
4354072
2368121
1232532
3374833
4044013
1285740
2369411
1143121
0215631
1223663
2277113
3425511
3363703
1229633
4038703
1232213
3421630
4307811
0078960
3327852
0061410
3424450
0185032
2353511
4293531
1125451
1257642
3373963
3427221
2291183
4349572
1242132
4040113
1211903
1232273
2279033
4361032
4338892
3311442
2288183
3358813
3435381
2297153
1217303
3419931
2333700
4359022
1277490
0155183
0228081
3327132
4299501
2372981
3317412
4040443
0186742
0153293
4354042
4040833
4046533
3327462
1153561
3432981
4355632
2289222
3302142
0192082
4296471
3311802
2285333
3369013
0177112
4300251
1229993
2291562
1217483
4296621
1147861
4043863
1124731
4360312
0188872
2362331
3414051
3432591
0131603
1241232
4302981
3353473
3314442
4294791
0175852
3315972
3355723
2288303
2348400
1232622
0065940
3425361
3314052
4056103
0191662
1243692
2371481
1245642
2373521
4360702
4047673
4050073
1211213
1129111
4342882
4042393
2344650
4345852
0061950
3428751
4295271
3415431
4299591
3429801
1224203
1278420
3368443
3315702
0153893
2288213
3303762
1128631
3367993
3379723
2285712
2362271
4305051
4349542
2342670
4283091
1209323
0145823
3314802
4500280
1209683
2355311
2370071
1230983
1252662
4362442
4296561
4300791
1211963
2348201
4309941
3429411
1226693
1222943
4360072
1236582
2285502
4056433
4297431
3369403
1125181
4036813
2279183
1243782
2364851
4306881
4052323
0074190
4052293
3374893
2371781
2356031
4051423
4496920
4298301
2293812
0184462
2331240
2278853
4036963
4297791
2283983
1240812
4050433
1247022
4288011
4035403
1137151
3321432
4058743
2370221
4357732
1296000
4305471
4042633
1143601
0222141
3312522
1125961
3426351
3319872
1251252
3301362
3355993
0078480
2302433
4343692
2284932
1233342
2346041
3379213
2295953
4303011
1282860
2355851
1270260
1150471
4300701
4042513
4038763
2296073
3304212
3402100
2287692
3322152
0191692
2361311
4355212
3353683
4300641
1253142
2271402
2362631
1246932
3368173
1233072
1147441
1239672
4352812
1149451
2275302
2297663
1211063
1218143
4053703
4057633
2355491
3415491
3354613
0176782
1276800
0176482
4058713
0216291
4303941
2365361
3324072
3363913
4038913
1229303
3307602
3303162
3319722
2285213
4293861
1250772
2284523
2297423
0146153
0195052
1230353
1143451
2279663
1252632
2327700
1231362
0152543
1257732
4051933
2285052
1250202
4300431
3302952
1125721
0191752
3416271
4356742
4310631
2290332
0065160
0152843
4308351
4303161
1234872
2296673
3423411
4359352
0215691
4056733
4284351
3354193
4043593
3307242
4360732
4300041
4497490
2360531
2285063
2267202
3434901
4299141
1248642
3363583
0144923
1279860
3423141
0191962
4042873
1227443
3363673
0215511
1210613
2281043
1239402
3323772
1218533
4296021
2356001
3421750
2271312
4345942
1238052
4297911
0064740
2360351
2358311
1208603
2270592
2351220
4302531
3379453
1207493
3321312
2290043
3355783
2275242
4303371
4355272
4342642
3315132
3368743
0078600
2267682
0145223
0212151
2288112
3301932
3430251
2274342
0145943
4298091
1254612
2291682
0155153
2284463
0187552
2288573
4495150
0192382
4047313
0154193
2273802
4302861
2283893
4036363
2375591
0214881
2367281
4345912
4296411
4310301
1137961
0154613
0153773
2275632
3303222
4041733
0180622
4305231
1222523
3313302
1249902
3425391
3327582
3309912
2358881
0142853
1209383
4352662
4361452
2280372
2291663
3417801
3322542
4342432
3411411
4042573
3363073
1229273
1126621
3326172
4342342
4305831
0219441
2285513
4505860
4293651
4287951
4498570
2272362
4299981
1293360
4362142
0131513
4041073
3307992
2283683
4289181
2331810
2302373
3373873
3319542
1236342
0200001
2359121
4292721
3357223
3413931
3361513
4488220
4494700
2284733
3424911
1249782
1132801
2350751
4041883
3421660
2353631
1236522
4292091
4308921
2368961
2342790
3364273
1222103
1228673
4337902
1240362
4040803
3301812
1243812
4046143
1236642
2365331
3435351
4047973
3365353
3402250
3368893
1234692
3317802
3368923
4301391
4360492
0191362
0061890
4040053
3356323
4038493
4310391
3352933
4310751
2354921
2331300
1234182
0149993
4357102
2362541
2292132
3359623
3359323
3358513
3424431
2331900
4291401
3322212
3356713
4291281
4045303
2365001
1126141
1222433
0078510
4299021
4311381
4349362
0199432
0145253
2269002
3317952
4050883
0188932
3425031
2270442
1150141
2267862
2360801
1257582
3305082
3321642
1125751
2273172
4293891
2355731
4354342
4293591
3306582
4361572
4307721
4356802
4287981
4358962
2302853
3358393
1144141
2288652
1150531
0204081
4302351
2374961
1257852
3422601
4289121
3419121
0223371
4303461
3353533
3310572
2353391
1211603
3305112
3321462
1232952
3353863
2299013
4294311
4308441
4052503
3417951
1232742
0187642
0149873
0212571
1250052
1287330
4357132
2333190
3303492
4041673
0219201
3320262
3304572
1233462
1132561
2268702
2358671
4347472
2285292
4050133
3427941
4043353
4057723
4300371
4310691
0187912
4284561
3353203
1227983
3359653
0154373
3416181
2272872
4494370
1250802
3302292
0140753
2284133
2282622
4356592
3305532
4047703
4300911
0193222
4307421
4308831
2352431
3358993
1150621
4040023
4288971
2283623
4310001
4291551
1280580
3423201
0064830
3368383
1130131
0078630
3420460
1150051
0188572
3355363
3303372
0155513
2277072
0199971
3312042
0153173
2362121
4338592
4051873
3435291
1127821
3416661
4051663
3305562
4059913
1280190
1213013
4044433
3402340
2282952
1253082
4350322
4051693
3428661
3326442
4307271
4296711
3426111
3322692
1124701
1295070
4289241
3327162
4297881
3352603
2297273
4338982
4311291
2297963
3373453
0189652
2289132
3314022
1285770
0228291
1251912
1149541
4047823
0149843
1277280
1209623
3322602
4301841
1233432
0202042
2355191
3373663
4293411
0183952
2284253
3357883
4349242
2347770
3435201
0215781
4300761
4053463
2292522
4041223
2349930
3324402
1229423
4349152
3359233
4311141
4041703
2282982
4295541
1249122
1222043
1147801
2330250
3414171
0077730
3373093
4337842
2290673
4495480
1235112
0081600
2271762
1230563
1244082
4496740
4293471
3427701
1251162
4296201
0189472
0062100
4304061
2342730
2281032
1249212
4343722
2285412
3434961
0154523
4302771
1276560
4292331
1245762
2298293
1239072
4488370
4337152
1246332
3317712
1280130
1257252
1293330
3312582
1229783
1228913
0191122
0131393
0219261
3363313
2270652
1150231
2367821
4340512
3422721
3422631
0220851
3425631
1232262
2345460
2282153
2375321
2289923
0216351
1150831
3374803
4497580
4498330
2350980
2270562
2279922
1256952
2272752
1251852
4059853
4347292
2374001
2270772
2274252
3369163
0178012
0202072
2290373
2351111
3303552
0195112
0221751
0061530
2281313
3413061
2293722
4058983
2369231
0144953
2269512
4341832
4047073
2292413
2366771
2283833
3316242
4035313
1208393
3306282
2348111
3355873
1209443
3320232
0193132
3420280
2371751
2291213
4340872
1243422
2348591
0192202
1210373
3430101
3411231
4341022
3373513
3354403
1282320
0078930
4057663
1144201
0191782
2289762
2360771
2372951
3306012
2296523
1147531
1218323
0192682
4301361
3360553
1246362
3314292
4042753
1254582
4340842
2357171
4361722
2350061
3401950
4040953
3360973
3356743
4295601
2348021
0186712
4297491
1233972
3302922
1247412
3311172
0199282
3323682
1125871
2293752
2287422
3359533
4500190
0153653
3310272
4500310
4305621
1227383
1239612
4288611
0202672
0202732
3327552
4338532
3418911
4342222
0184222
2284043
2292432
4300731
2331360
1236102
4352032
3358183
4491490
3303252
1232922
0130403
3313842
4312521
1282830
4039903
3423441
3374593
2291262
1223903
2357861
2285453
1218773
4043413
1236372
1237272
4292481
2276832
0178252
4300821
2284632
2285322
4488400
0061140
0177502
4493410
1237062
3360733
2347620
4293711
1137781
4483750
3311112
3360313
4050253
4341802
3427251
4342162
0079980
4494550
2291802
3310752
2358251
0221151
1209353
1250742
2288363
3354583
0069360
3367963
2374841
1240902
4283931
3428181
3316032
3421701
2366171
2366231
4497100
0215751
4292241
0192652
2357411
4347802
3423501
3357133
2373011
3427101
1247532
4039543
3317142
2359091
4352572
0058950
1252302
4302051
4311951
1286670
3306402
4308321
2351231
2278133
3314652
2275583
2297783
4304601
2373161
3328422
3356983
3306342
4349302
3305322
4056493
2369171
4036213
2302703
4353052
3427491
4043473
4301541
1126051
0078750
4309281
4036393
1148671
4356832
2358371
3368803
2352791
2358431
2293932
3401920
3328182
4041853
2330190
1137601
1150441
1278630
2284482
4337872
0228381
4055773
2267892
4352542
0194212
0154253
4308591
4360402
2370161
4053073
1227833
1218983
3364633
3366343
3353173
4041403
4363102
3316062
4309551
4042813
4310931
4040413
0215451
4303671
4312341
3421731
1217633
4047253
4039963
4296951
0221721
4053823
2291202
4311081
4043533
3413691
4036123
3364393
4057873
2364881
4293171
3424761
4046443
0155033
2273772
2359901
2297243
0187402
1151131
1210973
4310481
0177472
2282682
3410931
1222823
4288881
1236012
4293321
2351040
2280582
2351711
1149901
0061620
3355483
1276710
4346692
1222253
3425811
4344322
4036333
1226813
3363883
4045063
3434781
1147351
4305531
3427521
4498240
4499590
2281302
3315492
2291903
4059223
4505560
1234152
2278913
0192112
0200032
1147951
3368263
3419211
4309911
3306162
3357973
3353503
1247382
0184132
1124971
2290433
4359772
4051363
4304211
2298863
2278883
3427281
1247562
4310781
0185752
0154283
4355002
4042273
1214993
3411051
2356151
2298083
1224053
3402310
4307481
2273862
3429471
0145163
3427761
4336852
1237782
3319782
3364303
3327492
2368631
2369381
4355932
4291311
3360613
4360282
2357891
4488280
3355633
0193192
3424701
2296913
3423111
0187942
2296703
3361063
4490830
2287992
1285680
4311531
3368593
2296193
4059643
2296643
1219073
0200092
0177802
1257822
3311292
1224083
1227053
4297371
1222463
3416211
4295181
4301421
0062340
2374871
0144773
4295841
2281913
1231542
1219043
1257312
3419830
1276410
4045513
2352090
0215901
0197632
0178702
4352932
1128721
4051723
2352971
0069390
4312251
3303102
4357882
1218923
2298023
1228223
2292162
2285142
4300671
3363823
4297311
2268432
1250622
4040353
1218953
4295631
4297071
0223431
1211123
2272122
3358903
2289402
2373851
4057753
2301533
4307061
4358872
3428931
3328332
2347980
0154913
3429681
4035223
3326682
2355221
2278013
1224383
1271370
1218203
0062220
3428241
0198202
2296163
1232202
1217243
4056223
4046053
3328572
0176812
3375133
0178822
0188032
4305681
0215091
3427851
4035463
3307752
4300941
1287300
4304781
4301571
4340692
1282440
1138201
1132441
1253442
2298143
2296253
1246902
1227083
4045813
4340062
1143511
3354913
3405220
0222471
3374533
1210793
3421810
3427450
4488580
2279813
4285191
3314112
1242162
3323742
0192322
4299051
1244982
4348192
4347142
3354223
4042183
0184972
3364663
4308411
4047193
1240002
1129501
0193882
4045933
2369531
2343060
2289732
2373611
1137061
4312101
2355281
3411501
1244922
2290343
4058083
0228171
4301871
3312552
1151371
3427581
4043293
0200242
4052443
4312311
4041583
3358603
3429351
1230083
3319572
4497520
0192562
4310061
2291232
0202402
2277353
1229483
2273112
1277550
4292871
4058653
4360942
3305952
3435231
1124911
4340632
2333730
0218391
4301901
0145343
4284711
3426591
2272902
3305172
3360913
2292462
4340752
4305081
1242102
3428001
4307301
0064860
4347562
1228763
0221301
2352221
3361693
4498510
0188632
2279423
1254912
3311262
4356712
3373153
1249452
1125151
0146123
1211933
4296111
2292072
1246062
4043953
3318432
2362211
1150261
1137691
2268792
0144473
1212863
2368871
0153803
1227023
4046023
2284902
3354013
4498360
0153263
4353082
4036723
1253322
4343962
2278163
3316482
1222853
2290793
2299733
2282333
2288682
1208063
2284163
4350382
1229243
4291851
4297401
1250502
1239522
2279453
4295211
2366681
4305381
1239462
3358783
4340332
3319212
4291611
2347331
3418971
2285573
3415251
4310451
3326982
4356892
1284870
0062070
4294851
3413901
2355131
4354102
2279003
2349900
4308651
1212413
0187462
2361191
1279890
2352060
4050403
1212893
3420160
2276982
1287870
2292983
0188122
2374361
4053523
4051213
0129443
1244502
3422211
4346542
3328152
1224413
2276022
3406390
2351160
4305591
1125121
0212121
4343662
3322392
3323952
3318042
1243302
1230293
4053043
1250592
1212773
3364363
4338922
2291933
1150111
4493590
3357373
2374601
4358932
0203811
3415041
2353271
1210883
1277580
0076740
3302112
2298323
4497160
4284441
3365383
1217273
4300551
4035793
4313601
2358461
4349452
2366711
1210643
4296141
2297033
1137271
0182032
1277430
1138051
4350412
1235682
1125031
3359083
4499860
1236942
0214911
3304182
2295833
0147653
4046383
4300221
2301653
3408130
2281242
1209773
1150861
2296433
0195682
4293231
3355003
2300663
0226071
1211693
1232862
3428781
3327012
2356091
1212203
3357523
2343090
4287141
3379693
4291971
2292383
4349692
4302411
3313512
3304782
2369711
4060003
4361002
2356601
1217843
4301811
3410901
3311472
3416721
2374241
2290313
3322332
3414291
4291161
1210463
4362292
4042453
4342132
1140541
3410811
4481680
4040923
2295863
3402160
4288941
3357583
3322062
3303972
1234002
4058893
2349090
2275872
1250412
4037173
1143151
2355161
2350001
2360861
3379393
2370311
4293561
4489510
2347721
1287270
3360793
0140783
1232562
2269212
4058353
1285980
0144683
4312131
1218623
0201442
1230323
3406600
3315582
0189952
3361783
4038793
2359601
1244742
1229333
3368233
2353361
1234092
1151401
2369741
3313812
4044193
0216501
3327072
3424360
4059343
0186382
2275692
3374443
2281973
3423801
0191512
0188062
1129471
0212241
4294161
1229573
4357072
4499770
1252212
4039303
1249092
4313391
3318912
0202612
0194332
3419511
4050283
3375283
2302523
2284662
2351310
1228163
1279800
3414801
2333610
3316692
1129711
4312701
1250892
1245042
4051453
1237242
3364183
3414411
0219081
2294363
4491550
0219231
0155453
4344352
3323442
2360831
3422841
1129201
4307031
2277282
4042123
4309971
1234032
4349122
4043023
2276952
4480690
1222973
3364843
0215601
2360711
0140183
2290823
4042063
1125271
4311921
3363433
4494490
1239132
1292310
0069330
0067110
4494520
3417531
3416121
4059313
3301602
3316812
3368773
2331150
1239972
0192142
3321042
4052983
4305801
3423730
1234422
0154133
0214821
2280882
3423711
2371181
1228853
4303311
1230233
3327432
3427161
4291191
2279753
1211453
1207343
1132891
1250172
1209653
3415071
4297701
2330370
4041943
3323802
3408190
1240302
3355033
3426700
2351381
2269062
2279723
4301091
2267592
3317742
4344172
4344412
2360111
1239042
3416601
2273892
1144291
1209413
4308711
2281212
1129261
4298481
4056343
4299111
2331540
4313841
2280792
1212803
3311022
4043323
3418941
1210223
1244862
1133371
3364243
4057933
1137901
3308442
1252872
1125691
2355251
2351081
4304331
3432621
3420190
1211843
2356571
4349722
4348222
1247652
4348882
3355963
0190102
1280490
0140033
2351760
3429081
1233402
0194152
3408100
4360822
1254642
1232982
4043983
3304812
3414681
3357313
4287891
4304751
1229093
4489570
2268642
4482070
2360891
2353151
4035163
4311471
0215181
4039033
1235022
3428421
2347961
4362232
0155243
4295961
1126231
3312132
2368181
3314592
2284583
4350352
0191992
4349962
2357051
2375891
1277220
2301623
2352551
3323232
4049023
2283533
2274132
2284013
0143513
2297093
1219103
2269602
4357042
1227803
2352030
2269272
3314352
3319812
2272812
3355243
4301631
4295661
4359682
4360642
3321522
4294941
2276412
4293441
1217543
1233222
3366523
1249062
4287231
0179452
4493560
3328002
3425151
3310902
0181792
4490920
2287272
4058203
3311082
3315732
4052053
0065100
2353121
2331990
3410691
3415851
3319452
0061590
3360763
4309641
0200781
1213133
3355753
3317682
3379093
3402580
3414621
4291251
3318522
2297723
4293681
0153623
0145613
1251282
4294911
2374271
3306672
1254852
3419661
3360853
2369471
1228193
0194242
0212001
0211341
4347082
2277293
2277233
2331210
3379543
3422781
4293831
1227893
2281103
4312461
4301121
4050673
2284212
1150951
3429501
4309491
3379303
4050313
3306522
4299531
4489690
0069300
1231043
1277640
1241682
2291922
4304271
0188992
1239192
3307632
0200991
1254882
3429171
2273622
1277460
4313211
2270982
0218871
1285890
4355542
3311832
2354771
2374391
4295871
3316182
4044343
3313662
4358992
1232142
3324462
3424671
4336972
4297671
4362982
3425421
4035733
1239342
1239552
3311532
1208573
2356901
2347680
2359031
1240932
3414651
4337212
4304181
4337632
0195502
2352281
0219051
2353061
4305441
4039183
1229663
0146333
3327912
3405400
3424281
0140543
2356991
3328032
2273142
2284602
0153833
3406420
0188812
4301991
3353113
1292700
3419031
3423231
3402130
2345070
1226903
3319422
4297191
1218443
4310601
4313961
3314952
3312162
2360651
4058383
3323652
1144171
4361182
2352150
0200901
2282303
1256982
0201382
4498810
4348762
1248582
4299351
3318342
4347502
1232663
4283721
1245012
2281763
0228351
2302883
2280923
4358902
2275572
4300281
1138231
2375201
4344802
1226873
2362421
0204141
3429021
4309731
1235832
1212443
4294041
0145403
4338832
4299471
4048063
1229453
4038973
2291573
0153383
2272512
3413721
1287390
1150171
3424551
3428901
4303281
1252722
1211723
1209503
2352671
3369283
2353481
4297101
3414441
4299891
3421300
0139583
0154733
3429441
3361123
2348291
4357162
3410871
4296501
2350871
2270922
4299231
0221121
1126081
1231013
2284943
1276590
1233162
2352210
2331090
2282862
1237392
2271672
1130221
1223873
2296283
4057813
4058533
2352521
4360612
4361482
3424491
1252842
1240662
2351490
4337542
0177712
0195892
4291941
1227593
2282442
2290103
3360013
4480660
3308412
4497700
1255902
0154073
2281332
0153593
3425121
3357163
3352573
4349032
1270170
1211363
2297633
4313151
3355393
3318192
4303881
1125811
3432411
4350262
2278283
4305501
2297453
2288693
1235232
4295511
4354252
2364971
4347022
4045183
1282410
1218413
0223281
1207373
4341472
1236282
3368533
4307781
3321492
1129351
0203751
3301572
1218293
4284111
3435261
2358761
3435081
1129291
2292312
4310841
1211783
2270202
2355671
0061830
3373303
3305502
4344592
3425331
1212173
2370371
3365683
0153323
2287032
0144143
2268492
4312941
1251882
0199762
3419001
2328180
3366433
0155363
4353232
4056673
2290212
1217573
3412071
4307841
4296381
3355213
4297161
1214003
4338502
0189172
2276532
0061260
2291952
3374473
2353031
1250082
0214971
0144593
2346120
4489540
0228141
1150681
4052563
4355902
3365083
4298961
1288530
3419751
3321072
2362691
1246212
4044523
1276440
4354162
4354522
4313931
2280672
4308951
4039453
0188722
4297941
2282652
2366201
4491640
4039213
3425841
3313542
4297461
2288663
1276530
1218023
1229363
2287122
2369441
4345882
2271852
3309162
2281643
2284332
2274222
0146183
2352131
3317622
4049083
2290463
4296681
4498690
4304301
0221181
3327102
1231512
4046593
4352872
1224443
2269932
4041823
4342072
0202972
4292571
2284073
3306492
4041793
2281853
0195742
4039243
4055983
2272542
4050973
3317352
4044283
1231182
1241592
0129683
2269722
3420021
4298181
4299621
4036423
2297843
4309101
3369343
1245732
1125541
2367701
3429231
4291521
1287960
1226393
2282832
0215931
3368203
2375771
3435021
3352903
3422391
3373123
2272842
4035133
4292361
1251432
3420321
3423021
0144653
1222583
2351411
2282183
3312222
2361341
4361842
1148101
3416961
3423261
2270052
3427480
1253712
2359841
0214671
0212481
2301833
2291483
3321222
4037353
0185362
2276292
2281062
2288172
0212091
0138443
3313992
4294641
0212391
4357822
0184912
2284763
1251042
2368241
1246542
3425961
0189022
1210313
3365263
0155483
1225403
4051483
3360073
3424041
4499500
4346722
4340242
0057420
2359451
2271492
1236462
1241292
2357651
3358153
4304451
4311711
3360943
2284302
3414741
3317442
3352873
3432861
1236072
1130371
4040773
0228201
3419781
3310212
4338712
3321792
4347532
3422241
4312881
1212353
0192022
4499740
4052773
4361962
3367513
0177052
4349842
4494430
1257612
4294221
3305142
1254792
4308231
1251972
3425001
1227923
4294401
1244652
1229123
1285050
3327372
1211543
2329170
3321732
4056163
1218563
0131573
3416301
3322002
2280852
3327792
3356533
4293051
2344740
1211243
4506280
2281673
3356023
4043713
1208633
1230743
2292492
2355011
0189352
3368143
3356053
4288701
4505830
0074130
1246992
4293351
4349182
4497430
3361003
4308111
2369201
1209293
2282502
1217513
2273232
1252482
3305232
3364873
1207523
3316092
2302403
2288202
0202102
2281553
4298391
3375913
2369261
4357912
3368293
1257462
2347650
0144533
2331480
2287302
2297123
4344502
3323382
4299171
4039873
0145073
2284313
3425691
2284403
4302231
2302673
0061470
2356211
2274462
0221091
3314082
3353653
0212601
4046233
2356691
1228943
1229903
2288243
2359481
3316002
1252242
2284722
0222201
2361971
2355521
0214701
4349782
4294881
3364993
1231212
1147891
1249962
1210403
0214851
2273322
3364003
2356241
3428541
0143933
3413331
4340392
2278733
4302621
0179512
0191812
3416331
4299681
4341082
4050343
3327822
0212061
2288922
1278360
4303581
3304122
1251822
2294022
1211813
2368571
2351730
3402190
4311831
3422361
1150201
4294281
2367791
0145763
2276622
4312761
4340812
4283961
1150651
3318762
3357193
0146063
0213651
4338772
4035433
1223723
1217813
4361242
1230443
1209743
4341172
2290992
4047733
2275272
2288453
1234812
4304031
3419961
4493500
1277250
4046323
2292533
4300071
1213253
4042093
1251762
1257012
4037503
4056703
0146003
3356233
0178642
1236882
1252332
4313721
2298053
1214213
2281373
0228411
1247052
3423531
4038943
4059043
2289983
4044133
0221271
1253352
4301511
1246092
4497130
1232472
1209533
4311171
2270472
0140213
2268342
4044223
1137661
4355692
2291172
2373971
4059193
0214731
4361692
2295983
4040143
1143181
4045633
3355573
1228253
2356361
3304722
4302741
1147561
2287362
4044913
2290632
2298173
0180952
3366283
4057693
2331330
4294101
1233942
4298811
3428361
4347202
3423700
2274372
3326412
2370461
2369831
4054063
1124431
4044613
3365233
1246572
3322422
4352182
3319302
0216201
1130251
2293662
1208243
2359151
3421270
2277083
2288862
2356061
1132861
1239702
2292012
4058053
4353352
4295481
4338472
3432651
2355431
0191302
1129861
3316542
3417861
4313571
2284493
4308021
2302223
4291341
1250292
4497040
1241712
3411261
1243722
0199582
3424641
2290752
2281493
2345981
2357291
4296741
2358071
1211303
4298211
2367311
1278510
4308741
3328482
3364543
3361393
3366223
2368511
4497220
3414231
4047013
2284883
0189412
3308352
2291033
2361101
0204051
0144863
4301271
3305382
4356982
4493470
1239282
1139851
3376513
2301713
1251552
2353601
3427690
4355602
3326892
4350142
2347541
2297483
1282470
0192052
2358551
2370191
4059253
2270142
1287360
2297513
0074220
4287831
0223461
2302103
0061170
3418011
3315672
2301503
4361902
0194272
3305352
2297693
3417771
2276603
4500160
3311862
0153353
1233492
3314682
1151161
4306941
3312252
3360463
2348471
1236822
4058503
4043893
2274162
0055680
0055710
0055740
0055770
0055800
0055830
0055860
0055950
0056010
0056250
0056760
0056790
0056910
0056940
0056970
0057000
0057030
0057060
0057270
0057300
0057330
0057360
0057390
0057450
0057570
0057630
0057930
0057960
0057990
0058020
0058050
0058080
0058110
0058140
0058170
0058200
0058230
0058410
0058440
0058530
0058560
0058590
0058620
0058650
0058680
0058740
0058770
0058830
0058860
0058890
0058920
0059040
0059070
0059160
0059220
0059550
0059640
0059730
0060030
0060330
0060360
0060480
0060510
0060540
0060570
0060630
0060660
0060690
0060720
0060900
0060930
0060960
0060990
0061020
0061050
0062250
0062370
0062430
0062490
0062550
0062580
0062640
0062670
0062700
0062730
0062760
0062790
0062820
0062850
0062880
0062910
0062940
0063000
0063030
0063060
0063090
0063120
0063150
0063180
0063210
0063240
0063270
0063300
0063360
0063390
0063420
0063450
0063480
0063510
0063540
0063570
0063600
0063630
0063660
0063720
0063750
0063780
0063810
0063840
0063870
0063900
0063930
0063960
0063990
0064020
0064080
0064110
0064140
0064170
0064200
0064230
0064260
0064290
0064320
0064350
0064380
0064440
0064890
0064920
0064980
0065070
0065190
0065220
0065250
0065280
0065310
0065340
0065880
0066510
0066540
0066810
0066840
0066870
0066900
0066930
0066960
0066990
0067050
0067080
0067140
0067170
0067200
0067230
0067260
0067350
0067500
0067560
0067710
0067740
0067800
0067830
0067920
0067950
0068190
0068340
0068460
0068490
0068520
0068580
0068610
0068640
0068670
0068700
0068730
0068760
0068790
0068820
0068850
0068880
0068940
0068970
0069000
0069030
0069060
0069090
0069120
0069150
0069180
0069210
0069600
0069840
0069930
0069960
0070110
0070380
0070440
0070470
0070500
0070530
0070560
0070590
0070620
0070650
0070800
0070830
0070920
0070980
0071160
0071310
0071370
0071580
0071970
0072030
0072360
0072600
0072630
0072660
0072720
0072750
0072930
0073080
0073260
0073860
0074100
0074340
0074370
0074430
0074460
0074610
0074670
0074730
0074910
0074970
0075090
0075120
0075150
0075180
0075240
0075270
0075300
0075330
0075360
0075390
0075420
0075450
0075480
0075510
0075540
0075600
0075630
0075660
0075690
0075720
0075750
0075780
0075810
0075840
0075870
0075900
0075960
0075990
0076020
0076050
0076080
0076110
0076140
0076170
0076200
0076230
0076260
0076320
0076350
0076380
0076410
0076440
0076470
0076500
0076530
0076560
0076590
0076620
0076680
0076710
0076770
0076800
0076830
0076860
0076920
0076980
0077040
0077070
0077130
0077160
0077190
0077250
0077280
0077310
0077340
0077370
0077400
0077880
0077910
0077940
0077970
0078060
0078210
0078240
0078270
0078390
0078780
0078810
0078840
0078870
0078900
0079020
0079050
0079110
0079140
0079170
0079200
0079230
0079260
0079290
0079320
0079350
0079380
0079410
0079470
0079500
0079530
0079560
0079590
0079620
0079650
0079680
0079710
0079740
0079770
0079830
0079860
0079890
0079920
0080010
0080040
0080070
0080280
0080580
0081540
0081690
0081750
0081960
0082140
0082170
0082200
0082230
0082260
0082350
0082380
0082410
0082440
0082470
0082500
0082530
0082560
0082590
0082620
0082650
0082710
0082740
0082770
0082800
0082830
0082860
0082890
0082920
0082950
0082980
0083010
0083070
0083100
0129323
0129383
0130343
0130853
0131153
0131183
0131213
0131243
0131273
0131303
0131333
0131423
0131453
0131903
0131963
0132383
0132473
0132773
0132863
0133073
0133103
0133283
0133313
0133643
0134153
0134183
0134393
0134483
0134543
0134663
0135173
0135203
0135233
0135503
0136103
0136343
0136403
0136613
0138383
0138983
0140123
0140153
0140273
0140303
0140333
0140363
0140393
0142343
0142373
0142403
0142433
0142523
0142553
0142613
0142643
0142673
0142703
0142733
0142763
0143543
0143573
0143603
0143633
0143663
0143693
0143723
0143753
0145643
0146483
0146753
0146903
0147083
0147143
0147203
0147383
0147713
0147953
0149153
0149333
0149393
0149423
0149543
0150773
0151103
0151133
0152963
0152993
0153023
0153053
0153083
0153923
0153983
0155093
0155123
0155603
0155633
0155663
0175882
0175942
0175972
0176002
0176032
0176062
0176092
0176152
0176182
0176242
0176272
0176302
0176332
0176362
0176392
0176422
0176542
0176572
0177382
0177412
0177442
0177652
0177682
0178162
0178192
0178222
0179542
0179572
0179602
0179632
0179662
0179692
0179722
0179812
0179842
0179872
0179932
0179992
0180052
0180082
0180112
0180142
0180172
0180202
0180262
0180292
0180322
0180352
0180382
0180412
0180472
0180502
0180532
0180652
0180682
0180712
0180742
0180832
0180862
0180892
0180922
0181072
0181192
0181402
0181492
0181582
0182152
0182182
0182212
0182242
0182272
0182422
0182482
0182542
0182572
0182602
0182632
0182662
0182692
0182842
0182902
0183112
0183442
0183682
0184012
0184612
0184672
0185002
0185122
0185392
0185422
0185452
0185482
0185512
0185542
0185572
0185602
0185662
0185692
0185722
0185782
0185902
0185932
0186022
0186082
0186172
0186232
0186802
0186922
0186952
0186982
0187072
0187102
0187132
0187162
0187192
0187222
0187252
0187282
0187312
0188152
0188182
0190222
0190252
0190342
0190372
0190402
0190432
0190462
0190492
0190552
0190672
0190702
0190732
0190792
0190822
0190852
0190882
0190942
0191002
0191032
0191062
0191092
0192922
0192952
0193102
0193282
0193462
0193612
0193672
0193732
0193762
0193792
0193822
0193852
0193942
0193972
0194002
0194062
0194092
0194302
0194542
0194572
0194602
0194632
0194662
0194782
0194872
0194932
0194992
0195232
0195862
0196132
0196162
0196192
0196252
0196372
0196582
0196942
0197122
0197182
0197212
0197332
0197752
0197782
0197842
0197932
0197962
0198082
0198592
0198891
0198892
0198921
0199041
0199131
0199161
0199191
0199221
0199251
0199281
0199311
0199341
0199401
0199431
0199461
0199491
0199521
0199551
0199581
0199611
0199641
0199642
0199671
0199672
0199701
0199732
0199761
0199791
0199821
0199851
0199852
0199882
0200151
0200211
0200241
0200271
0200272
0200302
0200332
0200362
0200391
0200392
0200421
0200422
0200451
0200452
0200481
0200482
0200511
0200541
0200572
0200601
0200631
0200632
0200691
0200721
0200752
0200782
0200842
0201081
0201111
0201141
0201171
0201172
0201201
0201231
0201261
0201291
0201351
0201381
0201411
0201441
0201471
0201501
0201531
0201561
0201562
0201591
0201621
0201622
0201651
0201652
0201682
0201711
0201712
0201741
0201742
0201771
0201772
0201801
0201802
0201832
0201861
0201862
0201891
0201892
0201921
0201922
0201951
0201981
0201982
0202011
0202041
0202101
0202131
0202221
0202251
0202492
0202521
0202582
0202792
0202971
0203001
0203031
0203061
0203091
0203121
0203181
0203211
0203241
0203271
0203301
0203331
0203361
0203391
0203421
0203451
0203481
0203541
0203571
0203601
0203631
0203661
0203691
0203721
0203781
0203841
0203901
0203931
0203961
0203991
0204021
0204261
0204291
0204321
0204351
0204381
0204441
0204471
0204501
0204531
0204561
0204591
0204651
0204681
0204711
0204741
0204771
0204801
0204831
0204861
0204891
0204921
0204951
0205011
0205041
0205071
0205101
0205131
0205161
0205191
0205221
0205251
0205281
0205311
0205371
0205401
0205431
0205521
0205551
0205581
0205611
0205641
0205671
0205701
0205731
0205791
0205821
0205851
0205881
0205911
0205941
0205971
0206001
0206031
0206061
0206091
0206151
0206181
0206211
0206241
0206271
0206301
0206331
0206361
0206391
0206421
0206451
0206511
0206541
0206571
0206601
0206631
0206661
0206691
0206721
0206751
0206781
0206811
0206871
0206901
0206931
0206961
0206991
0207021
0207051
0207081
0207111
0207141
0207171
0207261
0207291
0207321
0207351
0207381
0207411
0207441
0207471
0207501
0207531
0207561
0207621
0207651
0207681
0207711
0207741
0207771
0207801
0207831
0207861
0207891
0207921
0207981
0208011
0208041
0208071
0208101
0208131
0208161
0208191
0208221
0208251
0208281
0208341
0208371
0208401
0208431
0208461
0208491
0208521
0208551
0208581
0208611
0208641
0208701
0208731
0208761
0208791
0208821
0208851
0208881
0208911
0208941
0208971
0209001
0209061
0209091
0209121
0209151
0209181
0209211
0209241
0209271
0209301
0209331
0209361
0209421
0209451
0209481
0209511
0209541
0209571
0209601
0209631
0209661
0209691
0209721
0209781
0209811
0209841
0209871
0209901
0209931
0209961
0209991
0210021
0210051
0210081
0210141
0210171
0210201
0210231
0210261
0210291
0210321
0210351
0210381
0210411
0210441
0210501
0210531
0210561
0210591
0210621
0210651
0210681
0210711
0210741
0210771
0210801
0210861
0210891
0210921
0210951
0210981
0211011
0211041
0211071
0211101
0211131
0212301
0212331
0212991
0213021
0213051
0213081
0213111
0213171
0213201
0213231
0213261
0213291
0213321
0213351
0213381
0213411
0213441
0213471
0213531
0213561
0213591
0213621
0213771
0213801
0213831
0213951
0213981
0214011
0214041
0214071
0214101
0214131
0214161
0214191
0214221
0214251
0214311
0214341
0214371
0214401
0214431
0214461
0214491
0214521
0214551
0215961
0215991
0216021
0216051
0216111
0216231
0216261
0216651
0216681
0216711
0216741
0216771
0216831
0216861
0217011
0217041
0217071
0217101
0217131
0217161
0217191
0217221
0217251
0217371
0217431
0217671
0217851
0217881
0217911
0218061
0218091
0218121
0218151
0218181
0218241
0218271
0218451
0218481
0218511
0218541
0218631
0218661
0218691
0218721
0218751
0218781
0218811
0219291
0219411
0219501
0219531
0219561
0219591
0219621
0219651
0219681
0219711
0219771
0219831
0219861
0219891
0219921
0219951
0220011
0220041
0220071
0220311
0220341
0220371
0220401
0220431
0220461
0220521
0220551
0220581
0220611
0220671
0220701
0220731
0221361
0221421
0221451
0221481
0221511
0221541
0221571
0221781
0221811
0221841
0221871
0221901
0221931
0222021
0222051
0222081
0222111
0222171
0222261
0222621
0222861
0222891
0222921
0222951
0222981
0223101
0223131
0223161
0223221
0223251
0223911
0223941
0224001
0224031
0224061
0224091
0224121
0224151
0224181
0224271
0224421
0225471
0225531
0225561
0225831
0226041
0226281
0226341
0226371
0226401
0226431
0226761
0226791
0226911
0226971
0227511
0227661
0227961
0228231
1123951
1123981
1124041
1125331
1125361
1125661
1126171
1126201
1126381
1126411
1126441
1126471
1126801
1126831
1126921
1126951
1126981
1127011
1127041
1127101
1127251
1127311
1127341
1127401
1127431
1127491
1127521
1127791
1127911
1128031
1128061
1128091
1128661
1128691
1128751
1128901
1128931
1128991
1129021
1129051
1129891
1129921
1129951
1129981
1130521
1130551
1130581
1130611
1130641
1130671
1130701
1130731
1130791
1130821
1130851
1130881
1130911
1130971
1131001
1131031
1131061
1131091
1131121
1131181
1131211
1131241
1131271
1131301
1131331
1131361
1131391
1131421
1131451
1131571
1131601
1131631
1131661
1131691
1131721
1132021
1132051
1132081
1132111
1132141
1132171
1132201
1132231
1132261
1132291
1132321
1132381
1132651
1132681
1132711
1132741
1132981
1133011
1133041
1133101
1133131
1133191
1133221
1133551
1133581
1133611
1133671
1133911
1133941
1134061
1134121
1134391
1134661
1134811
1134841
1135021
1135531
1135591
1135711
1135921
1136101
1136251
1136401
1136641
1136671
1136731
1136761
1136791
1136821
1136851
1136881
1136911
1136941
1137451
1138261
1138291
1138411
1138441
1138501
1138531
1138591
1138621
1138651
1138681
1138711
1138801
1138831
1138861
1138921
1138951
1138981
1139011
1139041
1139071
1139101
1139131
1139461
1139641
1139941
1140091
1140271
1140421
1140661
1140751
1141231
1141531
1141681
1142701
1142731
1142761
1142791
1142821
1142881
1142971
1143001
1143031
1143061
1143091
1143241
1143271
1143301
1143331
1143361
1143391
1143421
1143661
1143691
1143721
1143751
1143781
1143811
1143841
1143871
1143901
1143961
1144081
1144111
1144561
1144591
1144621
1144651
1144681
1144711
1144771
1144831
1144861
1145161
1145221
1145491
1145521
1145671
1145701
1145731
1145761
1145791
1145821
1145971
1146151
1146181
1146241
1146481
1146511
1146541
1146601
1146631
1146661
1146691
1146721
1146751
1146781
1146811
1146841
1146871
1146901
1146961
1146991
1147021
1147051
1147081
1147111
1147141
1147171
1147201
1147231
1147261
1147321
1148701
1148731
1148761
1148791
1148821
1148881
1148941
1148971
1149001
1149031
1149061
1149091
1149121
1149151
1149181
1149211
1151191
1151221
1151791
1151821
1151911
1153711
1154071
1206893
1206923
1206953
1206983
1207013
1207043
1207073
1207103
1207133
1207163
1207193
1207253
1207283
1207703
1207853
1208753
1208783
1208813
1212233
1212263
1212293
1212323
1214753
1214783
1214813
1214843
1214903
1214933
1214963
1215113
1215143
1215173
1215203
1215263
1215323
1215653
1215683
1215713
1215743
1215773
1215803
1215833
1215863
1215893
1215923
1215983
1216013
1216043
1216073
1216103
1216133
1216163
1216193
1216223
1216253
1216343
1216373
1216403
1216433
1216463
1216493
1216553
1216583
1216613
1216643
1216703
1216733
1216763
1216793
1216823
1216853
1216883
1216913
1216943
1216973
1217003
1217063
1217093
1217123
1217153
1217183
1219223
1219253
1219283
1219313
1219493
1223183
1223363
1226363
1227143
1227323
1230503
1230803
1230863
1230893
1230923
1231283
1231302
1231493
1231722
1231812
1232303
1232723
1232753
1232873
1232933
1232963
1232993
1233822
1234452
1235262
1235292
1235412
1235502
1235532
1236162
1236192
1236222
1237122
1237182
1237212
1237452
1237482
1237542
1237602
1237632
1237662
1237692
1237722
1238022
1238142
1238202
1238232
1238262
1238322
1238352
1238382
1238412
1238442
1238532
1238862
1238952
1238982
1239792
1239822
1239852
1239882
1240032
1240062
1240092
1240152
1240182
1240212
1240242
1240272
1240392
1240422
1240512
1240542
1240572
1241022
1241082
1241442
1241502
1241532
1242582
1242612
1242642
1242672
1242702
1244412
1244442
1244472
1245162
1245192
1245222
1245252
1245282
1245312
1245342
1245372
1245402
1245432
1245462
1245552
1245582
1247262
1247292
1247322
1247352
1247682
1247802
1247862
1247892
1247922
1247952
1247982
1248012
1248042
1248102
1248132
1248162
1248192
1248252
1248282
1248312
1248342
1248402
1248432
1248462
1248492
1248522
1248552
1248732
1248762
1248792
1248822
1248852
1248882
1248912
1248942
1249002
1249032
1249392
1249602
1253472
1253532
1253562
1253592
1253622
1253892
1253952
1254012
1254252
1254672
1254732
1254762
1255092
1255272
1255932
1255962
1255992
1256052
1256082
1256112
1256142
1256172
1256202
1256232
1256262
1256292
1256322
1256352
1257162
1257402
1257492
1257522
1257552
1257672
1257702
1257882
1257912
1257942
1257972
1258002
1258032
1258062
1258092
1258152
1270140
1270230
1270290
1270320
1270350
1270380
1270410
1270440
1270470
1270530
1270560
1270590
1270620
1270650
1270680
1270710
1270740
1270770
1270800
1270830
1270890
1270920
1270950
1270980
1271010
1271040
1271070
1271100
1271130
1271160
1271190
1271250
1271280
1271310
1271340
1271400
1271490
1271520
1271550
1271580
1271610
1271670
1271700
1271730
1271760
1271790
1271820
1271850
1271880
1271910
1271940
1271970
1272030
1272060
1272090
1272210
1272240
1272270
1272300
1272330
1272480
1272510
1272600
1272630
1272690
1272720
1272780
1273020
1273140
1273260
1273320
1273740
1273860
1273890
1274010
1274130
1274250
1274640
1274850
1274940
1275600
1275630
1275660
1275690
1275720
1275750
1275780
1275810
1275840
1275870
1275930
1275960
1275990
1276020
1276050
1276080
1276110
1276140
1276170
1276200
1276230
1276290
1276320
1276350
1276890
1276920
1276950
1277010
1277040
1277070
1277100
1277130
1277160
1277190
1277310
1277370
1277940
1277970
1278000
1278030
1278060
1278090
1278120
1278210
1278240
1278270
1278690
1278720
1278750
1278780
1278810
1278840
1278870
1278930
1278960
1278990
1279020
1279050
1279080
1279110
1279140
1279170
1279200
1279230
1279290
1279620
1279650
1279680
1279740
1279770
1279950
1279980
1280040
1280220
1280250
1280280
1280310
1280400
1280430
1280460
1280610
1280640
1280700
1280730
1280790
1280820
1280850
1280880
1280910
1280940
1280970
1281000
1281030
1281060
1281090
1281150
1281180
1281210
1281240
1281270
1281300
1281330
1281360
1281390
1281420
1281450
1281510
1281540
1281570
1281600
1281630
1281660
1281690
1281720
1281750
1281780
1281810
1281870
1281900
1281930
1281960
1281990
1282020
1282050
1282080
1282110
1282140
1282170
1282230
1282260
1282290
1282590
1282620
1282650
1282680
1282710
1282740
1282800
1282890
1282950
1282980
1283010
1283040
1283070
1283100
1283130
1283160
1283190
1283220
1283250
1283310
1283340
1283370
1283400
1283430
1283460
1283490
1283520
1283550
1283580
1283610
1283670
1283700
1283730
1283760
1283790
1283820
1283850
1283880
1283910
1283940
1283970
1284030
1284060
1284090
1284120
1284150
1284180
1284210
1284240
1284270
1284330
1284390
1284420
1284450
1284480
1284510
1284540
1284570
1284600
1284630
1284660
1284690
1284750
1284780
1284810
1284840
1284900
1285020
1285200
1285230
1285260
1285290
1285320
1285350
1285380
1285410
1285470
1285500
1285530
1285560
1285590
1285620
1285650
1286010
1286040
1286070
1286340
1286370
1286430
1286460
1286490
1286520
1286790
1286820
1286850
1286880
1286910
1286940
1286970
1287000
1287030
1287060
1287090
1287180
1287210
1287600
1288110
1288140
1288260
1289040
1289070
1289190
1289670
1289760
1290000
1290030
1290120
1290390
1290450
1290630
1290660
1290840
1291230
1291290
1291320
1291410
1291620
1291770
1292130
1292280
1292430
1292460
1292490
1292550
1292580
1292610
1292640
1292670
1292790
1292820
1292850
1292910
1292940
1292970
1293000
1293030
1293060
1293090
1293120
1293150
1293180
1293210
1293270
1293300
1293390
1293420
1293450
1293480
1293660
1293690
1294110
1294170
1294200
1294230
1294260
1294290
1294320
1294350
1294380
1294410
1294440
1294470
1294530
1294560
1294590
1294620
1294650
1294680
1294710
1294890
1294920
1294950
1294980
1295010
1295040
1295130
1295160
1295190
1295250
1295280
1295310
1295340
1295370
1295400
1295430
1295460
1295490
1295520
1295550
1295880
1295910
1295940
1295970
1296030
1296060
1296210
1296270
1296330
1296360
1296390
1296420
1296660
1296690
1296720
1296750
1296840
1296870
1296900
1296930
1296960
1296990
1297020
1297050
1297080
1297110
1297140
2267382
2271942
2272002
2272032
2272632
2272662
2272722
2273652
2273682
2273712
2274552
2274582
2274612
2274642
2274702
2274732
2274762
2274792
2274822
2274852
2274882
2274912
2274942
2274972
2275002
2275062
2275092
2275122
2275793
2275823
2275883
2276453
2276483
2276513
2276543
2276652
2276682
2276712
2276742
2276772
2276802
2276892
2276922
2277132
2277162
2277192
2277312
2277342
2277402
2277432
2277443
2277462
2277492
2277522
2277533
2277552
2277563
2277582
2277593
2277623
2277642
2277653
2277672
2277833
2277852
2277893
2277942
2277972
2277983
2278002
2278032
2278073
2278122
2278212
2278272
2278392
2278632
2278692
2278722
2278812
2279082
2279112
2279172
2279202
2279292
2279502
2279532
2279652
2279682
2279712
2279742
2279772
2279802
2279832
2279862
2279892
2279952
2279963
2279993
2280012
2280023
2280042
2280053
2280072
2280083
2280102
2280113
2280132
2280143
2280162
2280173
2280192
2280203
2280233
2280293
2280323
2280353
2280383
2280413
2280443
2280473
2280503
2280533
2280563
2280593
2280653
2280683
2280713
2280743
2280773
2281542
2281572
2281602
2281662
2281692
2281722
2281752
2281782
2281812
2281842
2281872
2281902
2281932
2281962
2282022
2282052
2282082
2282112
2282142
2282172
2282202
2282232
2282262
2282292
2282322
2282382
2282412
2282513
2282543
2282573
2282603
2282633
2282663
2282693
2282723
2282753
2282813
2282843
2282873
2282903
2282933
2282963
2282993
2283023
2283053
2283083
2283113
2283173
2283203
2283222
2283233
2283252
2283263
2283282
2283402
2283462
2283522
2283653
2283972
2284032
2284092
2284913
2285093
2285123
2285153
2285663
2285693
2285723
2286053
2286113
2286803
2286833
2286863
2286893
2287193
2287253
2287283
2287343
2287373
2287403
2287433
2287463
2287493
2287523
2287553
2287583
2287613
2287643
2287703
2287733
2287763
2287793
2287823
2287853
2287883
2287913
2287943
2287973
2288003
2288063
2288093
2288123
2288153
2288232
2288292
2288352
2288412
2289203
2289282
2289323
2289342
2289353
2289372
2289432
2289462
2289492
2289522
2289552
2289582
2289612
2289642
2289702
2289773
2289803
2289882
2289912
2289942
2289972
2290002
2290032
2290092
2290122
2290242
2290392
2290452
2290482
2290512
2290542
2290572
2290602
2290812
2290842
2290872
2290902
2290932
2291993
2292023
2292053
2292083
2292402
2292612
2292642
2292672
2292702
2292732
2292762
2292792
2292822
2292852
2292882
2293013
2293073
2293272
2293302
2293373
2293392
2293403
2293422
2293452
2293482
2293512
2293572
2293602
2293632
2294093
2296793
2298353
2298383
2298413
2298443
2298473
2298503
2298533
2298563
2298683
2298743
2298773
2299823
2299973
2300123
2300183
2300303
2300393
2300603
2301233
2301263
2301293
2301323
2301383
2301413
2301953
2301983
2302133
2327460
2327490
2327520
2327550
2327580
2327610
2327640
2327670
2327820
2327850
2327880
2327910
2327940
2327970
2328000
2328030
2328060
2328090
2328120
2328210
2328240
2328270
2328300
2328330
2328360
2328390
2328420
2328450
2328480
2328540
2328570
2328600
2328630
2328660
2328690
2328720
2328750
2328780
2328810
2328840
2329020
2329200
2329260
2329290
2329350
2329380
2329410
2329440
2329590
2329620
2329650
2329710
2329740
2329770
2329800
2329830
2329860
2329890
2329920
2329950
2329980
2330010
2330070
2330100
2330130
2330160
2330460
2330490
2330520
2330550
2330610
2330640
2330670
2330700
2330730
2330760
2330790
2330850
2330880
2330910
2330940
2330970
2331000
2331030
2331060
2331630
2331660
2331690
2331720
2332080
2332110
2332140
2332170
2332200
2332230
2332260
2332290
2332350
2332380
2332410
2332440
2332470
2332500
2332530
2332560
2332590
2332620
2332650
2332710
2332740
2332770
2332800
2332830
2332860
2332890
2332920
2332950
2332980
2333040
2333310
2333340
2333370
2333400
2333430
2333490
2333790
2333820
2333970
2334000
2334030
2334060
2334210
2334240
2334660
2334720
2334780
2334960
2335920
2335980
2336070
2336250
2336280
2336310
2336460
2336520
2336670
2336700
2337060
2337120
2337270
2337300
2337390
2337570
2337660
2337870
2337990
2338110
2338740
2338800
2338830
2338860
2338890
2338920
2338950
2338980
2339010
2339040
2339070
2339100
2339160
2339190
2339220
2339250
2339280
2339310
2339340
2339370
2339400
2339430
2339460
2339520
2339550
2339580
2339610
2339640
2339670
2339700
2339730
2339760
2339790
2339820
2340990
2341050
2341260
2341350
2341380
2341410
2341470
2341500
2341530
2341560
2341590
2341620
2341650
2341680
2341710
2341740
2341770
2341830
2341860
2341890
2341920
2341950
2341980
2342010
2342040
2342070
2342100
2342130
2342190
2342220
2342250
2342280
2342310
2342340
2342370
2342400
2342430
2342460
2342490
2342550
2342580
2342610
2342820
2342850
2342910
2342940
2342970
2343120
2343150
2343180
2343210
2343270
2343300
2343330
2343360
2343390
2343420
2343450
2343480
2343510
2343540
2343570
2343630
2343660
2343690
2343720
2343750
2343780
2343810
2343840
2343870
2343900
2343930
2343990
2344020
2344050
2344080
2344110
2344140
2344170
2344200
2344230
2344260
2344290
2344350
2344380
2344890
2344920
2344950
2344980
2345010
2345100
2345130
2345160
2345190
2345250
2345280
2345310
2345670
2345700
2345730
2345760
2345790
2345820
2345850
2345880
2345910
2345970
2346000
2346030
2346060
2346090
2346101
2346131
2346150
2346161
2346180
2346191
2346210
2346221
2346240
2346251
2346270
2346281
2346311
2346330
2346341
2346360
2346401
2346420
2346431
2346450
2346461
2346510
2346600
2346690
2346720
2346731
2346750
2346780
2346810
2346870
2346900
2346930
2346960
2346990
2347020
2347050
2347080
2347110
2347121
2347140
2347170
2347230
2347260
2347290
2347320
2347350
2347380
2347410
2347440
2347470
2347500
2347530
2347590
2347811
2347830
2347841
2347890
2347950
2348010
2348070
2348100
2348490
2348520
2348621
2348651
2348681
2348711
2348741
2348771
2348801
2348831
2348891
2348910
2348921
2348940
2348951
2348970
2348981
2349000
2349011
2349030
2349041
2349060
2349071
2349101
2349330
2349360
2349390
2349420
2349450
2349480
2349540
2349581
2349600
2349611
2349630
2349660
2349690
2349720
2349731
2349750
2349780
2349851
2349990
2350020
2350050
2350080
2350110
2350140
2350170
2350181
2350200
2350211
2350260
2350290
2350320
2350361
2350410
2350451
2350500
2350530
2350560
2350620
2350631
2350650
2350661
2350680
2350691
2350710
2350811
2350841
2350890
2350920
2351441
2351471
2351501
2351531
2351580
2351610
2351640
2351670
2351700
2351880
2351910
2351940
2351970
2352000
2352270
2352300
2352330
2352360
2352390
2352420
2352450
2352480
2352510
2352570
2352600
2352630
2352660
2352750
2352840
2352870
2352881
2352900
2352911
2352930
2352941
2352960
2352990
2353050
2353080
2353110
2353140
2353170
2353200
2353230
2353260
2353290
2353320
2353350
2353410
2353440
2353470
2353500
2353530
2353560
2353590
2353620
2353650
2353661
2353680
2353710
2353721
2353751
2353770
2353781
2353800
2353811
2353830
2353841
2353860
2353871
2353890
2353901
2353920
2353950
2353980
2353991
2354010
2354021
2354040
2354051
2354070
2354130
2354141
2354160
2354171
2354190
2354201
2354220
2354231
2354250
2354261
2354280
2354291
2354351
2354381
2354411
2354441
2354471
2354501
2354531
2354561
2354591
2354621
2354651
2354711
2355911
2359241
2359271
2359331
2359361
2360591
2360621
2361371
2361401
2361431
2361461
2361491
2361521
2361551
2361581
2361611
2361671
2361701
2361731
2361761
2361791
2361821
2361851
2361881
2362901
2362931
2362961
2362991
2363021
2363051
2363111
2363141
2363171
2363201
2363231
2363261
2363291
2363321
2363351
2363381
2363441
2363501
2363531
2363561
2363591
2363621
2363651
2363681
2363711
2363741
2363771
2363801
2363861
2363891
2363921
2363951
2363981
2364011
2364041
2364071
2364101
2364131
2364161
2364221
2364251
2364281
2364311
2364341
2364371
2364401
2364431
2364461
2364491
2364521
2364581
2364611
2364641
2364671
2364701
2364731
2364761
2364791
2364821
2365091
2365121
2365151
2365181
2365211
2365511
2365571
2365811
2365841
2365901
2365931
2365961
2365991
2366021
2366111
2366141
2366261
2366381
2366411
2366441
2366471
2366531
2366801
2366861
2366891
2366921
2366951
2367071
2367101
2367401
2367431
2367461
2367521
2367551
2367581
2367611
2367641
2367671
2367731
2370491
2370521
2370551
2370581
2370641
2370671
2370731
2370911
2370971
2371211
2371241
2371301
2371331
2371361
2371391
2371421
2371511
2371541
2371571
2371601
2371931
2372021
2372051
2372081
2372111
2372141
2372171
2372201
2372231
2372261
2372291
2372321
2372381
2372411
2372441
2372471
2372501
2372561
2372591
2372621
2372651
2372681
2372711
2372771
2372801
2373131
2373191
2373221
2373251
2373281
2373311
2373671
2374211
3302322
3303822
3303852
3306732
3306762
3306792
3306822
3306942
3307002
3307152
3307182
3307272
3307302
3307332
3307362
3307392
3307422
3307452
3307782
3307812
3307872
3307902
3307932
3308052
3308082
3308112
3308142
3308172
3308232
3308472
3308502
3308532
3308562
3308622
3308652
3308682
3308712
3308742
3308772
3308802
3308832
3308862
3308892
3308922
3308982
3309012
3309042
3309072
3309192
3309222
3309252
3309282
3309312
3309372
3309402
3309582
3309612
3310002
3310152
3310302
3310452
3310482
3310512
3310692
3310722
3311142
3311202
3311562
3311592
3311622
3311652
3311682
3311742
3311772
3311952
3311982
3312642
3312672
3312702
3312732
3312762
3312792
3312852
3312882
3312912
3312942
3312972
3313122
3313152
3313212
3313242
3313272
3316932
3316962
3316992
3317022
3317052
3317832
3320202
3326292
3326322
3326352
3327252
3327282
3361933
3361993
3362023
3362173
3362263
3362383
3362473
3362533
3362563
3362713
3362803
3362833
3362893
3362953
3363043
3363763
3365743
3366493
3366583
3366613
3366643
3366673
3366703
3366943
3367033
3367093
3367123
3367153
3367183
3367213
3367243
3367273
3367303
3367333
3367363
3369733
3369763
3369793
3369823
3369853
3370003
3373483
3373543
3376213
3376783
3376813
3377053
3377083
3377113
3377143
3377293
3378043
3378073
3378223
3378373
3378403
3378463
3378553
3378613
3378643
3378673
3378733
3378763
3378793
3378823
3378853
3378883
3378913
3378943
3378973
3379003
3379033
3379753
3401980
3402010
3402670
3402700
3402730
3402760
3402790
3402850
3402880
3402910
3402940
3402970
3403000
3403030
3403060
3403090
3403120
3403240
3403360
3403390
3403420
3403450
3403510
3403540
3403600
3403630
3403660
3403690
3403810
3403960
3403990
3404020
3404050
3404080
3404350
3404380
3404440
3404470
3404500
3404560
3404590
3404620
3404650
3404710
3404740
3404800
3404830
3404860
3404890
3404950
3405010
3405040
3405070
3405100
3405130
3405160
3405190
3405430
3405460
3405490
3405520
3405550
3405580
3405610
3405670
3405700
3405730
3405760
3405790
3405820
3405850
3405880
3405910
3405940
3405970
3406030
3406060
3406090
3406120
3406150
3406180
3406210
3406240
3406270
3406300
3406540
3406570
3406630
3406660
3406690
3406750
3406780
3406810
3406840
3406870
3406900
3406930
3406960
3407080
3407110
3407140
3407410
3407440
3407470
3407500
3407800
3408280
3408340
3408400
3408430
3408460
3408490
3408520
3408550
3408580
3408610
3408640
3408670
3408760
3408790
3408820
3408850
3408880
3408910
3408940
3408970
3409000
3409030
3409060
3409120
3409180
3409240
3409270
3409300
3409330
3409360
3410031
3410170
3410181
3410200
3410230
3410260
3410320
3410350
3410391
3410410
3410451
3410470
3410481
3410500
3410530
3410541
3410560
3410571
3410590
3410620
3410650
3410680
3410740
3410770
3410800
3410830
3410860
3410890
3410920
3410950
3410980
3411010
3411040
3411100
3411130
3411160
3411190
3411220
3411250
3411280
3411310
3411340
3411370
3411400
3411460
3411490
3411520
3411550
3411640
3411670
3411700
3411730
3411760
3411771
3411790
3411801
3411820
3411831
3411861
3411880
3411910
3411940
3411970
3412000
3412011
3412030
3412060
3412090
3412101
3412120
3412150
3412161
3412180
3412191
3412221
3412240
3412251
3412270
3412281
3412300
3412311
3412330
3412341
3412360
3412371
3412390
3412401
3412420
3412450
3412461
3412480
3412510
3412521
3412540
3412600
3412611
3412630
3412660
3412731
3412750
3412761
3412780
3412791
3412810
3412840
3412870
3412900
3412930
3412960
3413020
3413050
3413080
3413110
3413140
3413230
3413241
3413260
3413271
3413290
3413320
3413350
3413380
3413421
3413440
3413451
3413470
3413481
3413500
3413511
3413530
3413541
3413571
3413601
3413620
3413631
3413661
3413680
3413710
3413740
3413770
3413800
3413830
3413841
3413871
3413890
3413920
3413950
3413980
3414010
3414040
3414070
3414100
3414130
3414160
3414190
3414250
3414261
3414280
3414310
3414340
3414370
3414400
3414520
3414550
3414580
3414610
3414640
3414700
3414730
3414760
3414790
3414820
3414850
3414880
3414910
3414940
3414970
3415000
3415011
3415060
3415090
3415120
3415150
3415180
3415210
3415240
3415270
3415300
3415330
3415360
3415480
3415510
3415540
3415570
3415600
3415611
3415630
3415641
3415660
3415671
3415690
3415701
3415720
3415731
3415750
3415761
3415780
3415840
3415870
3415930
3415960
3415990
3416020
3416050
3416080
3416110
3416140
3416170
3416230
3416260
3416290
3416320
3416350
3416380
3416410
3416440
3416470
3416500
3416530
3416590
3416620
3416631
3416650
3416680
3416710
3416740
3416751
3416770
3416781
3416800
3416830
3416860
3416890
3416950
3417010
3417040
3417051
3417070
3417081
3417100
3417111
3417130
3417141
3417160
3417171
3417190
3417220
3417231
3417250
3417261
3417280
3417291
3417321
3417340
3417351
3417370
3417400
3417430
3417460
3417490
3417520
3417550
3417580
3417610
3417640
3417700
3417730
3417760
3417790
3417820
3417850
3417880
3417940
3417970
3418000
3418030
3418071
3418090
3418101
3418120
3418131
3418150
3418161
3418180
3418191
3418210
3418240
3418270
3418300
3418330
3418360
3418390
3418431
3418450
3418480
3418491
3418510
3418540
3418551
3418570
3418581
3418600
3418611
3418630
3418641
3418660
3418671
3418690
3418701
3418720
3418731
3418750
3418761
3418791
3418840
3418870
3418900
3418930
3418960
3418990
3419020
3419050
3419080
3419110
3419140
3419200
3419230
3419260
3419290
3419350
3419380
3419410
3419440
3419470
3419500
3419530
3419590
3419620
3419650
3419680
3419710
3419740
3419800
3419890
3420051
3420081
3420111
3420141
3420171
3420201
3420351
3420381
3420411
3420430
3420441
3420471
3420490
3420501
3420520
3420531
3420561
3420591
3420640
3420651
3420670
3420681
3420700
3420711
3420741
3420771
3420790
3420801
3420820
3420831
3420861
3420910
3420940
3420951
3420970
3420981
3421000
3421011
3421030
3421060
3421071
3421101
3421120
3421131
3421150
3421161
3421180
3421191
3421221
3421251
3421281
3421311
3421341
3421371
3421431
3421461
3421491
3421521
3421551
3421821
3421840
3421851
3421870
3421881
3421911
3421971
3421990
3422001
3422020
3422031
3422061
3422080
3422091
3422110
3422121
3422140
3422170
3423910
3423970
3424000
3424030
3424180
3424660
3424690
3424780
3424840
3424900
3425020
3425200
3425380
3425560
3425590
3425620
3425680
3425710
3425740
3425770
3425800
3425830
3425860
3425890
3425920
3425950
3425980
3426040
3426070
3426100
3426130
3426160
3426190
3426220
3426250
3426280
3426310
3426340
3426430
3426460
3426520
3426580
3426610
3426640
3426670
3426850
3426880
3426910
3426940
3426970
3427000
3427030
3427060
3427090
3427120
3427150
3427300
3427330
3427360
3427390
3427420
3427570
3428020
3428080
3428110
3428140
3428200
3428230
3428290
3428320
3428350
3428380
3428410
3428470
3428500
3428530
3428560
3428590
3428620
3428710
3428740
3428770
3428800
3428830
3428890
3428920
3428950
3428980
3429010
3429040
3429070
3429100
3429130
3429160
3429190
3429250
3429591
3429621
3429741
3429771
3429861
3429891
3430341
3430371
3430401
3430431
3430461
3430491
3430521
3430551
3430581
3430611
3430671
3430701
3430731
3430761
3430791
3430821
3430851
3430881
3430911
3430941
3430971
3431031
3431061
3431091
3431121
3431151
3431181
3431211
3431241
3431271
3431301
3431331
3431391
3431421
3431451
3431481
3431511
3431541
3431571
3431601
3431631
3431661
3431691
3431751
3431811
3431841
3431871
3431901
3431931
3431961
3431991
3432021
3432051
3432111
3432171
3432201
3432231
3432261
3432291
3432351
3432381
3433011
3433041
3433221
3433251
3433311
3433341
3433371
3433521
3433701
3433911
3434001
3434181
3434211
3434241
3434361
3434391
3434421
3434481
3434511
3434541
3434571
3434601
3434631
3434661
3434721
3434751
3435411
3435441
3435471
4035823
4035853
4035883
4035943
4035973
4036003
4036033
4038313
4038433
4038583
4040533
4040563
4040593
4040623
4040653
4040683
4040713
4041283
4041313
4041343
4041373
4043203
4043233
4045663
4045693
4045723
4045753
4046623
4046653
4046683
4046713
4046743
4046773
4046803
4046833
4046863
4046893
4046953
4047373
4047403
4047433
4047463
4047493
4048093
4048123
4048153
4048633
4048723
4048753
4049593
4049893
4050703
4050733
4050763
4050793
4050853
4051243
4051273
4052803
4052833
4052863
4052893
4052923
4052953
4053133
4053163
4053193
4053223
4053253
4053583
4054123
4054153
4054183
4054213
4054243
4054273
4054303
4054333
4054363
4054393
4054423
4054483
4054513
4054543
4054573
4055623
4055653
4055713
4055923
4055953
4056823
4056853
4056883
4056913
4056943
4056973
4057003
4057033
4057063
4057093
4057153
4057183
4057213
4057243
4057273
4057303
4057333
4057363
4057393
4057573
4057603
4059403
4059583
4059613
4059673
4059703
4059763
4059793
4060123
4060153
4060183
4060213
4060243
4283121
4283151
4283181
4283211
4283241
4283271
4283301
4283361
4283391
4283451
4283481
4283511
4283541
4283571
4283631
4283661
4283691
4283781
4284231
4284261
4284291
4284321
4284381
4284831
4284861
4285371
4285401
4285431
4285461
4285491
4285521
4285551
4285581
4285611
4286211
4286331
4286361
4286391
4286451
4286481
4286511
4286541
4286571
4286601
4286631
4286841
4287021
4287261
4287291
4287321
4287381
4287411
4287441
4287651
4287681
4287741
4287771
4288101
4288131
4288311
4288401
4288431
4288461
4288491
4288521
4288551
4288851
4289211
4289271
4289301
4289331
4289361
4289421
4289451
4289481
4289511
4289541
4289901
4289961
4289991
4290021
4290051
4290081
4290141
4290171
4290201
4290231
4290261
4290291
4290321
4290351
4290381
4290411
4290441
4290501
4290531
4290561
4290591
4290621
4290651
4290681
4290741
4290801
4291041
4336942
4340272
4341562
4341592
4341622
4341652
4341682
4341712
4341742
4341982
4342102
4343422
4343452
4343482
4343512
4345612
4345672
4345702
4345732
4345762
4345822
4348042
4348072
4348102
4348312
4348372
4348432
4348462
4348492
4348522
4350682
4350712
4350742
4350772
4350802
4350832
4350892
4350922
4350952
4351162
4351402
4351612
4351642
4353382
4353502
4353532
4353562
4353592
4353622
4353652
4353682
4353712
4353742
4354132
4354612
4354702
4354732
4355122
4355152
4355962
4355992
4356022
4356052
4356082
4356112
4356142
4356172
4356232
4356262
4356292
4356532
4356952
4357012
4357192
4357222
4357252
4357312
4357342
4357372
4357402
4357432
4357462
4357492
4357522
4357552
4357582
4357612
4357672
4357702
4357972
4358032
4358062
4358092
4358122
4358152
4358182
4358212
4358242
4358272
4358302
4358332
4358392
4358422
4358452
4358482
4358512
4358542
4358572
4358602
4358632
4358662
4358692
4358752
4359382
4359472
4359502
4359532
4359562
4359592
4359622
4359652
4362622
4362652
4362682
4362742
4362772
4362802
4362832
4362862
4362892
4362922
4363042
4363162
4363192
4363222
4363252
4363282
4363312
4363342
4363372
4363402
4363462
4363492
4363522
4363552
4363582
4363612
4363642
4363672
4479880
4479910
4479940
4479970
4480000
4480030
4480060
4480090
4480150
4480180
4480240
4480270
4480300
4480330
4480360
4480390
4480420
4480450
4480480
4480510
4481200
4481230
4481260
4481290
4481320
4481350
4481380
4481410
4481440
4481470
4481530
4481560
4481590
4481620
4481650
4481740
4481770
4481800
4481830
4481890
4481920
4481950
4481980
4482010
4482040
4482100
4482220
4482280
4482310
4482340
4482370
4482400
4482430
4482460
4482490
4482520
4482550
4482580
4482640
4482670
4482700
4482730
4482760
4482790
4482820
4482850
4482880
4482910
4482940
4483000
4483030
4483060
4483090
4483120
4483150
4483180
4483210
4483240
4483270
4483300
4483360
4483390
4483420
4483450
4483480
4483510
4483540
4483570
4483600
4483630
4484350
4484380
4484410
4484440
4484470
4484590
4484620
4484650
4484680
4484710
4484740
4484770
4484800
4484830
4484860
4484890
4484950
4484980
4485010
4485040
4485070
4485100
4485130
4485190
4485250
4485280
4485310
4485370
4485400
4485430
4485460
4485490
4485520
4485550
4485580
4485610
4485640
4485670
4485730
4485760
4485790
4485820
4485850
4485880
4485910
4485940
4485970
4486000
4486030
4486090
4486120
4486150
4486180
4486210
4486240
4486270
4486300
4486330
4486360
4486390
4486450
4486480
4486510
4486540
4486570
4486600
4486630
4486660
4486690
4486720
4486750
4486840
4486870
4486900
4486930
4486960
4486990
4487020
4487050
4487080
4487110
4487140
4487200
4487230
4487260
4487290
4487320
4487350
4487380
4487410
4487440
4487470
4487500
4487560
4487590
4487620
4487650
4487680
4487710
4487740
4487770
4487800
4487830
4487860
4487920
4487950
4487980
4488010
4488040
4488070
4488100
4488130
4488160
4488670
4488700
4488730
4488760
4488790
4488820
4488850
4488880
4488910
4488940
4489000
4489030
4489060
4489090
4489120
4489150
4489180
4489210
4489240
4489270
4489900
4489930
4489960
4490020
4490050
4490110
4490140
4490170
4490200
4490230
4490260
4490290
4490320
4490350
4490380
4490410
4490470
4490500
4490530
4490560
4490590
4490620
4490650
4490680
4490710
4490740
4490770
4491010
4491040
4491070
4491100
4491130
4491190
4491220
4491250
4491280
4491310
4491340
4491370
4491580
4491610
4491670
4491700
4491730
4491760
4491790
4491820
4491940
4491970
4492000
4492030
4492060
4492120
4492720
4492810
4493020
4493050
4493080
4493140
4493170
4493200
4493230
4493260
4493290
4493320
4493350
4493620
4493650
4493680
4493710
4493770
4493800
4493830
4493860
4493890
4493920
4493950
4493980
4494010
4494040
4494070
4494130
4494160
4494190
4494220
4494250
4494280
4494580
4494730
4494760
4494790
4494850
4494910
4494970
4495000
4495030
4495060
4495210
4495240
4495270
4495300
4495330
4495360
4495390
4495420
4495450
4495570
4495600
4495630
4495660
4495690
4495720
4495750
4495780
4495810
4495840
4495870
4495930
4495960
4495990
4496020
4496050
4496110
4496140
4496170
4496200
4496230
4496260
4496320
4496350
4496380
4496410
4496440
4496470
4496500
4496530
4497250
4497280
4497310
4497340
4497790
4497820
4497850
4497880
4497910
4497940
4497970
4498000
4498030
4498750
4498780
4498840
4498870
4498930
4498960
4498990
4499020
4499050
4499080
4499110
4499140
4499170
4499200
4499230
4499290
4499320
4499350
4499380
4499410
4499440
4499470
4500220
4500250
4500340
4500400
4500430
4500460
4500490
4500520
4500550
4500580
4500610
4500640
4500670
4500700
4500760
4500790
4500820
4500850
4500880
4500910
4500940
4500970
4501000
4501030
4501060
4501120
4501150
4501180
4501210
4501240
4501270
4501300
4501330
4501360
4501390
4501420
4501480
4501510
4501540
4501570
4501600
4501630
4501660
4501690
4501720
4501750
4501780
4501840
4501870
4501900
4501930
4501960
4501990
4502020
4502050
4502080
4502110
4502140
4502200
4502230
4502260
4502290
4502320
4502350
4502380
4502410
4502440
4502470
4502500
4502560
4502590
4502620
4502650
4502680
4502710
4502740
4502770
4502800
4502830
4502860
4502920
4502950
4502980
4503010
4503040
4503070
4503100
4503130
4503160
4503190
4503220
4503280
4503310
4503340
4503370
4503400
4503430
4503460
4503490
4503520
4503550
4503580
4503640
4503670
4503700
4503730
4503760
4503790
4503820
4503850
4503880
4503910
4503940
4504000
4504030
4504060
4504090
4504120
4504150
4504180
4504210
4504240
4504270
4504300
4504360
4504390
4504420
4504450
4504480
4504510
4504540
4504570
4504600
4504630
4504660
4504720
4504750
4504780
4504810
4504840
4504870
4504900
4504930
4504960
4504990
4505020
4505080
4505110
4505140
4505170
4505200
4505230
4505260
4505290
4505320
4505350
4505470
4505500
4505530
4505590
4505620
4505650
4505680
4505920
4505950
4505980
4506010
4506040
4506070
4506100
4506130
4506190
4506220
4506250
4506310
4506340
4506370
4506400
4506430
4506490
4506520
4506580
4506610
4506640
4506670
4506700
4506730
4506760
4506790
4506820
4506850
4506940
