4053073
2280792
3412270
2290962
2281302
4505230
3427030
1247442
1281540
4297791
2291232
0196942
1287720
4499800
4361242
1251432
4309011
3419260
4353922
4505170
1252722
2273112
3316332
2271762
3354763
4305651
3419680
4298091
3302142
4313121
4498480
4044043
1284240
2292402
4355992
2268582
1281810
1213343
3306492
4356832
4305351
3411411
4304601
2293482
4506850
2371931
4043533
4044613
3355543
4298511
1247652
4360882
3412360
3353683
1285470
3319302
1292910
1280850
4297911
2269422
3367933
2356961
2273262
2302493
4040743
4483000
3417730
1257402
4291731
4361182
2270682
3413931
3424701
3361183
3426430
4352992
2374751
1147531
3327252
4499170
4488670
2348381
3428991
4312221
3417040
2359481
2349540
3375283
4311261
2346030
2362451
1137241
2268222
4354042
2365061
4302231
2349720
4499920
4499530
3304242
0199912
3411651
4493500
2362391
4341502
0185362
2290182
3318582
2297033
0212691
3358213
4488190
3353203
1232112
3311682
3353443
3415510
2332920
3319722
4293831
2291873
0129353
4359232
1228973
1278600
4359892
4486390
3323712
2283162
1253172
4300821
4309311
4496170
2268282
0215841
0180502
4355122
0075870
3419811
2287662
3379723
0078330
0190672
0189952
0176872
3421270
0196372
3419151
1282050
1229813
1283790
1276110
0216171
1210163
2355341
4294251
2330940
2279742
4055773
1230053
2333340
2288622
4488280
1245402
4311291
3365653
3409360
3317232
4048933
2346120
4354102
1252272
2288922
1296030
2342820
2277972
0064380
4047133
2352521
2359631
4357702
2289342
4491580
2284763
0192802
2334660
0216381
1213433
3417790
4284801
3405970
2362151
0188992
2274252
3416151
4045183
1125181
0201712
0058620
4055953
2279532
2346090
4359592
1212293
2356571
0189202
4359562
3415120
3369043
1130341
4304301
3354913
4352362
3406420
4301211
1281180
2353260
1281450
4309941
4292421
4344232
4307271
1278870
2344590
4349842
4506820
0182092
3312582
1236822
2331120
1248582
0199192
0079470
4298301
4046083
4040833
2281032
4055713
2284793
2280522
0220941
1208603
4355452
3323952
1236852
1125931
4300761
2348171
0180172
4052713
4488820
4496440
3413050
0146033
0077250
2345820
4490740
3422991
3419440
1292820
1130311
2330220
4303071
4306971
3426591
4499320
2281092
2279832
1284030
1277040
1218023
1283760
4480390
4304181
2353301
0202162
2291622
4311381
4359112
4347262
3422631
4312071
3312282
3366163
1126171
4057693
4057993
3409240
2285382
1252962
2330670
0187132
4490980
3319752
3306012
2281242
2360291
4352932
4483240
0143993
3415930
2278463
0154613
2270262
0178852
4312161
4311951
2269782
2342070
4496230
3354853
1251732
2329920
3425391
2357111
3357073
4301781
3410800
4341832
0075840
4505890
4354582
1250622
4350532
2371421
1125421
4357552
4041793
2355191
2275842
2349210
2279652
3318972
4041403
3316572
1257192
4046473
0145793
4310031
0182692
2353331
2292563
3316782
1256052
3420760
4345882
1208213
4500160
4487620
4050973
3407410
1279830
4482700
4502410
3429681
4300341
4485550
3410980
4362592
2280672
4305801
3419961
3361063
2331510
0195112
2269722
4482010
0075900
0193822
2291202
4305081
1252572
1250412
0186802
4044853
3361573
4347082
1248462
3405070
2290692
4483150
2271462
4301661
4311351
4363402
1244952
1287600
3423201
4349362
3360253
3428151
3418240
3357733
3379363
2297123
4353442
3425811
4343812
4300281
1239642
3310242
3419721
3427611
1124551
2291393
3416800
4041583
2275452
3415990
1255842
3356773
3428710
2270292
1283910
3322452
0077730
4338622
1241652
3428830
0058200
2267682
3411081
2290482
4480330
4338562
3412090
4309101
1218353
2357321
2270742
2353481
3424131
3353533
2278002
4354402
2371751
4313931
3423741
2278812
0215421
1216073
3433701
0190492
2347500
2347230
0192322
0221901
4490230
4506580
1210013
4310751
4345852
3366223
2360141
4498870
3415540
2338950
1224563
3355693
0201412
4506790
0221751
4347622
3311232
3423111
3353053
3373663
2329710
3319962
4361872
3322632
3410781
0154553
4500280
1212893
2368931
4304901
0195502
3427150
3423561
0177802
4497700
4287921
2333220
4496710
2285273
4045363
3417250
0214881
3429711
2339220
1247592
4488430
4301991
1235022
0221601
0178822
4344022
1222973
2292173
3426310
4340602
0143513
2269602
3327852
4493140
1233132
3323412
4293681
4349602
2289762
4297581
4506220
0212481
4285161
4350922
4496620
4505350
4310181
4293081
4311651
1233102
3321522
3410931
4298751
1236192
4362142
4496050
3426531
2285573
0077970
4052413
4483360
3319992
1228853
3375043
1296390
3307602
3411340
2287302
2287722
1295310
0146093
1228943
1276950
4353232
2348231
3411820
1272240
1254822
1257222
4488490
4036723
0064260
0154463
4293951
1244082
2282682
1208393
3316992
3321222
1231182
2302103
1284210
4356142
3420010
2334720
1235832
0177442
4043653
4302891
1242132
4486360
1250862
3413470
3324252
1282890
2365301
4493320
3318912
4302831
2294483
4303941
4480150
0182122
4302621
3408940
0192832
1125781
3411621
1251162
4304631
4309221
2287422
1143511
2272482
4285041
1284300
4341082
3360433
3428950
3309402
3355273
1126141
0221301
1212743
3428740
3429501
2294393
0215751
0215271
3321792
0193042
4497640
4353622
4040773
4047013
3406960
3428241
4047223
1257012
1280820
1218713
4362412
4496950
1252662
3415270
2289102
1278060
3408430
4358272
2274102
0184222
1281900
2285742
2302133
1211933
3416751
3360313
4303671
3421870
4359922
3424071
4301841
4056283
3420550
4302111
1250592
1257582
4498660
3305892
0189412
4342882
3368683
4346482
4502680
3316242
4043983
2357591
4347412
3375313
4481440
2285922
2298173
2350260
3429291
1210433
1255992
4036573
2291442
4046173
2347361
1224863
3353323
1233642
4483570
3423591
3411741
3369313
1233672
4484590
3312222
2268732
3308112
4288971
1217933
3361363
3361543
2369651
4045903
4308171
2351430
4357732
4285011
2362691
3322122
4310481
2374841
3423651
1232352
4343722
4486510
2270472
1276230
3410811
2282412
1245822
2361911
1125271
2357171
2360351
4501390
1228493
4052383
3412870
4041223
4493920
3432741
0186742
1245852
4053523
4496110
4500010
3309192
1283310
3311922
3319662
0214821
4482370
1210613
4300401
4348762
0189532
0078480
4338502
3356983
4480180
4494520
0192082
2349780
0186892
2337870
4499290
4501360
3307332
2373341
0134963
3327462
2285502
1295100
2291993
1215053
2269392
4487470
0199732
2289072
2278032
1274640
3321132
2332140
4337722
4042873
4493230
4501480
3411501
4357612
4305711
4357672
3426081
4340962
0145583
2302523
2339040
4355722
0154043
1217963
0221091
4040803
4287831
3319482
3324462
4353262
1282230
1278090
4358482
1230293
2328810
3425301
4347172
3423351
0215301
4295901
4309071
1277370
1144291
4294131
3314592
0221001
4045003
4284741
4296681
1126111
3360283
1125091
3419121
1218623
1237332
3305052
3304332
4493200
4362172
0155363
0077880
4310001
3356803
4303791
3355243
1125211
1139851
3309282
3408130
3423081
1242252
2353031
4496500
2291172
0222201
3361513
4355902
4307391
0058050
2348100
4041733
2281152
4302951
1284960
4350082
2288742
2285532
4293111
0200152
4307001
4359202
4354432
1125811
4309371
1276920
4300611
4506880
1248552
2362181
0179422
2353470
3413871
1143631
0191302
4295361
0078270
1252602
3418450
4041493
1224953
3327642
3419860
2355491
1278030
4043023
2371451
3301752
2357441
4289061
4482340
3306372
1251372
2353410
3315102
2331360
4358932
4490260
1237302
4301001
4485760
4302801
3375223
4045933
4353382
3368623
3357463
4490680
2269842
4359262
2371901
3407470
4293561
2282142
2287752
4299891
1284810
0146273
2285142
4505530
4356232
1126831
3428601
2346041
1233012
4495930
1281690
3327432
3420460
2267202
3306222
3411951
2274222
3411261
2270802
3423831
3375013
1147381
4294281
2271042
1216283
4484350
3418030
2371961
3426441
4506310
2374301
1240872
3417460
3321312
4349812
3363583
0177772
3426340
1256172
2358161
0079890
4499860
4306851
2277132
2331060
0192142
0068490
1233882
4056193
2292162
1229993
0195322
3365443
3326652
3352573
1251912
2275692
1244472
0184762
3368803
4501180
4300101
3425710
1230713
2358191
0188062
2331090
4045153
1270620
3305952
2280222
3322062
1224803
4285761
3322332
1218593
4487380
4480450
4307091
4359412
2274462
3416181
2290842
3413710
4313871
3421420
2353620
1222913
2329830
2274342
0185512
3328092
1251822
1241922
0179662
2369531
4488940
4298121
0193612
1287630
1234752
3411490
2297363
4347142
2332410
0185782
1223723
3317112
1250382
4349932
3353893
1297110
3322782
1130191
2360591
3316602
3420820
2344380
2273802
4303491
1235742
1229003
1240362
2289042
1284630
3327582
3311652
3412450
4353952
1282320
4340362
2273712
3428811
2298863
2331150
1247262
2291772
2292642
2285022
4362532
2344440
1280970
0178942
1207403
3360553
3428061
1247682
4294431
4483510
4350202
4340152
4048723
2285562
3323922
2293512
4501030
0153353
3421060
1270440
1241412
1281060
4309251
2331210
2281362
1241982
3423501
4355302
4359052
3353623
0200032
0178792
2373431
4347802
3420340
3405100
4361602
3316032
4046383
3429801
2287122
4499050
3414760
4499710
3326832
1283070
2328840
0186652
4353862
3302982
2302343
4356742
4487350
2345730
0213681
3316122
4357252
1207343
2330760
3422511
4356472
2353121
4307481
3425091
2358221
3420970
1257162
4350622
2361131
1281150
1239612
0178282
4503760
3408160
2298233
2359661
4484740
4036873
4342042
1243842
3416410
2292612
1282440
1215083
2330880
2282982
0182062
2374781
3420070
3321342
4338592
4500580
0153833
0214461
2282292
3424311
4312191
4297341
4505860
1293360
0193732
4051153
2295623
3314682
1252302
4358242
3304542
3367843
1233762
4056583
2359961
1217363
4355212
2284013
3429070
4347532
1277640
1212503
3410631
1144201
3315852
0062760
0076080
2277942
4353652
4301691
2362061
1239462
1257372
1210643
1276170
4307331
4042933
0188242
0191362
0223161
3426801
3425331
4486120
3408190
4506640
2291112
3426160
3429321
4307121
4362022
4051063
3328002
4299921
3353983
4305231
3305532
4493470
2331270
4358962
3319572
4358752
3366133
3413770
4357942
3365263
4497040
4313061
0153173
4494250
2348070
1230233
1210133
4307991
2282502
0215181
3321702
1218773
3414280
3307422
2355431
4480360
3430221
3311382
4487560
2281182
1213553
2291573
2343060
3425271
0177922
2352551
3428031
2272392
0195292
1247322
2282052
0145133
4489150
1228343
4487230
3419781
2282652
1282470
4296441
2267742
4300431
3375553
0143813
4361842
3403600
2284553
2275572
0154373
1295460
3423820
2330850
4308351
0184672
2275812
0187942
1252092
3419751
3403660
0062790
0145043
3305172
4036843
0221211
1255782
1244922
0194212
3306162
2331810
4043353
3427120
4296381
3376513
2272572
4349272
3408460
3410560
1144351
2353230
2332650
3417010
1256922
1256322
4295331
4360582
3420160
1125901
4041853
3419410
1137211
4483540
0214341
3426471
2355821
3357283
4046593
4499080
2351310
1249062
1248702
0214701
2353530
4498690
2284572
4292841
1224593
2348160
2352300
4491490
4058113
4352902
3352603
2362121
1295340
0179542
4036363
3428500
4486030
2357861
3322002
1124731
0146333
1243812
4349242
4043683
1212773
0144503
1271010
2361971
4048963
0189022
3426250
2269992
2360501
3322662
3410470
2271432
2279093
4498360
0215241
1130521
3305442
4501300
3354343
4482220
2289192
1237392
1247202
1284690
1281570
2284692
2295713
4352692
4354312
2290302
4302141
1281210
2359331
4362982
3406630
3361213
2290722
0188572
1287210
2287092
4301511
3418000
2269122
4356802
3310272
2276952
1229213
4487290
3413901
4301121
0064170
4485190
2281752
2268192
2281062
4502320
1147561
4313211
1256802
4299531
3354523
0185602
2288652
1278300
2292102
3301482
3427431
4356532
4344322
2271282
3357823
1132561
1232682
3422661
0177892
3307632
4357132
4304991
2280072
4338772
4344172
3353143
4040953
2291472
1230203
3376213
3310962
3432591
2273622
3418690
3408220
4311741
2358821
1257612
4483090
1281510
1244832
2291693
3315162
2275512
2276622
3379633
1240512
1237482
0149843
1214933
1245012
0194272
3407080
4350142
3425800
1137121
3417490
4487200
2275212
1235952
4347442
0058530
4501780
3412960
1296420
3419350
4291761
2351400
2329500
4056793
4344592
4495120
2294082
2338980
4297221
2330700
1212023
2298833
2272662
3417820
2268102
4293921
4300461
1251282
0058590
1283190
2273382
3303912
2272242
1237182
1287150
2375171
4360642
0155423
4362202
4362292
4342012
1222943
3369223
3426220
4486900
4304211
4040173
1233492
1284420
2287992
1131781
3323832
3303552
4357762
0178132
4309611
4301571
1256232
3410650
3314892
1125541
4293351
1249392
4351972
4485640
3416650
4360282
0144533
3425920
0058230
3317412
2281002
3305652
0191212
0146123
0201622
3413950
0180052
1282500
2274282
4292601
1242432
2374901
4354522
0069000
1247892
1218503
4363132
3419991
2273742
4302441
4300251
2330730
1277160
2282382
4496920
4046293
4505710
2281692
3419590
1229453
1231452
4485730
4057783
1278000
3405850
1281390
1251102
0199462
4347022
2291712
1233732
0221181
3315942
1257492
3425181
3410661
1282620
3405610
4294311
1284510
1223813
2357051
3315252
0196102
2347590
4297551
1243572
4292751
2333310
3414970
1210343
2290242
2353770
4310421
3314862
0195232
0145493
3328572
3425151
1248342
3424641
2332110
0223461
2358791
3303642
0186682
4310661
0082830
3428871
3356563
3417280
2268342
1231163
3428631
4355572
3419511
1234332
4336852
4498570
0078510
2361251
4500040
2347080
2348040
4313571
4301271
2363021
2353290
0177412
3411051
4490950
4353142
2348351
4044373
1124611
4052443
1284570
4300941
2370191
1281780
1250262
4482640
2374331
1234782
2361881
3411790
1210583
2347260
4298571
3426411
0078840
4346812
0078870
3419931
3358033
1249092
2353650
4308801
4341742
4491670
1235802
2285213
1229363
2351580
4300071
3424161
3354673
2271672
2353980
4304151
4481350
2273982
2356601
4350322
1245972
1250922
4480270
4346782
3327702
1218263
3414010
2271252
2279892
3420280
4049053
0182182
2292383
0216351
3426970
3422170
3306132
2347601
0196432
3328242
1249242
3421480
2302223
1245912
4504900
1253622
3427041
1143781
0199642
3416950
4487410
4353502
3419050
3323682
1210313
4045213
3360373
3403510
0180202
0216861
4295931
1283400
3306522
3368413
0195352
0145433
3416500
0221061
4482460
2357411
3324432
4043503
1282710
2290392
4503700
0180142
0214431
3406480
1252542
3420640
3360343
2272902
2272512
1233372
4482430
1217873
3413080
0185392
1231872
4303281
4494190
4488070
2355521
3304632
4310091
2269272
3426681
4499380
4506970
0076590
2272122
4292391
4312551
2288832
3413020
4483210
2349000
3424761
3409030
2371841
3409300
4295031
2330100
4486330
4304331
3427131
4500970
4311231
4292931
3322212
4494640
3405130
4299681
2289552
1234062
3426700
4338952
2284343
4341922
1232742
0182482
4285311
4308231
4050643
2289252
4502260
4355272
2286702
0153383
3316932
3316842
4357312
4505980
2267862
2292012
2277102
0179722
1245432
1247952
4491340
3305742
2271132
3428271
0058110
3424030
1244622
2291532
3418570
3323892
2292143
4310991
1124971
3414370
3426610
4308381
3412540
4497760
2271012
4506490
4354462
1239672
4303551
0155513
1231392
2292533
0078570
3303882
3354283
4357342
3405670
2359121
1218413
4294101
1209653
0143933
0216201
4051093
0192412
3428781
4307661
2374871
4489000
2275332
0079560
0216561
4283061
3355453
1213463
1147471
4297161
2372981
4300851
4337512
4310241
0179512
3427281
1277190
2349240
4363522
1241262
3360493
4311801
2342790
2332710
1234212
1248882
3323142
2329950
3420430
4047043
4500220
2275602
1287390
0176902
3412900
4340392
2288112
4489090
3428511
3308922
3319422
2293752
4359352
3326292
1209803
2352240
0214521
3426100
2291262
1250772
4047163
3323172
2277252
3353293
4041133
4505500
3427671
2273922
1251522
0078690
1296000
3419271
1287750
1124641
1125571
3379543
4309131
4486450
1287360
4050673
2279243
1283130
2330280
2277192
4350562
1211603
4360492
2348250
1240332
1241232
1293000
0076800
0221151
4046113
2342610
1270560
4349692
2291843
2280942
2353571
0063390
1244502
4485520
0144683
3420021
1252212
4058233
3429261
4488850
1242702
3412810
3316272
0176782
3416841
2354070
1242282
4497460
0146063
3408880
1239702
3417550
4294401
4501000
1250712
4049083
4362472
1133311
3305112
4057633
3417400
4482940
2290632
4363192
0215661
3425830
1248852
2287632
0188932
2292983
4302861
4041553
2358131
3413800
1281720
1279710
2292042
1224443
4488220
1125871
3369103
4355932
4304781
3319182
2353920
2285352
4482880
1243542
4313631
3416830
2357831
2332830
4056643
1250742
1209563
1138021
3414321
2276982
4350052
0078420
3411381
4300641
2343090
4310601
4343002
4491250
1297080
3307662
4497220
2354010
1283940
1247712
0212601
0152963
1234392
1241532
1230323
1126741
3420850
4356022
2275782
2275092
3422020
3430251
4044313
2332350
4293531
2289732
1278360
0188692
2356091
4053103
2289522
3407500
4493170
1230503
3306642
3426670
3416890
3361693
2282172
4357402
1212413
2299013
4362622
1244172
4338652
1246212
1284120
1214993
1126531
4307241
3415690
4041613
2358971
1218203
3361843
3312192
3318702
0195172
0196462
4341862
1212113
1144141
2341410
2273832
2289612
0155453
1125751
3328182
3405940
4343452
2289492
3353113
3412630
0178312
2358401
4046263
1256202
3361483
1289760
2362631
4296711
0215601
3412510
1277790
1248102
1277220
4358152
1278390
2270712
2289282
4352632
0179932
4311141
4302981
3426741
0195382
3411711
3427941
2349930
3320172
0221931
3360853
1242042
4341802
4291851
1230983
4488790
4347472
4487080
3328032
0076110
2302403
3418510
1287030
4482190
4310331
3304602
4284081
3354253
3307452
1147621
4291911
3368503
4046233
4500250
1240302
0182602
4052593
2347770
2270982
1275960
2347511
2290272
2356181
2349660
3421990
2269512
4302411
3324342
2279123
4496830
4289361
3356713
2270772
3416661
3411351
4490110
0213621
0214671
1252332
2369051
0179242
4293861
2349120
1282290
1232772
3355483
1287450
2344530
4360822
2302073
2373581
4295751
3361393
1250502
4485280
4356172
4355782
1227443
3304062
2331300
4291941
4302291
4344382
1236972
4056733
0200092
3352723
4050493
3417190
4343872
2349630
1279980
3415180
3312012
2369621
4361332
3426891
1212713
1282410
3357703
4486720
4352962
4493410
3411141
0178762
0185242
3404950
4491370
1228793
3361033
2369021
3379603
0058560
1209743
3415000
1251222
4302201
2291903
2331390
2268822
2275872
2358431
4297281
4302921
3318432
4058083
3428560
4347232
4052773
1229543
1246452
4358572
2272962
2369951
2356061
3360913
2283623
1272270
4496410
4500310
4352182
2278643
2357621
2369801
1213613
3418120
4482310
2369261
4309491
3303102
1293090
4356622
4310631
4310541
2356001
3425380
4342642
1246032
2353151
0214791
4483180
0144323
1125511
3368563
4311531
2344710
4501630
1250442
3301722
2355131
3418630
3309912
1126651
4039993
1246632
1236492
4501690
1247772
0077700
3314772
2287062
3415750
1257672
2292413
4356082
4044223
1228673
4488760
1130701
4342762
2269152
3321612
2333190
0176812
1233972
0078450
4493590
4312851
3357853
3419470
2361311
4362082
3303462
1209503
4292481
3423051
1212233
3354883
3417880
1217663
3413530
2342760
4352032
4362952
2355581
3426021
2289702
0180082
4301331
4341052
2353350
2358341
2345910
4310391
0057990
2329590
0145823
1243242
0178732
2368601
2357141
2270892
3426561
3418480
4036783
0178192
3358183
0180472
3426910
1277610
4294671
3304812
0200002
1281630
1225433
3318072
4058173
3361153
3302082
0213591
3317142
3369283
4304931
0146363
1233852
0187522
4341352
3416320
4345732
1237812
3411231
1284990
2273082
3304902
2356031
1292670
2355941
3327192
4491220
2332860
4312881
4044523
4363162
3319242
4358812
4311471
3316392
0079620
0185062
3304302
2358101
2281512
3314952
1282380
2369081
3428331
4307721
1230353
2332440
3413980
2282622
3326442
4304751
1232202
0182722
2292552
3368173
2295863
2292593
2285412
1242222
1218533
4486180
1247622
2289582
3424401
3426321
3411970
3355183
0213711
2290662
3420111
0145253
2331690
2356391
4490860
2272452
0188812
1240602
4043743
4356262
4361932
4487050
2351790
1133341
4358632
0192052
3423531
3368383
2283893
4297131
1284390
1217483
4311861
1252632
1130011
2288862
2284932
3427101
3306342
0184372
4293711
4358992
2370041
3429981
2281602
3365593
2288772
4358692
3412000
4344562
4058023
1239762
3428691
3414160
4298451
4053553
1132501
2330310
0154433
0218841
2282472
3414130
4036153
3306102
1232472
0079740
2373161
4042303
2283192
2349090
4344682
1271130
3426760
4056373
3304932
0144593
1284270
3427791
1240632
3318852
1282800
4354912
2272092
1131751
3425740
2291562
3319782
3428920
1126231
3303252
3422841
3429160
4357492
4486540
2368961
4294191
4489030
0076200
3368923
4363282
4487440
1246062
1246512
1229183
4342132
3423171
0192472
2345880
3415330
3308382
1255932
3415660
1210043
1240272
4309281
1250802
3420790
4296471
1281750
3368593
3321462
3409180
2348021
3379393
1230623
1245222
3317052
0175762
0082500
1251072
4336702
4044253
4306911
0149873
4505260
2275152
3423910
2291543
3357643
1248792
1293390
2369411
4292811
4296081
3356593
0078750
4356442
1284660
1255902
4347202
2292623
1217903
1281600
4306761
4309341
1231133
0223401
0154493
3326772
3411190
4308981
2347380
4043293
2369321
1223963
0221031
1280940
2354280
1234812
2338740
2291682
3301662
4340062
1232712
3316002
3428001
3324312
3411400
1279800
2333040
4356502
2281722
3411880
1248942
3379453
0194092
3319692
1271070
4040353
3315822
3321732
3425590
4346692
4501750
2296973
1246392
3324132
3323622
4500400
4355812
0068970
2285363
4500700
4346302
4342432
3429010
2359211
3307722
4303221
3361423
3321912
3327522
4309671
4308441
3424941
1252872
1125361
3302052
1241772
3408580
1246092
2282802
1251042
0179092
2342580
4305831
0221811
3322032
4499230
3424011
2360231
1210403
3368863
0078630
1232862
4487920
2290812
2352971
4345822
2291273
4298211
3425421
2353680
2353710
2348561
0180112
3309072
4499470
4304571
3305082
3328212
2275362
3360763
3428931
2282262
3328062
4360252
1240692
3418210
4358512
2339160
0141383
4306941
3426921
3317922
4356112
3365293
4356952
2347110
2268642
4340542
1282770
0153593
4289151
4293021
3410890
2347751
1296060
0184132
4343482
4485670
0199432
3419140
4341682
3324162
1245042
1210253
3363883
2277072
0213531
4340122
1224383
4506670
3417700
2351340
3323292
2356931
0181072
1243752
3312132
0195922
4312131
4304031
2342340
3303042
1276080
0204051
1138651
2354040
4036303
3411531
1248642
2331870
2330790
2276532
4311981
2375711
4311591
4349062
1250652
3428121
4497430
4505650
3413290
3328302
4359712
2284493
4485880
4494580
3417070
4500880
1147441
1237242
4362442
4363252
3425451
4361542
3305712
4486870
2292522
1248822
4289181
3419800
1209953
2273292
4042123
4355242
4307061
3414910
2285472
1249452
1247532
3421360
2361191
4362832
4490710
4350442
0076050
4043053
2269752
3428301
4304361
4041163
4499680
0199762
4482670
2290092
4499350
1239792
2330910
3420670
3310002
3304452
1251132
3353593
1230773
3405310
4303911
1218293
3321972
2358671
3417940
4045513
0192652
4308741
4036453
3301602
4294761
2353421
2291082
4303431
0213561
3430071
1126621
1284870
4053583
2291513
4488040
0063240
3417220
0057960
1124941
3352873
4301421
4308591
4347382
2359361
3410170
2291322
3303522
4338832
0078600
1225403
0191572
3414550
3406900
3379753
4353172
1277460
3412840
3417130
3414291
1256682
2332590
1130491
2292282
4354612
4491400
2371661
2292192
3304992
3307962
4359472
4057753
4308111
4493680
0070500
2274042
4505020
3318042
2356781
3416140
3428571
4353292
4341412
4485580
1232412
4294371
3321642
4045063
2358461
3308172
4356592
3420100
1234152
3411291
4499830
2296883
3419200
2333400
4498960
2356241
1126771
2292462
2339010
0144263
3375133
0185662
0077850
3420520
4284981
1229873
4298271
2284403
3353773
2369591
2357891
0180562
4307361
4352572
4486570
2347650
4486480
1218053
2274132
2275182
3411010
2285052
4304541
2349750
1285590
3424551
4311201
3326232
4498930
2348201
3411310
0057390
2278703
4309581
4285221
4350292
2356511
4485820
4042843
4358392
0077670
1242072
1257522
2282952
3308142
3312252
3411561
3416781
3369133
3307992
1252992
3321822
4285191
1241502
1217273
0185572
1124911
1248732
2292312
3324282
1275930
4044283
3409330
4493440
4296111
0223251
2271222
2359151
2352150
3328332
3322242
3425541
2267232
4496800
4480060
4357012
4352782
3406570
3312402
1245582
4341712
2328780
4488580
4345762
1279740
0193852
2281122
2275062
3353953
0177052
0063600
3422751
0063120
1252242
1270650
2280252
2281452
2370281
1247802
4051003
4052323
4495870
1211693
4289331
1278750
3315522
4491010
0192112
3359923
0189322
1243722
1234002
3421330
4363042
2358251
1223753
3424191
4036333
2281332
4487020
4307031
2293452
4337212
1218863
3430161
3414100
1228913
0076230
4338922
4294221
4499500
3356533
4293891
4480090
4496770
3323262
0212631
4303131
1213373
0216531
2279772
2283102
1296900
3411640
1281420
2332980
4304691
1271790
3326802
2284392
3328452
0144713
1242342
3308982
4359622
1138051
4502710
2296943
0193912
3318762
4360072
4310931
3358063
0215781
2285333
0065100
1125001
4046533
4046353
3368353
3429471
3414250
2375591
1143151
3418390
3352663
4303701
1280130
1234242
4292511
0213351
2331330
2267112
0202192
0145373
4360192
2271942
1125121
0077490
1230383
4352842
4312521
2268762
4344472
3419061
2369711
3326892
4483630
0155483
4362772
2332620
3426381
0199582
4346662
4307631
2292443
3412780
2365361
2362211
1252482
0194302
3316062
2374721
4340332
3366313
1241382
2267502
0154073
3416260
0070530
3413140
2272632
4293171
1249032
2369681
4490380
3303762
4300221
4051123
4299591
4302021
3321162
1244862
3405160
1223783
2373611
4350232
4362262
0190462
4055803
1241442
2332470
4301751
4359862
4287891
1251762
4300491
4308141
3368053
2353001
2355911
4357792
3321372
3303162
3306462
0154403
3303372
3407140
0069840
0221391
3309252
4299471
1282650
4294011
0188482
4498300
0201111
3408820
2271342
1237782
4353352
4355152
4485250
3426640
4300581
3321402
2291663
4299291
1245552
4354732
0214491
3412011
4500550
2349030
4285281
2375531
0213741
1285530
1255662
0221781
3328422
1213403
3428530
0185422
0179572
3410320
3314802
3408970
3357223
0193672
4308081
4299381
3304002
2291303
2269092
4483450
4311111
2331600
3430101
3363793
3423861
2293632
1213103
4043383
4043263
2284902
1285710
4484440
4309641
4312251
1217333
4361002
3375163
4490410
0179452
4303641
1289310
2348471
4350682
4303971
4500760
2359721
1230413
1251582
4505140
4048873
3379783
4342192
3427401
4497610
4497550
0212661
2299043
4361302
1283340
2285603
1230143
2288142
2281212
3411250
1246602
2362421
2360471
4344652
1251342
2272272
0077460
4344352
3352963
4056463
2361851
3304662
3411100
4361512
4342222
3413331
4303581
3412060
0184942
4040053
2282862
1270710
2373191
2267172
4347652
1218143
3416740
3316302
4043713
0180352
2287902
1295490
3322602
3414580
2360531
2280852
3426951
4340752
3321852
3427761
4349662
3424521
3419380
0195532
0178672
4300041
2349300
3416170
2302193
3359833
2268072
4350712
0155393
3355573
4341112
3412600
2291633
2284103
2285292
3408850
1281300
1130431
1125601
0215091
3418870
1272720
2274732
4294521
3316182
2330190
4284111
4293441
4483390
3318252
1283100
2274792
3408790
4043323
4304271
2351550
0192232
3369013
4352602
1246272
1214003
4340512
4055863
2267292
1277280
4044013
2298293
4312401
2358551
2267142
4362232
2284662
3326532
1132531
4285821
4485790
2272812
4360852
0078930
0189112
4058143
4497070
4308291
4349002
2284043
3416110
3432711
2271312
3304092
2291652
3302952
3426111
1277760
4342162
2353361
4295001
4497130
1229333
4293321
1284780
2288442
4297671
1248672
3326352
4355332
0145313
3369073
2357681
4362112
4506610
0082380
2275722
2356451
2357081
1238082
2289852
4294551
4347112
1282350
3410991
0153623
2352941
4304811
3368713
2292293
3309792
4295841
2352701
2354160
2267952
4483300
3425481
2353560
4498780
1212473
4480420
0199972
4497160
3301812
1232322
1233792
4356862
0189232
1235052
0076680
0181642
0215691
1282830
3427641
1282950
2357951
2353860
3423441
1257702
1208423
4362922
2292503
2347721
4348942
2276592
1292850
4349872
3425121
1284330
3368023
4301481
3304782
2268612
2285543
0185032
3357523
2271162
0186382
0193162
2353061
4506130
4058053
2293812
1244412
0214731
4041373
4299651
0189142
3424431
4307691
2347481
3308712
3413271
3305232
3317442
2351370
3353473
1129021
3428751
4048813
1283490
3317172
4496530
4041283
1246842
0187102
2273322
4354162
1217303
0222231
0182422
3315642
3427881
2302313
3311412
3379663
4313721
0194542
4298151
3428391
3303852
4051033
0225471
3427461
1224503
2358041
2278493
3301362
2271372
3321492
4308411
4344802
4293471
3429651
4359322
4036663
1229063
3353263
3363733
2359901
3411730
1217633
4303371
4342612
4484410
3415960
3357103
3420940
4505560
3410830
4500130
2358311
2345970
4493290
1131811
0063420
0198532
2291352
0077310
2274582
2278553
1235892
2356211
1219883
2369561
0078960
3314622
4486990
2344350
4305111
1256082
0063300
4354222
2359451
3405760
4502380
0221841
2292072
1209983
1234932
2351610
4057873
0184432
4309911
3411910
1292730
3422901
0079650
4298391
3408400
4361452
1257252
1235142
1218803
1230683
1277100
4501240
2348321
2343030
4352542
4337902
1282530
2351520
1246002
3412180
4497520
1270590
0129443
4303611
2355311
3427581
0192742
1282590
2354220
0193882
1287270
4341232
4042153
2347740
4487680
1209893
2282022
0076770
2270142
4300911
4050583
2357021
3374953
4041673
4044763
3411370
4294491
2285442
3352783
4044703
4295091
3413260
3305682
3412660
3374983
1217453
4356892
1208633
1126081
4484950
0222171
4313481
2332020
1236342
3309882
3307392
2284452
1282260
0185692
4348102
3316092
3411021
1280100
1232273
2361221
2273022
4040413
3311322
1247982
4347052
1277970
4487980
3423711
4359682
4355032
3364123
1252512
3403630
0182542
3354553
2362541
3315912
3428980
0082440
4056523
3310662
4499650
3419710
3368953
3411441
4309731
4341592
2284722
1239942
1296870
4291881
1216193
0079500
1143721
3323382
0189172
3368653
2369981
2338920
1253322
1239342
4349482
4047343
2371781
4360012
3369253
2291742
3409270
4506730
1137031
4488520
0189502
3419980
3323232
3408910
4343662
4044793
3414351
4350382
3432801
4050523
0188122
2349600
4341622
2276652
4307511
4294581
2295803
2268972
4301901
2287512
4304061
4361392
0191482
3304572
3424881
4287801
0221961
2293992
3414040
3327312
4049113
0183952
2357531
3317322
1280790
4338712
1270530
4482070
4044643
4499200
2348531
1231013
3424581
1132441
3307542
4307451
3328152
0082560
1241802
3422080
4490170
4500520
1212263
4483120
2289162
1131721
3326622
2362481
3304212
1239522
3316752
2331540
1256742
2284482
0223131
3359863
1238442
1252392
0215031
2287692
3354943
4490650
2284853
2355161
1253022
4359952
2362301
2361941
2295743
1239312
4304661
3406840
2270922
2283983
2279802
1132831
0192352
4500790
4358092
2283953
4356652
1250892
2281392
1137091
3411040
3416620
2274492
1207433
1256982
2287452
2267982
2356631
3308682
1207523
4358332
3311442
3303072
4043413
1207493
0215151
1233942
4043953
4292721
4494040
4357582
2288232
3426831
0078990
2353590
4312311
3315882
3357763
4041763
2289642
2331630
2347571
0185932
1125151
4490470
3418660
3320262
4350592
0199102
0215451
4501330
2355371
2331720
1125031
3327492
2373131
1208303
2284283
0193462
4506250
1278810
4360762
0178702
4042333
4360102
4487500
3304122
3416770
4305681
1240572
0192682
2272842
2270352
3312312
2347290
1130581
2352330
1283700
3412930
3319602
1138621
3353383
1211843
1126051
3311622
0145403
2357261
4340992
2289012
0177682
4340182
4506100
0182632
4496980
4302651
3318132
3423730
0078390
0188632
1213133
4494220
2274072
1287570
0190372
1125691
3405220
1235862
4048843
4363372
4362562
1131661
0191452
4353202
4292871
4046143
2290932
3323532
3416350
2284313
3420190
2290572
3419110
4298421
1246422
3353413
0175792
1208663
1236522
2332560
3415840
0143783
2355611
2269212
4044583
0063570
3404890
4300191
3308862
2270082
2285513
2375381
3418840
0180622
1283010
3406870
0214851
3415480
4352662
2294363
3427701
3420201
4284651
0077610
2269572
2279682
0185122
4299171
2331990
4485970
1257042
2278583
0219981
2346000
3321282
4311501
1233612
3419620
3417760
2272032
1126681
0070440
2297243
3406600
0180412
4502590
4355632
3311592
2356421
3322392
3411160
3316962
4302501
1239822
2302433
4340902
4358452
3424371
1236132
2373491
0177652
3408670
3354733
2370401
3423801
1209623
1252122
1255092
4351012
2297063
4495090
3410871
3322092
2285183
4298331
1130371
1234092
3404860
3327822
3414610
1235982
3308652
1229513
1208453
4046983
1218893
0192862
4298691
1277490
4498420
1232502
4488730
4046023
3311022
4295121
4362862
3424000
2358011
3359893
4040323
2351910
4496200
4301061
0083070
0184972
4310571
3315702
2270862
4349722
2345790
1143541
3427221
4482400
0068880
4303311
3311112
0144563
4499110
3419830
2269242
3423261
3318462
3410530
4342672
4500340
0058170
1253112
4363582
2284992
4350352
4311441
3412480
0145343
4493710
4036603
0129323
1124671
1208183
1129111
2371721
1247862
1229783
2285663
1215113
4500850
2330010
1237272
1228883
1287660
4336882
0077280
3418090
3410841
4036393
1276050
2274612
4501600
2292323
1278660
1209923
1296360
2270232
4307151
3426190
0185452
2292132
3309372
4486930
3406450
3309222
4359982
4363672
4310691
2280162
4353022
3412330
1246482
1250562
3355063
0181702
4361482
3412300
4303011
0154643
1296330
3355033
0082410
2355551
4486270
3425631
2297303
3308082
3308772
2348291
4505590
3412240
3321882
4041883
4355542
2290452
3425950
2342280
3413620
2349690
3429141
1243002
3410691
4490500
2285802
2292263
3416290
4052353
1132801
4036243
2374631
3316722
0154733
4345972
4357222
3308022
4505920
1230653
4304241
4343692
1213073
0189382
4361032
3368443
3356863
2271102
4360042
4298031
3413301
1225013
3368293
2284883
1126261
3416230
3310602
0191512
4057813
4294041
1296930
3328512
4363612
3373693
3357493
1126201
4487140
2348411
0194572
4346722
3428661
4354882
0185482
3418540
2332080
0188752
3425871
3305022
2351640
1210073
3361813
2355011
3424611
4363642
3316692
2352210
3429381
4500460
3317202
4312101
3363643
2347140
4046053
4040983
2283803
1236942
4313841
1243692
3355213
3413350
0057030
0216471
1228313
1147411
3425751
2343120
4297731
3322272
3318552
0178252
1289190
3432651
2276142
3303492
4488550
4308831
4343422
0223221
2286852
4487860
1149241
4312611
3416590
4313781
3422721
3354313
0178642
1235682
4360132
1231212
1241562
1297020
2359691
4041193
2284133
4490560
1125061
1232262
3303432
4308921
0149993
1251852
2270112
4362652
0180442
1281000
3315012
2273892
1257342
1229423
4338802
4044673
2267892
4493890
4310781
3327072
3375073
0184462
3323442
3415630
1247142
3303312
2357381
1241622
4283091
4296411
4283751
2353511
3327222
1211513
4350742
0223281
2346071
2269632
3361663
4354852
3319152
4358902
3415570
3410740
4044973
3316542
1212983
1246992
2267592
4040683
3321552
2369831
2352090
3413361
3312102
1287780
1217213
4351162
4358542
2333370
1210223
1281240
3429171
4293741
3316452
0154673
0189472
2371691
4289271
4361692
4302771
3360643
1232952
3363703
2284193
1242012
0180322
1124701
2370311
1218563
4349572
2331780
4294821
2288982
3411760
0189352
0153683
4337872
4502470
2357771
2291483
1287540
4487830
2280192
2290902
2294052
2359181
1282860
0077640
4490590
3414411
2293692
1210493
2298773
4491610
2352731
1127491
2281422
3324522
4499020
4341382
0220971
2295833
3361753
1246872
0073380
3326202
2355971
2373011
4349542
2280042
3421000
0153113
4358212
1247232
4036813
3353833
3416721
2291783
1285740
1224833
0186712
1282110
4505620
1237092
0223491
4505110
3375913
1232652
2279862
4057933
4301631
3413920
3414790
3417850
1218173
3410350
3305142
4482730
1283460
4056433
2272422
2290152
1252062
2273652
1296840
1233432
3305922
4497580
2362511
3326592
3305292
4284921
1243422
3405910
0198892
1207463
1240092
4308891
2302013
4361902
3303402
1223183
2333130
1256862
0063000
4506760
1236252
3360463
3405820
3408280
3424731
1211663
3310302
3361123
2268912
1217993
0176842
4347502
2355281
2283072
0144353
1250172
4501420
4041433
2269692
1278570
0195682
1143601
0191152
0193132
4298541
1246182
2271642
4483600
4338472
2347470
0145013
0177952
2353890
3411130
2359571
1283430
0076020
1247052
0153233
0145223
4293381
0077580
1229663
2349900
2284962
0200062
4293651
4292451
4495150
1222673
3326262
4504120
3361303
0182002
3368983
1247022
2285483
4052683
4488010
4052743
1251882
4487740
1279860
0145193
4349032
4494430
4489120
3433071
3354703
3308292
2287392
1239852
1255242
1231482
3410920
2353091
2350320
3425560
1239492
0194362
4355752
2292203
4036513
1292790
3327012
4353082
3420051
3413110
3429130
3314982
0194332
4056703
4506370
2280882
4496380
4353412
0191992
1282680
2273172
0078540
3304272
2290032
0145553
2287362
2347440
4338532
0192772
1247352
1252152
4499410
3364063
2339250
1231542
0063480
2358611
1230023
0184882
3311862
4482910
2339310
3429411
3421600
3418330
0215871
1218383
4345282
3364093
4344142
2359811
3427311
3354643
1234692
4292781
3359773
4491460
3357163
3354823
3369163
1287060
4485310
4488880
4343782
3428481
2272002
3361333
0191242
2292342
0213651
4344202
3319812
3405700
4041943
4299711
4057843
1284480
1257132
2302373
2371391
4358662
2344560
3427911
1210463
0215391
3429621
3327282
4490530
2297093
3405250
2279063
0182152
4486960
4498720
2275482
2349840
4484830
4344082
3316482
2285832
4497400
4497490
2348441
4354282
2279952
1278930
4356052
2333430
2277282
3326142
2351850
4361212
3323802
1287510
4350412
2359541
1222733
4291671
3354463
4489990
2357981
3419770
3419080
3426130
3311292
3315762
3425841
1247292
2373071
2277042
2359931
3423790
1296780
1237212
4482790
0179602
2296913
4305621
3319842
4490890
4303251
3421450
3420880
0154763
3416470
0145073
4289421
4361062
4301181
1236072
1278210
4349512
3314832
2270652
4496740
4284711
1282140
0144293
0137903
3355663
2341470
3328482
4341652
4493530
2291292
4306881
4356982
0193072
2347620
3306612
1213193
1240902
2289792
3315672
3415780
1279950
4042273
2369441
3308352
2281782
0073260
1209413
2292432
1245732
3367873
1217723
3428961
4337572
4501930
1295130
0189442
2294022
3419020
3416440
3414070
2272752
0077400
4494340
0078900
0222111
2332290
1247502
4353532
2374271
3363673
0180952
4499440
1233072
1246122
2282532
4484650
2269332
4499590
1238052
0058140
4494610
4285101
1277010
2357741
1236312
0146213
3327972
1272600
2291382
4353322
2280012
4056673
2272722
1248912
4305591
3406510
4506940
1130071
4293141
1213013
4294461
4506040
0215121
3424491
2349060
4357162
4284201
1212323
3411550
4044343
0181762
0196072
3320202
3403690
2290332
4360522
2280102
4303161
0068520
3364003
3412390
0201051
3360973
1246332
4040893
3423891
1209443
0184612
4044463
2294993
3414310
4305771
2288172
4361362
0218871
2271072
4362322
2269962
2284253
3417640
3432951
4311711
1244652
0228111
1222823
0176932
0077910
4056073
3410901
3365383
4493650
3425770
3307272
2298203
4358782
0180262
2342670
4350772
4297941
2357651
1281360
1125451
3428181
4349632
3426231
3376333
4046413
4355872
4047193
2274192
1287810
3420141
0194122
3355093
4486600
3420580
3421840
2285682
2280132
4346542
4336762
0069060
2293782
3412030
3319872
0177742
1239972
1246962
3415240
0177862
2347691
2279183
3428541
4041913
0177472
1253592
4299411
4358032
3379513
4349122
2329890
2283773
2280372
0063450
2297153
1245612
2355071
0201472
2285652
2369351
0195742
4488700
2331480
4298601
4309791
0063150
3415870
4345672
2352000
0192292
2284373
2289432
3311202
3426051
1210103
4499740
1249212
0145283
3422871
1244262
2297273
4360312
2285322
1230263
0214401
1207313
1278330
3422781
2352671
1278960
3301632
4048993
2375501
2350020
3304392
4491130
3410721
1287330
3355003
0188422
0226071
4312731
3355333
4506400
3423921
4480300
0192382
1287240
4355962
1242102
2354981
4340872
3304842
3411111
4299831
4355002
4294641
1209533
3365563
2289462
1217783
1250082
1212443
3304182
3430011
3324402
4352872
0201502
1245672
4303821
1143661
2287542
2289972
4041823
4490620
3421150
4302711
4304511
4497100
0189052
3417430
2280492
4342732
4348912
4355362
1244742
3327162
4309971
4491070
3413740
4352512
4350652
2287962
1280880
1283160
3368233
3425991
4357102
3425890
4491190
1281960
1236762
3312162
2284703
0204081
1248522
2373401
0188872
1234362
4486300
4047313
0144473
3301392
3311562
4302381
2272062
0076170
2354051
3311772
2332740
3411171
2267322
4300551
4337662
1238652
4036123
2278613
3326682
0146153
3310542
0185002
0193792
3368773
3419841
0192202
4304451
2342550
2270382
4345612
3411700
2369171
4342462
4295871
3327402
4304721
0153713
3310032
3426201
3310212
0147953
2276022
4055893
4342402
4361752
4301811
4362742
2342310
3308052
1232142
0218391
2352791
2374391
2356991
4293771
2267532
2292023
4499950
2289912
2292053
4293501
4301721
2291952
3324372
0212451
2284733
4484710
1249362
3405730
4301391
2284073
3409000
1277400
1234842
3428890
3421630
0076140
0223311
3322752
1254432
3407800
4040293
1232172
4042813
2267652
1236912
1282170
4045123
4047103
4310061
1239582
3427191
4300371
1229153
2357711
1214213
1232382
2273862
4500610
4344262
4056553
1255632
1271670
2348051
4490830
2331750
2290542
4307211
3421300
3416691
3360733
3432981
4485490
4053673
1210373
3302922
4505950
2359511
3326742
1279890
4495990
4294881
2355101
3410860
0215901
0063090
2356361
2278523
1253232
3303192
2370431
1125721
4299981
4057723
0215211
1233282
2282922
4310211
0214581
2287212
4491040
3311832
4298061
2342250
3428901
4486750
0153083
3307812
2291982
3411520
1251942
2332380
3423621
3320232
1212203
4304391
1251252
2274642
1213493
4494670
2280312
3425601
3412120
3316662
2369201
4052803
3312342
1246362
2373551
0063060
4313391
3415720
4043143
4360402
4297191
4503640
3426501
4041703
0153473
4312581
1251672
3357553
2356331
4342522
3354973
4498450
1241352
3360673
2370161
3357583
1244682
3418750
4490050
0077940
3426850
4361572
2274402
1213223
2345370
2270172
4342942
3415150
4493800
4352482
3376423
3426771
4044193
2288532
1224533
1213313
0194182
3424251
3418900
1236102
1234182
3408610
1289670
4295781
4310361
2331840
0188032
2353830
3429351
4481410
4308501
1221473
3411670
4298181
4304871
2274012
0154853
2359601
0180382
4305051
0153953
1229123
3424221
4482280
1247562
3411981
4336732
0189082
2295773
0179812
2329770
0214371
3322362
4052473
1248762
0069030
2357471
1210673
1216163
1125391
2272212
2357231
4357192
4498600
2292372
1233312
4505470
1256772
3429111
2285172
3326472
3423291
4360222
2291022
1229963
4361152
1215023
4349782
4042183
2353601
3320292
2342100
2348400
3355303
4041073
1242612
3426940
4500490
3421660
4344412
4342072
1282020
1248042
1248492
3307902
1295070
4303851
4291701
2362271
4341322
1144321
2272152
4355662
3323772
1272300
1230173
0188602
3426981
3357613
0064350
1281270
3406660
2332500
1245642
4349452
3423021
0181672
4284951
1131481
2370371
1144261
4494370
0195052
3419500
3420250
3357883
2357501
0082590
1231992
3360193
3419301
1126291
4311411
2291802
2269902
2349990
1218233
3432621
2272182
3363943
4484770
2269872
1283850
1216523
3425680
1212803
3418990
3352843
1232562
2271582
3413320
3418180
3318402
3422931
1143751
4036423
4294731
1236282
4493620
2339070
4289301
2297213
3357913
2291922
4300671
4493950
4342912
0177382
1284750
1133401
3311172
4359382
0184012
4300731
1287180
4036753
2355701
0063360
1275690
4308861
1211783
1223363
1129051
1246692
4291791
2348190
3327942
0201442
2274702
4036483
3314742
3307302
1278240
4496350
3355603
3318192
4309821
3319542
3410950
0212571
4299201
1275630
3420400
4312011
3327882
2349270
0213381
1223003
1281030
4481380
2347530
1270740
2288712
0153203
2346060
1137181
2268702
2290992
3368533
4302081
1209383
4354012
1126801
2275662
3301692
2361161
0201382
1271700
1293150
0058080
1244592
2283743
4343902
4287321
4292961
3379693
4502230
1212143
2368691
3415090
3301782
2360111
4347862
4043113
2284463
0212751
0182032
3323652
4485910
2351490
1129081
3408490
2347661
1124581
1210283
0175852
2370221
2279292
4337422
3411201
3369463
0219801
1207373
2284583
0062730
4363312
4354942
2359091
2285622
3409120
3353563
4302471
3353863
0199882
3355363
1241322
3414520
4296321
3410590
1131841
3308802
4493260
2290362
2347631
4352812
0184522
1283670
2360261
3311802
4357372
3322482
3309042
4296651
2270592
4340452
2280462
3420231
3411220
1234872
0154103
2271732
2288082
1295370
2275632
3415360
4483270
1240002
3326082
4488310
1255962
2298353
3415300
1128991
1208483
2362871
0079530
3328272
2284823
4056253
1247382
1296690
1251402
1254792
1277880
4295301
3307692
4354342
4490140
2329800
2298983
3406390
4303881
3418930
1239432
3326172
2368661
4297371
3426580
0191092
2353800
1284450
4496320
2285262
1126561
3419211
3310152
1278780
4309161
4342792
4299621
3324102
0200242
4340572
4311561
4489060
2290122
3423471
4486690
4337632
2291052
3322152
1238112
4486660
1285650
2289372
0193222
4310121
4293291
3418360
1137991
3419530
2329860
2272872
4309701
4359652
3352813
2352881
3356953
1230083
4313601
0177712
3375403
4300311
3424041
2369381
2332230
1292970
1234962
0190552
1256112
0153743
2302463
0153533
4301091
3303822
2347710
2276682
1243302
1210523
4357432
1283730
1284540
1212353
2339190
4354072
3321432
3315282
0070470
3306582
3405190
1283250
1208543
1272780
3419740
3305352
4058203
1151881
1230443
0153323
3309132
2337990
1225343
3373873
2348130
3417610
2366921
2302643
4052563
4308051
2298923
3361783
4293411
2331660
1231103
2287032
1271100
1278480
4355692
2338830
3420321
4504060
4484470
4482820
0214911
1229693
2291892
4042903
4495960
4341172
4501510
2358881
4043863
3407440
4307301
0215631
4353802
3429190
3369373
0193102
4346632
1246932
3301422
2329620
3421120
2282112
4312761
1211543
0145913
2365241
1209593
4363462
4302261
3415210
3423981
0058020
0214311
4482580
3353503
2282442
1235922
2275242
4303191
4485430
1223663
4359742
4295271
2362571
4296291
4494550
2267562
0181882
1242162
4341562
0187612
0179482
1253202
2328000
0220851
3358303
2272932
0193192
4340482
3316632
4486210
1287300
2355851
2272992
3411460
1277940
3406930
4496590
3307362
2275992
1245462
2353950
4045303
3427341
2275422
1233252
4358302
3353023
4357042
0201682
2352611
3301572
3361633
3408760
3427161
3429531
1244982
0193282
1229573
4363342
0188662
1247922
3419661
3410410
4312461
4498840
4498630
4342342
3410620
1284180
2344620
0154343
3360613
4480240
3308562
4361662
3306402
1130461
0222141
4494160
4498750
4484620
2352060
3356653
4284771
1137061
3417100
4350262
2289222
4044883
0144803
0129683
4362382
4493560
4497340
3414700
4353592
1257102
4484890
1251552
4344292
2269542
2348591
3426861
4040113
1222853
4485400
1222883
4361122
2342130
4342282
0188722
4496140
1209773
0187462
4496560
3358363
1239552
4345702
3429231
3414340
4349992
0222021
2353320
3410751
4496470
4481920
2374571
2362091
2269032
2331240
1250952
3423760
1281090
4360342
1213163
2291933
3305562
4359142
2302553
3408550
4497190
3411591
4309431
0214941
0187972
4489960
1234902
1295280
0182662
2356661
3367903
1218923
4041013
1207553
1256142
1292760
1138591
3432771
0187642
3421180
4490920
2292252
3360793
3418720
3414850
3305502
4305471
4303731
1277070
2271612
4308771
3308892
1232622
4302351
4288941
0143453
2345460
2269002
4048783
1277430
3307212
2332950
0077790
3413811
4299861
4341022
2372951
4300971
1276020
3414880
2348111
2285423
4310301
2290752
4338892
3361453
4346932
4287981
3353083
3412420
4050553
2284752
1243602
4505380
4484860
3416020
0195892
3360823
4490020
4041973
4045963
1242642
4310901
1222763
0153293
3403540
3352753
3405040
2283713
1251972
4349302
3425061
3414381
4044133
3355393
0069120
4036213
0144233
4504960
2328030
2284842
1231242
2284542
0188782
2359031
0191422
4302741
4305381
0178162
0188452
2352761
4483480
1271760
2291753
1218743
1234542
1234122
4481950
4359772
4337152
0180532
3424911
1236432
0216411
1244802
3324192
4309191
2282742
3324012
4295241
4056343
2294843
1124761
3420610
4300701
1126321
2285243
4303461
4356322
4359022
4310271
2357291
4491100
2361101
2273202
0180292
4053043
4301871
2291832
0187912
3430131
0055680
0055710
0055740
0055770
0055800
0055830
0055860
0055950
0056010
0056250
0056760
0056790
0056850
0056910
0056940
0056970
0057000
0057060
0057270
0057300
0057330
0057360
0057420
0057450
0057480
0057570
0057630
0057930
0058410
0058440
0058650
0058680
0058710
0058740
0058770
0058830
0058860
0058890
0058920
0058950
0058980
0059010
0059040
0059070
0059160
0059220
0059550
0059640
0059730
0060030
0060330
0060360
0060480
0060510
0060540
0060570
0060630
0060660
0060690
0060720
0060900
0060930
0060960
0060990
0061020
0061050
0061110
0061140
0061170
0061200
0061230
0061260
0061290
0061320
0061350
0061380
0061410
0061470
0061500
0061530
0061560
0061590
0061620
0061650
0061680
0061710
0061740
0061770
0061830
0061860
0061890
0061920
0061950
0061980
0062010
0062040
0062070
0062100
0062130
0062190
0062220
0062250
0062280
0062310
0062340
0062370
0062430
0062490
0062550
0062580
0062640
0062670
0062700
0062820
0062850
0062880
0062910
0062940
0063270
0063630
0063660
0063720
0063750
0063780
0063810
0063840
0063870
0063900
0063930
0063960
0063990
0064020
0064080
0064110
0064290
0064320
0064440
0064470
0064710
0064740
0064770
0064830
0064860
0064890
0064920
0064980
0065070
0065130
0065160
0065190
0065220
0065250
0065280
0065310
0065340
0065880
0065940
0066510
0066540
0066810
0066840
0066870
0066900
0066930
0066960
0066990
0067050
0067080
0067110
0067140
0067170
0067200
0067230
0067260
0067350
0067500
0067560
0067710
0067740
0067800
0067830
0067920
0067950
0068190
0068340
0068460
0068580
0068610
0068640
0068670
0068700
0068730
0068760
0068790
0068820
0069090
0069150
0069180
0069210
0069240
0069300
0069330
0069360
0069390
0069420
0069450
0069480
0069600
0069930
0069960
0070110
0070560
0070590
0070620
0070650
0070740
0070800
0070830
0070920
0070980
0071160
0071310
0071370
0071580
0071970
0072030
0072360
0072600
0072630
0072660
0072720
0072750
0072930
0073080
0073440
0073860
0074100
0074130
0074160
0074190
0074220
0074250
0074280
0074310
0074340
0074370
0074430
0074460
0074610
0074670
0074730
0074910
0074970
0075090
0075120
0075150
0075180
0075240
0075270
0075300
0075330
0075360
0075390
0075420
0075450
0075480
0075510
0075540
0075600
0075630
0075660
0075690
0075720
0075750
0075780
0075810
0076260
0076320
0076350
0076380
0076410
0076440
0076470
0076500
0076530
0076560
0076830
0076860
0076890
0076950
0076980
0077040
0077070
0077130
0077160
0077190
0078060
0078210
0078240
0078780
0079020
0079050
0079110
0079140
0079170
0079200
0079230
0079260
0079290
0079320
0079350
0079380
0079410
0079770
0079830
0079860
0079920
0079950
0079980
0080010
0080040
0080070
0080280
0080580
0081540
0081600
0081690
0081750
0081960
0082140
0082170
0082200
0082230
0082260
0082350
0082650
0082710
0082740
0082770
0082800
0082860
0082890
0082920
0082950
0082980
0083010
0129383
0130343
0130403
0130853
0131153
0131183
0131213
0131243
0131273
0131303
0131333
0131393
0131423
0131453
0131483
0131513
0131543
0131573
0131603
0131903
0131963
0132053
0132293
0132383
0132473
0132773
0132863
0133073
0133103
0133283
0133313
0133643
0133883
0134153
0134183
0134393
0134483
0134543
0134663
0135173
0135203
0135233
0135503
0136103
0136343
0136403
0136613
0136673
0136793
0137663
0138383
0138443
0138983
0139553
0139583
0139943
0140033
0140063
0140093
0140123
0140153
0140183
0140213
0140273
0140303
0140333
0140363
0140393
0140543
0140603
0140723
0140753
0140783
0140843
0140963
0141233
0142343
0142373
0142403
0142433
0142493
0142523
0142553
0142613
0142643
0142673
0142703
0142733
0142763
0142853
0143573
0143603
0143633
0143663
0143693
0143723
0143753
0144113
0144143
0144173
0144203
0144623
0144653
0144773
0144833
0144863
0144893
0144923
0144953
0144983
0145643
0145673
0145703
0145763
0145943
0145973
0146003
0146483
0146753
0146903
0147083
0147143
0147203
0147383
0147653
0147713
0147893
0149153
0149333
0149393
0149423
0149543
0150413
0150773
0150893
0151103
0151133
0152543
0152753
0152783
0152813
0152843
0152993
0153023
0153053
0153563
0153653
0153893
0153923
0153983
0154013
0154133
0154163
0154193
0154253
0154283
0154703
0154823
0154883
0154913
0154973
0155003
0155033
0155093
0155123
0155153
0155183
0155213
0155243
0155273
0155303
0155603
0155633
0155663
0175882
0175942
0175972
0176002
0176032
0176062
0176092
0176152
0176182
0176212
0176242
0176272
0176302
0176332
0176362
0176392
0176422
0176482
0176542
0176572
0176602
0176962
0176992
0177082
0177112
0177172
0178012
0178042
0178072
0178102
0179842
0179872
0180652
0180682
0180712
0180742
0180832
0180862
0180892
0180922
0181192
0181402
0181492
0181582
0182212
0182242
0182272
0182842
0182902
0183112
0183442
0183682
0185902
0186022
0186082
0186172
0186232
0186832
0186922
0186952
0186982
0187072
0187192
0187222
0187252
0187282
0187312
0187342
0187402
0187492
0188152
0188182
0189562
0189592
0189652
0189742
0189772
0189802
0189832
0190072
0190102
0190162
0190192
0190222
0190252
0190312
0190342
0190702
0190732
0190792
0190822
0190852
0190882
0190942
0191002
0191032
0191062
0191632
0191662
0191692
0191722
0191752
0191782
0191812
0191842
0191872
0191932
0191962
0192022
0192532
0192592
0192712
0192892
0192922
0192952
0193972
0194002
0194062
0194602
0194632
0194662
0194782
0194872
0194932
0194992
0196132
0196162
0196192
0196252
0197122
0197182
0197212
0197332
0197752
0197782
0197842
0197932
0197962
0198082
0198112
0198202
0198891
0198921
0199041
0199131
0199161
0199191
0199221
0199251
0199281
0199311
0199341
0199401
0199431
0199461
0199491
0199521
0199551
0199581
0199611
0199641
0199671
0199701
0199761
0199791
0199821
0199851
0199852
0199881
0199911
0199941
0199971
0200001
0200031
0200061
0200121
0200151
0200211
0200241
0200271
0200272
0200302
0200332
0200362
0200391
0200392
0200421
0200422
0200451
0200452
0200481
0200482
0200511
0200541
0200572
0200601
0200631
0200632
0200691
0200721
0200751
0200752
0200781
0200782
0200811
0200841
0200842
0200871
0200901
0200931
0200991
0201021
0201141
0201171
0201172
0201201
0201231
0201261
0201291
0201351
0201381
0201411
0201441
0201471
0201501
0201531
0201532
0201561
0201562
0201591
0201621
0201651
0201711
0201741
0201742
0201771
0201772
0201801
0201802
0201832
0201861
0201862
0201891
0201892
0201921
0201922
0201951
0201981
0201982
0202011
0202041
0202042
0202072
0202101
0202102
0202131
0202132
0202161
0202191
0202221
0202251
0202281
0202311
0202341
0202371
0202372
0202401
0202402
0202461
0202462
0202491
0202492
0202521
0202522
0202551
0202581
0202582
0202611
0202612
0202641
0202642
0202671
0202672
0202701
0202702
0202731
0202732
0202761
0202762
0202792
0202821
0202851
0202852
0202881
0202882
0202911
0202912
0202941
0202942
0202971
0202972
0203001
0203002
0203031
0203032
0203061
0203091
0203121
0203181
0203211
0203241
0203271
0203301
0203331
0203361
0203391
0203421
0203451
0203481
0203541
0203571
0203601
0203631
0203661
0203691
0203721
0203751
0203781
0203811
0203841
0203901
0203931
0203961
0203991
0204021
0204111
0204141
0204171
0204201
0204261
0204291
0204321
0204351
0204381
0204441
0204471
0204501
0204531
0204561
0204591
0204651
0204681
0204711
0204741
0204771
0204801
0204831
0204861
0204891
0204921
0204951
0205011
0205041
0205071
0205101
0205131
0205161
0205191
0205221
0205251
0205281
0205311
0205371
0205401
0205431
0205521
0205551
0205581
0205611
0205641
0205671
0205701
0205731
0205791
0205821
0205851
0205881
0205911
0205941
0205971
0206001
0206031
0206061
0206091
0206151
0206181
0206211
0206241
0206271
0206301
0206331
0206361
0206391
0206421
0206451
0206511
0206541
0206571
0206601
0206631
0206661
0206691
0206721
0206751
0206781
0206811
0206871
0206901
0206931
0206961
0206991
0207021
0207051
0207081
0207111
0207141
0207171
0207261
0207291
0207321
0207351
0207381
0207411
0207441
0207471
0207501
0207531
0207561
0207621
0207651
0207681
0207711
0207741
0207771
0207801
0207831
0207861
0207891
0207921
0207981
0208011
0208041
0208071
0208101
0208131
0208161
0208191
0208221
0208251
0208281
0208341
0208371
0208401
0208431
0208461
0208491
0208521
0208551
0208581
0208611
0208641
0208701
0208731
0208761
0208791
0208821
0208851
0208881
0208911
0208941
0208971
0209001
0209061
0209091
0209121
0209151
0209181
0209211
0209241
0209271
0209301
0209331
0209361
0209421
0209451
0209481
0209511
0209541
0209571
0209601
0209631
0209661
0209691
0209721
0209781
0209811
0209841
0209871
0209901
0209931
0209961
0209991
0210021
0210051
0210081
0210141
0210171
0210201
0210231
0210261
0210291
0210321
0210351
0210381
0210411
0210441
0210501
0210531
0210561
0210591
0210621
0210651
0210681
0210711
0210741
0210771
0210801
0210861
0210891
0210921
0210951
0210981
0211011
0211041
0211071
0211101
0211131
0211341
0212001
0212061
0212091
0212121
0212151
0212181
0212211
0212241
0212271
0212301
0212331
0212391
0212781
0212841
0212871
0212901
0212961
0212991
0213021
0213051
0213081
0213111
0213171
0213201
0213231
0213261
0213291
0213321
0213411
0213441
0213471
0213771
0213801
0213831
0213951
0213981
0214011
0214041
0214071
0214101
0214131
0214161
0214191
0214221
0214251
0214971
0215961
0215991
0216021
0216051
0216111
0216231
0216261
0216291
0216321
0216651
0216681
0216711
0216741
0216771
0216831
0217011
0217041
0217071
0217101
0217131
0217161
0217191
0217221
0217251
0217371
0217431
0217671
0217851
0217881
0217911
0218061
0218091
0218121
0218151
0218181
0218241
0218271
0218301
0218331
0218361
0218421
0218451
0218481
0218511
0218541
0218631
0218661
0218691
0218721
0218751
0218781
0218811
0218901
0218931
0218991
0219021
0219051
0219081
0219111
0219141
0219171
0219201
0219231
0219261
0219291
0219411
0219441
0219471
0219501
0219531
0219561
0219591
0219621
0219651
0219681
0219711
0219771
0219831
0219861
0219891
0219921
0219951
0220011
0220041
0220071
0220281
0220311
0220341
0220371
0220401
0220431
0220461
0220521
0220551
0220581
0220611
0220671
0220701
0220731
0220761
0220791
0220821
0221361
0221421
0221451
0221481
0221511
0221541
0221571
0221661
0221691
0222261
0222291
0222321
0222441
0222471
0222621
0222861
0222891
0222921
0222951
0222981
0223551
0223911
0223941
0224001
0224031
0224061
0224091
0224121
0224151
0224181
0224271
0224421
0225531
0225561
0225831
0226041
0226101
0226131
0226281
0226341
0226371
0226401
0226431
0226761
0226791
0226911
0226971
0227511
0227661
0227931
0227961
0227991
0228021
0228051
0228081
0228141
0228171
0228201
0228231
0228291
0228321
0228351
0228381
0228411
1123951
1123981
1124041
1124431
1124461
1124821
1124851
1125661
1125961
1126381
1126411
1126441
1126471
1126921
1126951
1126981
1127011
1127041
1127101
1127251
1127311
1127341
1127401
1127431
1127521
1127791
1127821
1127881
1127911
1128031
1128061
1128091
1128631
1128661
1128691
1128721
1128751
1128901
1128931
1129141
1129171
1129201
1129231
1129261
1129291
1129351
1129381
1129411
1129441
1129471
1129501
1129531
1129561
1129591
1129621
1129651
1129711
1129741
1129771
1129801
1129831
1129861
1129891
1129921
1129951
1129981
1130101
1130131
1130161
1130221
1130551
1130611
1130641
1130731
1130791
1130821
1130851
1130881
1130911
1130971
1131001
1131031
1131061
1131091
1131121
1131181
1131211
1131241
1131271
1131301
1131331
1131361
1131391
1131421
1131451
1131541
1131571
1131601
1131631
1132021
1132051
1132081
1132111
1132141
1132171
1132201
1132231
1132261
1132291
1132321
1132381
1132411
1132651
1132681
1132711
1132741
1132861
1132891
1132921
1132951
1132981
1133011
1133041
1133101
1133131
1133191
1133221
1133251
1133281
1133551
1133581
1133611
1133671
1133911
1133941
1134061
1134121
1134391
1134541
1134661
1134811
1134841
1135021
1135531
1135591
1135711
1135921
1136101
1136251
1136401
1136641
1136671
1136731
1136761
1136791
1136821
1136851
1136881
1136911
1136941
1136971
1137271
1137301
1137331
1137391
1137421
1137451
1137481
1137511
1137541
1137571
1137601
1137631
1137661
1137691
1137751
1137781
1137811
1137841
1137871
1137901
1137931
1137961
1138171
1138201
1138231
1138261
1138291
1138321
1138351
1138381
1138411
1138441
1138501
1138531
1138681
1138711
1138801
1138831
1138861
1138921
1138951
1138981
1139011
1139041
1139071
1139101
1139131
1139461
1139641
1139941
1140091
1140271
1140421
1140541
1140601
1140661
1140751
1141231
1141531
1141681
1141951
1141981
1142011
1142701
1142731
1142761
1142791
1142821
1142881
1142911
1142941
1142971
1143001
1143031
1143061
1143091
1143181
1143241
1143271
1143301
1143331
1143361
1143391
1143421
1143451
1143481
1143811
1143871
1143901
1143961
1144081
1144111
1144171
1144561
1144591
1144621
1144651
1144681
1144711
1144771
1144831
1144861
1145161
1145221
1145461
1145491
1145521
1145671
1145701
1145731
1145761
1145791
1145821
1145971
1146151
1146181
1146241
1146331
1146361
1146391
1146421
1146451
1146481
1146511
1146541
1146601
1146631
1146661
1146691
1146721
1146751
1146781
1146811
1146841
1146871
1146901
1146961
1146991
1147021
1147051
1147081
1147111
1147141
1147171
1147201
1147231
1147261
1147321
1147591
1147651
1147711
1147741
1147771
1147801
1147831
1147861
1147891
1147921
1147951
1147981
1148011
1148071
1148101
1148131
1148161
1148671
1148701
1148731
1148761
1148791
1148821
1148881
1148941
1148971
1149001
1149031
1149061
1149091
1149121
1149151
1149181
1149211
1149301
1149331
1149361
1149391
1149421
1149451
1149481
1149511
1149541
1149571
1149601
1149661
1149691
1149721
1149751
1149781
1149811
1149841
1149871
1149901
1149931
1149961
1150021
1150051
1150081
1150111
1150141
1150171
1150201
1150231
1150261
1150291
1150321
1150381
1150411
1150441
1150471
1150501
1150531
1150561
1150591
1150621
1150651
1150681
1150741
1150771
1150801
1150831
1150861
1150891
1150921
1150951
1150981
1151011
1151071
1151131
1151161
1151191
1151221
1151251
1151281
1151311
1151341
1151371
1151401
1151461
1151671
1151761
1151791
1151821
1151911
1153561
1153711
1154071
1154281
1206893
1206923
1206953
1206983
1207013
1207043
1207073
1207103
1207133
1207163
1207193
1207253
1207283
1207703
1207853
1208093
1208123
1208243
1208723
1208753
1208783
1208813
1208843
1208873
1208903
1208933
1208963
1208993
1209053
1209113
1209173
1209203
1209233
1209263
1209293
1209323
1209353
1210733
1210763
1210793
1210823
1210853
1210883
1210943
1210973
1211003
1211033
1211063
1211093
1211123
1211153
1211183
1211213
1211243
1211303
1211333
1211363
1211393
1211423
1211453
1211483
1214753
1214783
1214813
1214843
1214903
1214963
1215143
1215173
1215203
1215263
1215293
1215323
1215353
1215623
1215653
1215683
1215713
1215743
1215773
1215803
1215833
1215863
1215893
1215923
1215983
1216013
1216043
1216103
1216133
1216223
1216253
1216343
1216403
1216433
1216463
1216583
1216613
1216643
1216703
1216733
1216763
1216793
1216823
1216853
1216883
1216913
1216943
1216973
1217003
1217063
1217093
1217123
1217153
1217183
1218953
1218983
1219013
1219043
1219073
1219103
1219133
1219163
1219223
1219253
1219283
1219313
1219493
1222043
1222073
1222103
1222253
1222373
1222403
1222433
1222463
1222493
1222523
1222553
1222583
1222613
1222643
1223543
1224023
1224053
1224083
1224113
1224143
1224173
1224203
1224233
1224263
1224323
1224413
1226363
1226393
1226663
1226693
1226723
1226753
1226783
1226813
1226843
1226873
1226903
1226933
1226963
1227023
1227053
1227083
1227113
1227143
1227533
1227563
1227593
1227623
1227803
1227833
1227863
1227893
1227923
1227953
1227983
1228043
1228073
1228103
1228133
1228163
1228193
1228223
1228253
1228283
1229093
1230803
1230863
1230893
1230923
1230953
1231253
1231283
1231302
1231332
1231493
1231512
1231632
1231692
1231722
1231752
1231782
1231812
1231842
1231902
1231932
1231962
1232213
1232303
1232663
1232723
1232753
1232843
1232933
1232963
1232993
1234452
1234572
1235172
1235202
1235232
1235262
1235292
1235412
1235502
1235532
1235562
1236552
1236582
1236642
1236672
1236702
1236732
1237002
1237032
1237062
1237122
1237452
1237542
1237572
1237602
1237632
1237662
1237692
1237722
1237932
1238142
1238172
1238202
1238232
1238262
1238322
1238352
1238382
1238412
1238532
1238742
1238862
1238952
1238982
1239042
1239072
1239102
1239132
1239162
1239192
1239222
1239252
1239282
1240032
1240152
1240182
1240212
1240242
1240392
1240422
1240812
1240932
1241022
1241082
1241142
1245102
1245162
1245192
1245252
1245282
1245312
1245342
1245372
1248132
1248162
1248192
1248252
1248282
1248312
1248402
1249602
1249632
1249782
1249812
1249842
1249872
1249902
1249932
1249962
1250052
1253352
1253382
1253412
1253442
1253472
1253532
1253562
1253892
1253952
1254012
1254252
1254582
1254612
1254642
1254672
1254732
1254762
1254852
1255362
1255422
1255452
1255482
1256262
1256292
1256352
1257762
1257822
1257852
1257882
1257912
1257942
1257972
1258002
1258032
1258062
1258092
1258152
1270140
1270170
1270230
1270260
1270290
1270320
1270350
1270380
1270410
1270470
1270830
1270890
1270920
1270950
1270980
1271040
1271160
1271190
1271250
1271280
1271310
1271340
1271370
1271400
1271490
1271520
1271550
1271580
1271610
1271820
1271850
1271880
1271910
1271940
1271970
1272030
1272060
1272090
1272330
1272450
1272480
1272510
1272630
1273020
1273140
1273260
1273320
1273410
1273740
1273860
1273890
1274010
1274130
1274250
1274850
1275720
1275750
1275780
1275810
1275840
1275870
1276290
1276320
1276350
1276380
1276410
1276440
1276470
1276500
1276530
1276560
1276590
1276650
1276680
1276710
1276740
1276770
1276800
1276830
1276860
1276890
1277310
1277580
1278450
1278630
1278690
1278990
1279020
1279050
1279080
1279110
1279140
1279170
1279200
1279230
1279620
1279650
1279680
1280040
1280160
1280190
1280220
1280250
1280280
1280310
1280400
1280430
1280460
1280490
1280520
1280550
1280580
1280610
1280640
1280700
1283520
1283550
1283580
1284840
1284900
1285020
1285050
1285110
1285140
1285170
1285200
1285230
1285260
1285290
1285320
1285350
1285380
1285410
1285500
1285560
1285680
1285770
1285830
1285860
1285890
1285920
1285950
1285980
1286010
1286040
1286070
1286340
1286370
1286430
1286460
1286490
1286520
1286550
1286580
1286610
1286640
1286670
1286700
1286730
1286790
1286820
1286850
1286880
1286910
1286940
1286970
1287000
1287870
1287900
1287930
1287960
1287990
1288020
1288050
1288080
1288110
1288140
1288260
1288530
1288710
1288950
1289040
1289070
1290000
1290030
1290120
1290390
1290450
1290630
1290660
1290840
1291230
1291290
1291320
1291410
1291620
1291770
1292130
1292280
1292310
1292340
1292370
1292400
1292430
1292460
1292490
1292550
1292580
1292610
1292640
1293180
1293270
1293300
1293330
1293450
1293480
1293660
1293690
1294110
1294170
1294200
1294230
1294260
1294290
1294320
1294350
1294380
1294410
1294440
1294530
1294560
1294590
1294620
1294650
1294680
1294710
1294740
1294890
1294920
1294950
1294980
1295010
1295040
1295190
1295250
1295400
1295430
1295550
1295880
1295910
1295940
1295970
1296210
1296300
1296720
1296750
1296990
2267352
2267382
2267412
2271792
2271822
2271852
2274852
2274882
2274912
2274942
2274972
2275002
2275523
2275553
2275583
2275613
2275643
2275703
2275793
2275823
2275883
2276273
2276292
2276382
2276412
2276442
2276453
2276483
2276502
2276513
2276543
2276603
2276712
2276742
2276772
2276802
2276843
2276892
2277083
2277113
2277143
2277173
2277203
2277233
2277263
2277293
2277312
2277323
2277342
2277353
2277383
2277402
2277432
2277443
2277462
2277473
2277492
2277503
2277522
2277533
2277552
2277563
2277582
2277593
2277623
2277642
2277653
2277672
2277683
2277803
2277833
2277852
2277893
2277983
2278013
2278043
2278073
2278122
2278133
2278163
2278193
2278212
2278223
2278272
2278283
2278313
2278392
2278632
2278692
2278733
2278763
2278823
2278853
2278883
2278913
2278943
2278973
2279003
2279082
2279112
2279202
2279273
2279303
2279333
2279393
2279423
2279453
2279483
2279513
2279573
2279603
2279633
2279663
2279693
2279723
2279753
2279783
2279813
2279843
2279873
2279933
2279963
2279993
2280023
2280053
2280083
2280113
2280143
2280173
2280203
2280233
2280293
2280323
2280353
2280383
2280413
2280443
2280473
2280503
2280533
2280563
2280582
2280593
2280653
2280683
2280713
2280743
2280773
2280803
2280833
2280863
2280893
2280923
2280953
2281013
2281043
2281073
2281103
2281133
2281163
2281193
2281223
2281253
2281283
2281313
2281373
2281403
2281433
2281463
2281493
2281523
2281553
2281583
2281613
2281643
2281673
2281733
2281763
2281793
2281812
2281823
2281842
2281853
2281872
2281883
2281902
2281913
2281932
2281943
2281962
2281973
2282003
2282033
2282093
2282123
2282153
2282183
2282213
2282243
2282273
2282303
2282333
2282363
2282393
2282453
2282483
2282513
2282543
2282573
2282603
2282633
2282663
2282693
2282723
2282753
2282813
2282843
2282873
2282903
2282933
2282963
2282993
2283023
2283053
2283083
2283113
2283173
2283203
2283222
2283233
2283252
2283263
2283282
2283293
2283323
2283353
2283383
2283402
2283413
2283443
2283462
2283473
2283522
2283533
2283563
2283593
2283653
2283972
2284032
2284092
2284182
2284212
2284242
2284272
2284302
2284332
2284362
2284913
2284943
2284973
2285003
2285063
2285093
2285123
2285153
2285693
2285723
2285783
2286053
2286113
2286203
2286743
2286803
2286833
2286863
2286893
2287193
2287253
2287283
2287343
2287373
2287403
2287433
2287463
2287493
2287523
2287553
2287583
2287613
2287643
2287703
2287733
2287763
2287793
2287823
2287853
2287883
2287913
2287943
2287973
2288003
2288063
2288093
2288123
2288153
2288183
2288213
2288243
2288273
2288292
2288303
2288333
2288352
2288363
2288412
2288423
2288453
2288483
2288513
2288543
2288573
2288603
2288633
2288663
2288693
2288723
2288783
2288813
2288843
2289203
2289263
2289323
2289353
2289653
2289773
2289803
2289833
2289893
2289923
2289953
2289983
2290013
2290043
2290073
2290103
2290133
2290163
2290193
2290253
2290283
2290313
2290343
2290373
2290403
2290433
2290463
2290493
2290523
2290553
2290643
2290673
2290703
2290733
2290763
2290793
2290823
2290853
2290883
2290913
2290943
2291003
2291033
2291063
2291093
2291123
2291153
2291183
2291213
2291423
2291453
2292702
2292713
2292732
2292762
2292792
2292822
2292852
2292882
2292912
2292972
2293002
2293013
2293032
2293073
2293092
2293272
2293302
2293373
2293392
2293403
2293572
2293602
2294093
2295893
2295923
2295953
2295983
2296013
2296073
2296103
2296133
2296163
2296193
2296223
2296253
2296283
2296313
2296343
2296373
2296433
2296463
2296493
2296523
2296553
2296583
2296613
2296643
2296673
2296703
2296793
2297333
2297393
2297423
2297453
2297483
2297513
2297573
2297603
2297633
2297663
2297693
2297723
2297753
2297783
2297813
2297843
2297873
2297933
2297963
2297993
2298023
2298053
2298083
2298383
2298413
2298443
2298473
2298503
2298533
2298563
2298683
2298743
2299613
2299733
2299793
2299823
2299973
2300123
2300183
2300303
2300393
2300603
2300663
2300753
2300783
2301173
2301203
2301233
2301263
2301293
2301323
2301353
2301383
2301413
2301473
2301503
2301533
2301563
2301593
2301623
2301653
2301683
2301713
2301743
2301773
2301833
2301863
2301893
2301923
2301953
2301983
2302673
2302703
2302733
2302763
2302793
2302823
2302853
2302883
2327460
2327490
2327520
2327550
2327580
2327610
2327640
2327670
2327700
2327730
2327760
2327820
2327850
2327880
2327910
2327940
2327970
2328090
2328120
2328180
2328210
2328240
2328270
2328300
2328330
2328360
2328390
2328420
2328450
2328480
2328540
2328570
2328600
2328630
2328660
2328690
2328720
2328750
2329020
2329050
2329080
2329110
2329140
2329170
2329200
2329230
2329260
2329290
2329350
2329380
2329410
2329440
2329470
2329650
2330370
2330400
2330460
2330490
2330520
2330550
2330610
2333490
2333610
2333640
2333670
2333700
2333730
2333760
2333790
2333820
2333850
2333880
2333910
2333970
2334000
2334030
2334060
2334210
2334240
2334780
2334960
2335920
2335980
2336070
2336250
2336280
2336310
2336460
2336520
2336670
2336700
2337060
2337120
2337270
2337300
2337390
2337570
2337660
2338800
2338890
2339370
2339400
2339430
2339460
2339520
2339550
2339580
2339610
2339640
2339670
2339700
2339730
2339760
2339790
2339820
2340990
2341050
2341260
2341500
2341530
2341560
2341590
2341620
2341650
2341680
2341710
2341740
2341770
2341830
2341860
2341890
2341920
2341950
2341980
2342010
2342400
2342430
2342460
2342490
2342850
2342910
2342940
2342970
2343000
2343150
2343180
2343210
2343270
2343300
2343330
2343360
2343390
2343420
2343450
2343480
2343510
2343540
2343570
2343630
2343660
2343690
2343720
2343750
2343780
2343810
2343840
2343870
2343900
2343930
2343990
2344020
2344050
2344080
2344110
2344140
2344170
2344200
2344230
2344260
2344290
2344740
2344770
2344800
2344830
2344860
2344890
2344920
2344950
2344980
2345010
2345070
2345100
2345130
2345160
2345190
2345250
2345280
2345310
2345400
2345490
2346101
2346131
2346150
2346161
2346180
2346191
2346210
2346221
2346240
2346251
2346270
2346281
2346311
2346330
2346341
2346360
2346401
2346420
2346431
2346450
2346461
2346510
2346600
2346690
2346720
2346731
2346750
2346780
2346810
2346870
2346900
2346930
2346960
2346990
2347020
2347050
2347121
2347151
2347170
2347271
2347301
2347800
2347830
2347841
2347860
2347871
2347890
2347901
2347931
2347950
2347961
2347980
2348010
2348490
2348520
2348621
2348651
2348681
2348711
2348741
2348771
2348801
2348831
2348891
2348910
2348921
2348940
2348951
2348970
2348981
2349011
2349041
2349071
2349101
2349330
2349360
2349390
2349420
2349431
2349450
2349480
2349570
2349581
2349611
2349731
2349851
2350001
2350031
2350050
2350061
2350080
2350091
2350110
2350170
2350181
2350211
2350350
2350361
2350380
2350410
2350440
2350451
2350470
2350500
2350530
2350560
2350620
2350631
2350650
2350661
2350680
2350691
2350710
2350721
2350751
2350781
2350811
2350841
2350871
2350890
2350901
2350920
2350950
2350961
2350980
2350991
2351010
2351021
2351040
2351051
2351070
2351081
2351111
2351130
2351141
2351160
2351171
2351190
2351201
2351220
2351231
2351291
2351381
2351411
2351441
2351471
2351501
2351531
2351700
2351711
2351730
2351741
2351760
2351801
2351861
2351891
2352131
2352161
2352191
2352221
2352251
2352281
2352311
2352341
2352360
2352371
2352390
2352401
2352420
2352431
2352450
2352480
2352510
2352570
2352600
2352630
2352660
2352750
2352840
2352870
2352900
2352930
2352960
2352990
2353050
2353080
2353110
2353140
2353170
2353200
2353631
2353661
2353721
2353751
2353781
2353811
2353841
2353871
2353901
2353961
2353991
2354021
2354081
2354141
2354171
2354201
2354231
2354261
2354291
2354351
2354381
2354411
2354441
2354471
2354501
2354531
2354561
2354591
2354621
2354651
2354711
2354741
2354771
2354801
2354831
2354861
2354891
2354921
2354951
2359241
2359271
2360621
2360651
2360681
2360711
2360741
2360771
2360801
2360831
2360861
2360891
2360951
2360981
2361011
2361041
2361071
2361341
2361371
2361401
2361431
2361461
2361491
2361521
2361551
2361581
2361611
2361671
2361701
2361731
2361761
2361791
2361821
2362031
2362901
2362931
2362961
2362991
2363051
2363111
2363141
2363171
2363201
2363231
2363261
2363291
2363321
2363351
2363381
2363441
2363501
2363531
2363561
2363591
2363621
2363651
2363681
2363711
2363741
2363771
2363801
2363861
2363891
2363921
2363951
2363981
2364011
2364041
2364071
2364101
2364131
2364161
2364221
2364251
2364281
2364311
2364341
2364371
2364401
2364431
2364461
2364491
2364521
2364581
2364611
2364641
2364671
2364701
2364731
2364761
2364791
2364821
2364851
2364881
2364941
2364971
2365001
2365031
2365091
2365121
2365151
2365181
2365211
2365331
2365391
2365451
2365481
2365511
2365541
2365571
2365601
2365661
2365691
2365751
2365781
2365811
2365841
2365901
2365931
2365961
2365991
2366021
2366111
2366141
2366171
2366201
2366231
2366261
2366381
2366411
2366441
2366471
2366531
2366681
2366711
2366741
2366771
2366801
2366861
2366891
2366951
2367071
2367101
2367161
2367191
2367221
2367251
2367281
2367311
2367341
2367371
2367401
2367431
2367461
2367521
2367551
2367581
2367611
2367641
2367671
2367701
2367731
2367761
2367791
2367821
2367881
2367911
2368061
2368091
2368121
2368151
2368181
2368211
2368241
2368271
2368301
2368361
2368481
2368511
2368541
2368571
2368721
2368751
2368811
2368841
2368871
2368901
2369921
2370461
2370491
2370521
2370551
2370581
2370641
2370671
2370701
2370731
2370761
2370911
2370971
2371151
2371181
2371211
2371241
2371301
2371331
2371361
2371511
2371541
2371571
2371601
2372021
2372051
2372081
2372111
2372141
2372171
2372201
2372231
2372261
2372291
2372321
2372381
2372411
2372441
2372471
2372501
2372561
2372591
2372621
2372651
2372681
2372711
2372771
2372801
2372831
2372891
2372921
2373221
2373251
2373521
2373671
2373791
2373821
2373851
2373881
2373911
2373971
2374001
2374211
2374241
2374361
2374421
2374451
2374541
2374601
2374961
2374991
2375021
2375051
2375081
2375111
2375231
2375261
2375321
2375411
2375441
2375471
2375681
2375771
2375801
2375891
2375921
2375951
2375981
2376011
2376041
2376071
3301512
3301992
3302022
3302292
3302322
3302352
3303702
3303732
3306672
3306702
3306732
3306762
3306792
3306822
3306942
3307002
3307242
3308412
3308442
3308472
3308502
3308532
3309162
3309582
3310452
3310482
3310512
3310572
3310692
3310722
3310752
3310782
3310812
3310842
3310872
3310902
3310932
3311082
3311142
3311952
3311982
3312042
3312492
3312522
3312552
3312612
3312642
3312672
3312702
3312732
3312762
3312792
3312852
3312882
3312912
3312942
3312972
3313002
3313032
3313062
3313092
3313122
3313152
3313212
3313242
3313272
3313302
3313332
3313392
3313422
3313482
3313512
3313542
3313572
3313632
3313662
3313692
3313722
3313752
3313782
3313812
3313842
3313872
3313902
3313932
3313992
3314022
3314052
3314082
3314112
3314142
3314172
3314202
3314232
3314262
3314292
3314352
3314382
3314412
3314442
3314472
3315192
3315222
3315312
3315342
3315372
3315402
3315462
3315492
3315612
3316812
3317502
3317532
3317562
3317592
3317622
3317682
3317712
3317742
3317772
3317802
3317832
3317862
3317892
3318222
3318282
3318312
3318342
3318792
3354013
3354043
3354103
3354133
3354163
3354193
3354223
3354373
3354403
3354583
3354613
3355723
3355753
3355783
3355813
3355873
3355963
3355993
3356023
3356053
3356083
3356113
3356143
3356173
3356203
3356233
3356263
3356323
3356353
3357343
3357373
3357403
3358333
3358393
3358423
3358453
3358483
3358513
3358543
3358573
3358603
3358663
3358693
3358723
3358783
3358813
3358843
3358873
3358903
3358933
3358963
3358993
3359053
3359083
3359113
3359143
3359203
3359233
3359263
3359293
3359323
3359383
3359413
3359473
3359503
3359533
3359563
3359593
3359623
3359653
3359683
3359713
3359983
3360013
3360043
3360073
3360103
3360133
3361873
3361903
3361933
3361993
3362023
3362173
3362263
3362383
3362473
3362533
3362563
3362713
3362803
3362833
3362893
3362923
3362953
3362983
3363013
3363043
3363073
3363103
3363133
3363163
3363193
3363253
3363283
3363313
3363343
3363373
3363433
3363463
3363493
3363523
3363553
3363763
3364153
3364183
3364213
3364243
3364273
3364303
3364363
3364393
3364423
3364453
3364483
3364513
3364543
3364573
3364603
3364633
3364663
3364723
3364753
3364783
3364813
3364843
3364873
3364903
3364933
3364963
3364993
3365023
3365083
3365113
3365143
3365173
3365203
3365233
3365323
3365353
3365503
3365533
3365683
3365713
3365743
3366073
3366103
3366373
3366433
3366463
3366493
3366523
3366553
3366583
3366613
3366643
3366673
3366703
3366943
3367033
3367093
3367123
3367153
3367183
3367213
3367243
3367273
3367303
3367333
3367363
3367423
3367453
3367483
3367513
3367543
3367573
3367603
3367633
3367663
3367693
3367723
3367783
3367813
3369613
3369643
3369703
3369733
3369763
3369793
3369823
3369853
3370003
3370423
3372643
3372883
3373093
3373123
3373153
3373183
3373213
3373243
3373273
3373303
3373333
3373363
3373393
3373453
3373483
3373513
3373543
3373573
3373603
3373963
3374413
3374443
3374473
3374503
3374533
3374563
3374593
3374623
3374653
3374683
3374713
3374773
3374803
3374833
3374863
3374893
3374923
3376633
3376783
3376813
3377053
3377083
3377113
3377143
3377293
3378043
3378073
3378223
3378373
3378403
3378463
3378553
3378613
3378643
3378673
3378733
3378763
3378793
3378823
3378853
3378883
3378913
3378943
3378973
3379003
3379033
3379093
3379183
3379213
3379243
3379273
3379303
3401920
3401950
3401980
3402010
3402040
3402100
3402130
3402160
3402190
3402220
3402250
3402280
3402310
3402340
3402370
3402400
3402490
3402520
3402550
3402580
3402610
3402640
3402670
3402700
3402730
3402760
3402790
3402850
3402880
3402910
3402940
3402970
3403000
3403030
3403060
3403090
3403120
3403240
3403360
3403390
3403420
3403450
3403810
3403960
3403990
3404020
3404050
3404080
3404350
3404380
3404410
3404440
3404470
3404500
3404560
3404590
3404620
3404650
3404710
3404740
3404800
3404830
3405340
3405370
3405400
3405430
3405460
3405490
3405520
3405550
3406030
3406060
3406090
3406120
3406150
3406180
3406210
3406240
3406270
3406300
3406330
3406540
3406690
3406750
3406780
3406810
3409731
3409761
3410031
3410181
3410241
3410331
3410391
3410451
3410481
3410541
3410571
3411771
3411801
3411831
3412101
3412161
3412191
3412221
3412251
3412281
3412311
3412341
3412371
3412401
3412461
3412521
3412611
3412731
3412761
3412791
3413031
3413061
3413241
3413421
3413451
3413481
3413511
3413541
3413571
3413601
3413631
3413661
3413691
3413721
3413841
3413961
3413991
3414021
3414051
3414081
3414111
3414171
3414201
3414231
3414261
3414471
3414531
3414561
3414591
3414621
3414651
3414681
3414711
3414741
3414771
3414801
3414831
3414891
3414921
3414951
3414981
3415011
3415041
3415071
3415101
3415131
3415161
3415191
3415251
3415281
3415311
3415341
3415371
3415401
3415431
3415461
3415491
3415521
3415551
3415611
3415641
3415671
3415701
3415731
3415761
3415791
3415821
3415851
3415881
3415971
3416121
3416211
3416241
3416271
3416301
3416331
3416361
3416391
3416421
3416481
3416511
3416541
3416571
3416601
3416631
3416871
3416901
3416961
3416991
3417021
3417051
3417081
3417111
3417141
3417171
3417231
3417261
3417291
3417321
3417351
3417381
3417411
3417441
3417471
3417501
3417531
3417591
3417621
3417651
3417681
3417711
3417741
3417771
3417801
3417831
3417861
3417891
3417951
3417981
3418011
3418041
3418071
3418101
3418131
3418161
3418191
3418431
3418491
3418551
3418581
3418611
3418641
3418671
3418701
3418731
3418761
3418791
3418821
3418851
3418911
3418941
3418971
3419001
3419031
3420351
3420381
3420411
3420441
3420471
3420501
3420531
3420561
3420591
3420651
3420681
3420711
3420741
3420771
3420801
3420831
3420861
3420951
3420981
3421011
3421071
3421101
3421131
3421161
3421191
3421221
3421251
3421281
3421311
3421341
3421371
3421431
3421461
3421491
3421521
3421551
3421581
3421611
3421641
3421671
3421701
3421731
3421821
3421851
3421881
3421911
3421971
3422001
3422031
3422061
3422091
3422121
3422151
3422211
3422241
3422271
3422301
3422331
3422361
3422391
3422421
3422451
3422481
3424180
3424240
3424300
3424360
3424390
3424450
3424480
3424570
3424660
3424690
3424780
3424840
3424900
3425020
3425200
3426460
3426520
3427300
3427330
3427360
3427390
3427420
3427450
3427480
3427570
3427660
3427690
3428020
3428080
3428110
3428140
3428200
3428230
3428290
3428320
3428350
3428361
3428380
3428410
3428470
3429021
3429051
3429081
3429441
3429591
3429741
3429771
3429831
3429861
3429891
3429951
3430311
3430341
3430371
3430401
3430431
3430461
3430491
3430521
3430551
3430581
3430611
3430671
3430701
3430731
3430761
3430791
3430821
3430851
3430881
3430911
3430941
3430971
3431031
3431061
3431091
3431121
3431151
3431181
3431211
3431241
3431271
3431301
3431331
3431391
3431421
3431451
3431481
3431511
3431541
3431571
3431601
3431631
3431661
3431691
3431751
3431811
3431841
3431871
3431901
3431931
3431961
3431991
3432021
3432051
3432111
3432171
3432201
3432231
3432261
3432291
3432321
3432351
3432381
3432411
3432441
3432471
3432831
3432861
3432891
3433011
3433041
3433221
3433251
3433311
3433341
3433371
3433521
3433911
3433971
3434001
3434181
3434211
3434241
3434331
3434361
3434391
3434421
3434481
3434511
3434541
3434571
3434601
3434631
3434661
3434691
3434721
3434751
3434781
3434841
3434871
3434901
3434931
3434961
3434991
3435021
3435051
3435081
3435111
3435141
3435201
3435231
3435261
3435291
3435321
3435351
3435381
3435411
3435441
3435471
4035133
4035163
4035223
4035253
4035283
4035313
4035343
4035373
4035403
4035433
4035463
4035493
4035523
4035583
4035613
4035643
4035673
4035703
4035733
4035763
4035793
4035823
4035853
4035883
4035943
4035973
4036003
4036033
4036963
4037053
4037083
4037143
4037173
4037203
4037233
4037263
4037293
4037323
4037353
4037383
4037413
4037443
4037503
4037533
4037713
4037863
4038073
4038313
4038433
4038493
4038523
4038553
4038583
4038643
4038673
4038703
4038733
4038763
4038793
4038823
4038883
4038913
4038943
4038973
4039033
4039063
4039093
4039123
4039153
4039183
4039213
4039243
4039273
4039303
4039333
4039393
4039423
4039453
4039483
4039513
4039543
4039573
4039603
4039633
4039663
4039693
4039753
4039783
4039813
4039843
4039873
4039903
4039933
4039963
4040203
4040233
4040533
4040563
4040593
4040623
4040653
4041313
4041343
4042063
4042213
4042243
4042393
4042423
4042453
4042483
4042513
4042543
4042573
4042603
4042633
4042663
4042693
4042753
4042783
4043203
4043233
4043773
4043893
4045543
4045603
4045633
4045663
4045693
4045723
4045753
4045783
4045813
4046653
4046683
4046713
4046743
4046773
4046803
4046833
4046863
4046893
4046953
4047373
4047403
4047433
4047463
4047493
4047523
4047553
4047583
4047613
4047673
4047703
4047733
4047763
4047793
4047823
4047883
4047913
4047943
4047973
4048003
4048063
4048093
4048123
4048153
4048633
4049593
4049893
4050043
4050073
4050133
4050163
4050193
4050223
4050253
4050283
4050313
4050343
4050373
4050403
4050433
4050613
4050703
4050733
4050763
4050793
4050853
4050883
4050913
4050943
4051213
4051243
4051273
4051303
4051333
4051363
4051393
4051423
4051453
4051483
4051513
4051573
4051603
4051633
4051663
4051693
4051723
4051753
4051783
4051813
4051843
4051873
4051933
4051963
4051993
4052023
4052053
4052083
4052113
4052143
4052173
4052203
4052233
4052293
4052833
4052863
4052893
4052923
4052953
4052983
4053133
4053163
4053193
4053223
4053253
4053283
4053313
4053343
4053403
4053433
4053463
4053493
4053703
4053763
4053793
4053823
4053853
4053883
4053913
4053943
4053973
4054003
4054033
4054063
4054123
4054153
4054183
4054213
4054243
4054273
4054303
4054333
4054363
4054393
4054423
4054483
4054513
4054543
4054573
4055173
4055623
4055653
4056823
4056853
4056883
4056913
4056943
4056973
4057003
4057033
4057063
4057093
4057153
4057183
4057213
4057243
4057273
4057303
4057333
4057363
4057393
4057483
4057513
4057573
4057603
4058293
4058323
4058353
4058383
4058413
4058443
4058473
4058503
4058533
4058563
4058593
4058653
4058683
4058713
4058743
4058773
4058803
4058833
4058863
4058893
4058953
4058983
4059043
4059073
4059103
4059133
4059163
4059193
4059223
4059253
4059283
4059313
4059343
4059403
4059433
4059463
4059493
4059523
4059553
4059583
4059613
4059643
4059673
4059703
4059763
4059793
4059823
4059853
4059883
4059913
4059943
4059973
4060003
4060033
4060063
4060123
4060153
4060183
4060213
4060243
4283121
4283151
4283181
4283211
4283241
4283271
4283301
4283361
4283391
4283451
4283481
4283511
4283541
4283571
4283631
4283661
4283691
4283721
4283781
4283841
4283871
4283901
4283931
4283961
4283991
4284021
4284051
4284141
4284231
4284261
4284291
4284321
4284351
4284381
4284411
4284441
4284471
4284501
4284561
4284591
4284621
4284831
4284861
4285371
4285401
4285431
4285461
4285491
4285521
4285551
4285581
4285611
4285791
4286211
4286241
4286271
4286301
4286331
4286361
4286391
4286451
4286481
4286511
4286541
4286571
4286601
4286631
4286841
4287021
4287141
4287171
4287231
4287261
4287291
4287381
4287411
4287441
4287591
4287621
4287651
4287681
4287741
4287771
4288011
4288041
4288101
4288131
4288311
4288401
4288431
4288461
4288491
4288521
4288551
4288581
4288611
4288671
4288701
4288731
4288761
4288791
4288851
4288881
4288911
4289001
4289451
4289481
4289511
4289541
4289901
4289961
4289991
4290021
4290051
4290081
4290141
4290171
4290201
4290231
4290261
4290291
4290321
4290351
4290381
4290411
4290441
4290501
4290531
4290561
4290591
4290621
4290651
4290681
4290741
4290801
4291041
4291071
4291131
4291161
4291191
4291221
4291251
4291281
4291311
4291341
4291371
4291401
4291431
4291491
4291521
4291551
4291581
4291611
4291641
4291971
4292001
4292031
4292061
4292091
4292121
4292151
4292211
4292241
4292271
4292301
4292331
4292361
4294941
4294971
4295391
4295421
4295481
4295511
4295541
4295571
4295601
4295631
4295661
4295691
4295721
4295961
4295991
4296021
4296051
4296141
4296201
4296231
4296261
4296351
4296591
4296621
4296741
4296771
4296801
4296831
4296861
4296921
4296951
4296981
4297011
4297041
4297071
4297401
4297431
4297491
4297521
4297821
4297851
4297881
4298781
4298811
4298841
4298871
4298901
4298931
4298961
4298991
4299021
4299051
4299111
4299141
4299231
4299351
4299501
4301451
4305021
4305261
4305411
4305441
4307421
4307601
4307751
4307781
4307811
4307841
4307871
4307931
4308021
4336912
4336942
4336972
4337002
4338982
4339012
4339042
4339072
4340242
4340272
4340662
4340692
4340722
4340812
4340842
4340932
4341442
4341472
4348042
4348072
4348222
4348282
4348312
4348372
4348432
4348462
4348492
4348522
4348792
4348822
4348882
4349152
4349182
4349212
4350802
4350832
4350892
4351402
4351612
4353682
4353712
4353742
4479880
4479910
4479940
4479970
4480000
4480030
4480480
4480510
4480540
4480600
4480630
4480660
4480690
4480720
4480750
4480780
4480810
4480840
4480870
4480900
4480990
4481200
4481230
4481260
4481290
4481320
4481470
4481530
4481560
4481590
4481620
4481650
4481680
4481710
4481740
4481770
4481800
4481830
4481890
4482100
4483030
4483060
4483660
4483720
4483750
4483780
4483810
4483870
4483900
4484380
4484980
4485010
4485040
4485070
4485100
4485130
4487320
4487770
4487800
4488130
4488160
4488340
4488370
4488400
4489210
4489240
4489270
4489330
4489390
4489420
4489450
4489480
4489510
4489540
4489570
4489600
4489630
4489660
4489690
4489750
4489780
4489810
4489840
4489870
4489930
4490320
4491700
4491730
4491760
4491790
4491820
4491850
4491910
4491940
4491970
4492000
4492030
4492060
4492120
4492720
4492810
4492960
4493020
4493050
4493080
4493860
4493980
4494010
4494700
4494730
4494760
4494790
4494850
4494880
4494910
4494940
4494970
4495000
4495030
4495060
4495210
4495240
4495270
4495300
4495330
4495360
4495390
4495420
4495450
4495480
4495510
4495570
4495600
4495630
4495660
4495690
4495720
4495750
4495780
4497280
4497310
4497790
4497820
4497850
4497880
4497910
4497940
4497970
4498000
4498030
4498060
4498180
4498240
4498270
4501840
4501870
4501960
4501990
4502020
4502050
4502080
4502140
4502500
4502740
4502770
4502800
4502830
4502860
4502920
4502950
4502980
4503010
4503040
4503070
4503100
4503130
4503160
4503190
4503220
4503280
4503310
4503340
4503370
4503400
4503430
4503460
4503490
4503520
4503550
4503580
4503790
4503820
4503850
4503880
4503910
4503940
4504000
4504030
4504090
4504150
4504180
4504210
4504240
4504270
4504300
4504360
4504390
4504420
4504450
4504480
4504510
4504540
4504570
4504600
4504630
4504660
4504720
4504750
4504780
4504810
4504840
4504870
