3361423
1146991
3373873
3402790
3359533
1243542
0190312
1287360
2270952
4043473
2351280
2282502
2291453
2291202
3409030
4302861
1143031
0131573
0144323
4341382
2270982
1211363
0219441
2349570
3307782
3415101
4309821
1279620
3405340
4059343
1251402
0075180
3421420
3302922
4052233
3414021
0070590
3419410
3430071
3358153
3355423
4046083
4301091
2353980
2349390
3419841
4356982
4496380
4313691
1255902
0077190
0218841
2348040
1217483
1287870
3414381
2362331
2350691
4036843
0189502
2280432
4346812
1244802
0221841
2277852
4058083
4486000
4313211
1282590
1138381
3376333
3420501
2363891
2360861
2280102
1226723
2268552
4039663
1129591
0220941
4291701
4340062
3356833
4312011
4283961
4042633
3306462
2281422
1249212
0200242
0068640
1149781
4492720
3321702
4496800
2348171
4289091
1240242
4036963
4292781
4300221
1247442
1250532
3368443
4294791
4356772
4285611
4312341
2284853
1217243
3374773
3427611
2371541
3412660
2282082
2272452
3413901
1280790
1227053
2356151
2355131
1285500
0218991
2352090
3318552
3427971
1289670
2295893
0063660
4489540
4505530
3376453
1125181
3354763
1278990
0064890
1245642
3420400
4480300
0177562
2302463
0212841
4308981
0078840
4489420
4357342
2301503
1240302
2274522
1129351
1252242
3402970
3417100
1252662
3374593
3319812
3321462
0154103
0210891
0145553
1280130
2268342
1218533
0216861
4037443
2275782
2269062
2290793
0219411
2267322
0058860
2269512
1131691
4357192
0179452
0145403
1232352
4485460
0061380
2270922
3375133
3321072
2331240
3308112
1237932
2280132
4506700
1229243
4306881
3302082
4337362
4497100
2291333
2345190
2268432
1277160
1288710
0194242
4298091
1129561
3373333
4480390
3426910
4304241
4294821
3415491
2289282
0145283
0199251
1227113
3327852
0188932
4361902
4343962
1283040
1245792
0155363
2375381
1149331
4355722
4052203
2347541
3357883
1229273
2370011
1246212
2374331
1228943
1247052
4486450
3303462
1278810
2282273
2281043
2352581
4052053
2279213
0218271
4038763
4311081
2296373
2354201
1132711
1249392
4498810
3415360
2275542
0064740
1226903
4351762
2345130
4298781
4291521
0065160
3303642
4050613
0225561
4291341
3327252
1232532
2288453
2352161
4356262
1270890
4352362
0190252
4482490
3357013
4303071
0145613
0221001
1137151
3423561
2283102
0141233
2345670
1151311
2363201
2290122
4497640
0215181
3434871
4289361
4292811
2288483
2351940
0210711
0063750
4485490
1130161
2280822
1233372
3429711
4297791
4305621
3417040
2328240
3327132
4042063
0189472
3365143
3413620
4342942
1281870
2353800
4490200
1132681
0219141
2347530
1222643
3411640
3369253
4356652
3413290
1296930
2271342
4493620
4056343
4302051
1126261
3309162
4310691
1213343
4350232
1146541
0221211
2344620
0179242
0198892
2271222
0185752
0063120
1249632
4491700
2367221
4052983
2347271
4044583
1124461
0079710
3421630
0153803
4294581
1278570
1143511
0196072
2331600
3433371
2290673
1285650
3369373
4304511
4040983
3302322
3356893
4500700
0192142
3412330
4489750
2285112
1235772
0078420
2292623
3315282
1129441
3313392
2282742
1145821
2292353
1209443
0222081
3415780
0079470
4309641
3314202
4302771
3359263
0187582
1211543
4051933
2360711
2270592
2348351
2272572
1295130
3304272
4482670
0180262
4483510
4295121
2357981
4059193
3327162
2354220
1222613
0223221
3323532
1137961
0212391
2355971
4040323
0179992
1295100
3404980
4306911
0221691
4286571
4308381
4348942
2355011
1246602
1151371
1257192
0078810
1149541
2289612
4348912
4499830
4354162
3416680
4506010
2268642
3413301
4345702
2294022
2282412
0192292
0218721
1209713
4491850
3316212
1209383
2291513
0066840
4349842
4309311
0222891
3368023
2285022
0153953
3428811
3418660
2342670
4499950
2297753
4036393
4362862
1237332
0221271
1234422
4485520
2341920
3313722
3379723
0153743
0189232
4484590
3356623
2292323
2274282
4047193
2369921
1217303
1137451
2281812
2369651
1229813
3321912
1244472
4486330
4058233
2370311
2370161
4496830
0146093
1284930
0186652
3431571
4298181
2329620
0185362
4497160
3421270
3356173
2330880
1284390
4354012
0216141
3425271
1138921
3304902
3306012
1131811
0075150
4361662
4050553
3411621
0222861
1289040
0218421
4288431
3306702
3417741
3416260
3435201
2269212
3323142
2347901
3422721
3359983
4035703
3328482
2291273
1151281
1241772
4310241
3419151
1282110
4041703
2355701
1217723
0215841
4494490
1239432
0061830
3432951
1287270
3415300
0061950
1126411
1224443
3419211
3352603
0193192
0075120
4495510
2356691
1213223
0077940
0189652
4361332
4293801
2351640
1228193
2343570
2354171
0154733
1250412
4502380
3417951
1217843
4350622
2346461
2279862
3326472
1293180
1250892
3408910
1239882
0204171
2267832
1251012
4312761
4294731
3419721
3425121
4042873
3327072
4303251
1282500
0069030
1296270
1277490
2353151
2275553
2357051
2275362
1231043
3311652
4344532
0188872
4336852
2302523
3316092
1246932
1289760
4493530
0188812
4338922
3418210
2360171
4298841
2356991
2351040
4294281
2284722
3419500
0177832
1237272
4050253
2297603
3415251
4360972
3319692
3408940
3418960
0145133
2271072
4300461
4303221
1150201
2274582
1244742
2284182
2291663
3408340
3320292
0190102
3363163
1278510
4035163
1126111
3303222
4497760
4350442
3412300
4045573
2358401
0199971
2289342
2269482
3415630
0177772
4360072
1137541
0067200
2332290
4356142
3429381
3402730
3430131
0185782
4347382
3416151
2267862
4506970
0189442
3326232
4302471
4348282
2276922
2339310
3417580
4283271
3317682
4039303
4308441
2360771
1245822
1149301
1229363
4356112
4292091
3432621
2373521
4284741
2371451
4494160
4057753
3323682
0199102
1211243
1222253
2291783
1284990
4297011
3421581
4042453
3428631
2339430
3306732
4349212
2347800
1292460
4497490
1231242
3412600
3373603
4347052
4306791
3410241
2283443
2349330
0214521
3317622
3422451
3411550
3368293
1217993
2330370
1219163
3408160
0177112
1142911
4296351
1235892
4297551
3430161
2346311
4358932
0192172
1236012
3412630
2368721
2293872
1218083
2355611
0061200
4292361
3422241
4059973
4349722
2364941
2297063
1286730
3355873
2374541
0199161
4312611
3315942
4311891
0212091
3420640
1210163
4037383
3415060
4484860
3409330
0153623
4293051
1148671
1129201
4045903
2352941
3421600
1230593
2291063
1224203
1276200
2358851
1285740
3427101
4307661
3355003
1228493
1228823
2346221
2290302
1295070
4297971
1280730
1150291
1208063
3364243
0146153
3324042
2276442
3423501
3426790
3420790
1235982
1230023
3426700
1130131
3355303
3418330
4347802
2372321
2268072
4286541
1246152
2291742
2301773
1207463
4308921
3359953
3369223
4309911
3374863
4036873
4298811
1278390
0187192
3424881
3414561
4482160
3355183
1224083
2272422
2290752
1147381
4035253
1143841
3419751
4494880
1294440
4488490
3413241
1149241
4042513
1129081
3305982
3421120
0219171
0200151
4293411
0228231
4039903
1133311
3326142
0179092
4305051
4304211
4349632
4361092
4499470
3417760
2369291
2269992
2344380
3314352
1252542
2348081
4361812
3375163
2363261
4048963
3315762
1150831
4506730
4304421
3367663
3357283
0061350
2353811
4302801
2271252
3408610
4295511
1210703
2352371
0210621
3356083
4311711
2370101
3414801
0078690
3328032
4047073
2301713
2359631
3406600
2349690
4046473
2272002
3314502
3432711
1290000
3434781
3423921
4294611
4353982
1137571
1292910
1247562
0226221
0144653
0140033
4305441
4299531
1247142
4039693
3365233
2356901
0189382
3411531
0192022
3428181
1233402
2346060
4292841
3364423
2284242
3420291
4494340
0202372
3426850
3324432
4297521
4360402
4486480
1223783
3328242
0176002
0074250
3423850
3369343
4294401
3352783
4288581
3310302
4051723
4348822
4307721
4295541
4045063
4342012
1235862
3425091
3328212
1257132
1128991
1209263
3314382
1233282
1287420
1126381
1133341
4058653
3430881
2281752
4296621
4309341
3305592
1224143
0154643
2361581
4498480
2354021
2291082
2283222
3411940
3423831
2289222
2351291
4308321
2332920
4361752
2367881
3424161
4037203
0185422
0194482
3425661
0075270
4042543
3322272
1244682
3307302
0132053
1253172
0076590
3417610
3402310
1250682
4308351
2291633
3413721
4497400
2290212
1218623
4350592
2285052
3405910
4307781
0062220
4303941
1229183
1230653
4491130
2361041
4295031
3415191
1251342
4341022
1235802
4294521
2284692
0216531
3311472
2352281
3413440
4053493
2328000
2297003
3354283
1277040
2290703
1213583
3422511
2370221
4493080
4294461
4287411
1210433
4291611
4505650
2290733
1256862
4284381
4047673
3305052
2267352
0221901
3413961
3358363
1233312
0215901
1151011
2276982
2352701
1211933
1250952
0154193
2361161
1137991
3421450
0063630
3414550
3429231
2369111
1236642
2369531
1242042
1230563
3373213
4042153
4035733
4493830
0199972
3306762
4493020
4308141
3415180
4499740
0212541
3411261
0200211
2278692
4302831
4342762
3359383
2348411
4500460
2282172
2277012
4304181
0076950
3426591
2285382
3413470
0210921
2355551
2281662
3424431
1294380
2282472
4045993
3417711
2279483
3303252
1250742
4052413
3415881
3304422
0224061
2291483
3402580
3414921
1271070
4046023
3373963
2302403
2292293
4292451
4489870
3360223
0149873
2351580
3405010
4292031
2290482
4506250
4485550
4496530
4494790
1240272
4362292
2283192
4488130
1281330
1124671
4311591
1244892
3312402
2368571
2349180
3321222
2365781
4304391
3361183
0216291
4493170
2369711
3425421
1133281
4304931
1213433
4482760
3430491
2350980
1252602
3315882
0191422
4298331
4298751
0182422
4288791
4298571
2342010
4499440
0214851
2332110
2282232
1148071
1211873
4056193
3420490
4296201
4359892
3432321
2273322
2289702
1239852
3364543
4357672
2272632
1129381
1133551
3413481
3355633
2360621
4341622
0139553
2351381
0056910
2283623
2368841
0185692
1235052
4284261
3353233
3323832
2347481
4494700
2349840
1209593
3365503
2331630
2353481
1151881
3323412
3427690
0212601
3327702
3412840
3379753
1279680
2284283
4292871
4297041
2281313
3415281
1244832
3413841
2279663
4480660
3379423
4294041
2302193
1234692
0188962
4052683
3419470
1137331
1281930
3322362
2280072
2347571
2288693
0185662
3419830
0212571
1150861
2280462
0057960
4344202
4358062
4480420
3359563
3356863
2267892
0061740
3315822
2269362
0200332
2330760
3319362
0215781
2358941
1242102
4361782
0179692
4494940
1281990
3414771
3422361
3374563
1124911
1249602
0187132
3415840
2332470
3424491
2359331
0200931
1239402
1228043
4345942
2369021
4047823
3303852
1132561
2356241
3426471
2348921
2371841
2285622
3427401
4299201
3354313
4050973
4352482
2353950
2280192
1132831
3359623
2289852
4302711
3359713
2296073
4041433
2333040
1210463
3408880
1137181
1208513
1236372
2359451
4358032
4493320
3416391
3420760
1138951
2339340
0077880
4291131
2293932
0222951
2367761
4051783
4356592
0155513
3315402
4299231
3418821
1227983
0068820
4349512
2355281
4051063
4298661
4489840
4350832
1253592
2371721
1284180
4356832
2349011
1231163
0191392
3425031
0188992
1222823
2365991
4307151
2271462
3415131
2283072
1209563
4050493
2284542
3355453
2279813
4041943
2357621
4307571
3416470
0154463
2368061
1239072
3415701
3424221
4046143
4313481
1128661
4295001
3315162
3359743
3311922
3307362
1249152
2290073
2292413
2284523
4298991
3412390
3414651
4361962
0201382
2364161
1278840
3314112
0063150
4361002
1137271
3426621
3425781
1243692
4290411
2371751
2361671
1253352
4285581
2365541
0060540
4497700
2282303
0222471
3322692
4506280
4491220
2351340
1226783
2284193
2297963
2290103
2374811
3417880
4350682
4304331
4305081
1231572
4497070
0074310
2291232
3411910
2297393
1217333
1287930
0185452
3414831
4047343
2282622
1272630
2367161
4042783
3305772
4284231
0220791
4494550
1132741
3368623
3304452
2278613
2369741
2292012
3355993
2355851
3415761
4035643
1150561
1251072
1257252
3418851
2301623
4488460
2366381
1249902
4311471
1229723
2273022
4347862
4500670
4356682
3301722
3416751
1210343
3414880
0216231
4041793
3314772
3355483
4035223
0210861
4036663
2277143
2281193
1129051
3416361
4035373
0228351
4489780
4347472
2279603
1147861
4056733
1276770
0199401
4054003
1137211
4505920
0077400
1242132
2274162
1211453
1272030
1218203
4052383
4311291
0212961
1236282
1149571
2339640
3412450
2349360
1279650
1297140
0150413
3327312
0189082
4040353
1281510
3327822
4362652
4039453
3353173
1231362
3401950
4284681
4295721
3410980
0074130
2347331
2350200
2276142
2296883
4505710
4298151
3425541
3415210
2343660
1233252
3327972
4038793
2273112
4291791
1137901
2292383
3411291
4294971
1234152
3357103
2269152
4485730
2353001
2269632
4298031
4486930
4307511
3416841
2284073
2270382
2344530
4312791
1255092
3426861
2348531
3415090
2281103
1150261
1239162
4347232
3359293
2332440
0199761
0216261
2357471
4036183
3306942
1229603
0177172
4305141
0144293
0228381
4299771
2278032
1241652
0184972
4302951
3365653
4500970
3319572
1125961
1233173
4294191
4301511
3322752
4310331
0215661
1276710
2279243
4039573
0152843
4363402
2374001
0058710
4050193
1257102
2273142
0146273
2344410
4482580
1296990
1284690
3427521
4045963
4486030
0222921
2368091
4506940
1224563
2358881
4058533
2343030
2354040
1271010
2290763
1241232
0058440
4044073
4285791
3304812
3420850
3414850
2268972
3417940
4306971
4036153
0154013
4362892
3316272
1125271
4490920
2364881
4309941
2365241
2372381
2339400
3306672
2291003
3412540
2350020
2297213
2355431
1225343
1236102
3358783
0218661
1148161
0062070
2359361
1147021
0178132
0069450
4494250
2331480
2348381
4355932
3415480
1231542
3318252
2332500
4299951
1210853
4493500
2343510
2358461
3421330
1210043
4287381
4483660
3374923
1226693
4300491
2372471
2375711
3418911
2352360
1270950
2295803
4362532
4488550
2374841
4051843
4338472
4304541
4363252
2274462
4058683
3402700
2347650
3323172
1229303
1287900
3375013
4347202
4354042
2373311
2285652
2292282
4043503
4344652
3428031
1131841
4488310
3301662
3305022
2366231
3422151
3321852
4483480
4485970
4489900
2342580
3429351
1222103
2301653
4360132
1276590
0066870
4506850
1247262
4053613
3316992
0214461
3327012
3416781
1224953
4300941
1234362
2358311
0178672
1247382
1226753
2368241
3303882
0065340
0145823
4056133
1231103
4494400
4312701
4482550
0191992
3429141
2283533
4490380
0192592
0179482
2281602
1236432
4035133
3322152
2362301
2355191
2375081
3430311
3321132
1129171
4343812
2332410
4344382
2293512
3419260
4041493
3316452
4360492
1219103
4343692
4506610
3318462
1124641
2329080
2354141
2328210
3424761
4051753
4500160
1249062
2276273
1131631
1250652
2358221
0216411
3367573
2353451
4310271
1240392
2347961
1239042
0190672
1245912
1228883
3323202
4283091
3355723
2352641
1211393
4350202
2297813
4039393
3315552
4491190
4347562
0058650
3424521
1292730
4040383
4340182
4047223
0145433
2295953
4340362
0077700
3414531
2333280
4284441
4500040
4036573
1150171
4296861
3412101
4296081
4058113
2281212
1218143
3314802
4039243
4494280
1271130
0069960
2297333
1241142
4305381
3410650
0221811
1251522
2280882
3426081
2353601
3422170
1277070
1137811
1133131
3317022
3326352
4301841
2352311
2343060
2362211
1236462
2285532
0153683
1234332
3421300
2363591
2365031
1234062
1219013
1275600
0078990
2362901
4037053
1296000
1277130
4363372
3425811
2328060
2330280
1286880
2291093
0058740
0154163
0145763
3327492
2291423
0079770
3356473
4056793
2352251
4303641
3428481
2298293
4283181
0218301
4341922
3322422
2327760
3418161
3354103
0214731
2374781
0142853
1278960
4300431
2283923
3412180
1137301
1137841
2273892
1210793
4310391
2282262
4489930
4486240
4050073
4295391
0077370
4302501
2350950
3321552
4305801
4303821
4312581
3435321
4359982
4358992
3355603
4482220
2289492
3426441
3312162
2356751
3308082
2292443
3416901
3413920
2351861
4052083
3432441
1285140
3429951
3413811
4042393
4297161
4058293
3314622
3356593
4341562
1280700
4358812
1250862
4338532
2271792
0200871
1233702
2358761
2289462
4284291
3417190
2281943
3416290
1239822
0194302
4289511
4297911
3415821
3433251
2333100
3365263
3322452
1244412
4501000
4058053
0199551
3418450
0185722
1143601
2350380
1239132
3365713
4340092
3424941
1227083
1212983
4342162
1280910
1276740
4056553
2279843
2293782
2279633
4039153
2352030
3423730
3419590
3322662
0221061
0214371
1289070
1147771
4480270
3411670
3414250
4292721
4299741
4300791
1252512
1128931
2290392
4296501
3352693
4058773
2348891
2298983
4035673
4053103
4359022
3309882
2275613
3413740
2371781
1126621
2353061
3356803
1212113
2369831
0218361
2290092
3314682
1246872
2371811
2290163
3427641
3314652
3416541
0081600
0077790
3419811
2361191
2290913
2356781
1252482
2279453
4305681
4499650
1146391
4356232
1246272
3411591
1276170
4057933
1210253
4307991
4058743
2327850
3315252
4052503
2359601
4489480
1277790
2352881
2367731
0212271
4284051
0214581
2362541
1129531
2284583
3368143
2271762
1144321
3412750
1235022
2269902
1282230
0192052
1217663
4362922
4494580
1272090
2292312
1285560
2268762
2291933
1278720
3326772
0216741
3429261
3364093
3416320
4042753
3415600
3353083
2284902
3305232
1230713
2296313
4499860
1230203
3414310
3422871
2350260
2280672
2365151
4500100
2332620
0063180
0213681
3410391
2351190
1247172
4307751
1278120
4337512
2355941
4312191
2274342
4042213
2329200
1132471
4050133
0058620
3301752
3317592
3402670
4294761
3431241
4498660
0152543
3418120
2371151
4035583
0139943
3303162
4044313
3316572
0150293
0178762
3317712
2290032
3379513
3418011
2273982
2298023
2363501
0212211
4295691
3414370
0189802
1229003
2293572
3357913
3406840
2373251
3413110
3353263
3354343
0192352
1288020
2358911
2373911
3427480
1231223
0079650
1250502
4499590
1143091
4301121
1210673
3428271
2352150
3321822
0199462
2351201
2268852
2351760
2360651
2275452
4058503
2274102
2365961
4037143
3319962
3414291
0217071
3413691
3361813
3375253
3307422
4296231
3413080
2355161
4043113
4343842
3419961
1284750
1138171
1208483
1254822
1283250
2299013
0178222
0079680
4289001
2357351
4297851
0190372
1124611
0214911
2348951
4490110
4048993
2280042
4299621
4307421
2287092
4291281
3323442
3411231
2353620
2274072
2364281
4295841
1271040
4283211
1289310
3323592
0222261
2350890
2356421
4360612
3353443
1147141
4495600
3431451
3424791
3420381
0153473
2271582
0221871
2298893
3414700
1222373
2296013
4342912
3416020
1138981
2365751
4309851
2375471
4349542
3408790
2281733
2331300
3317232
0076710
3415720
3420471
2288622
2349611
3304242
2361101
4313961
2375561
2285202
4284561
3430551
1137481
2363141
4484680
2369381
2351250
0061110
4505350
2347601
2280893
4362592
1276140
4294551
2276622
2354081
0177052
1145461
3416481
4283631
1222403
3357073
4362442
0180292
0202732
1209653
1208603
4293141
2364011
1236252
3433521
0077730
4285731
1276410
2346101
4305291
3308892
2364101
3434961
3355663
1142011
2352761
3426801
2273082
1252302
2329590
2275242
4303161
3379663
4042183
4292001
0140753
4360732
4360462
3356443
2366711
3430581
4302591
1149871
1245552
4482310
2271282
1285170
1130491
3411880
2274432
4300371
3328272
1217513
3309042
4043653
2339610
2375411
4047583
1236522
4355902
2327970
4041973
2274252
2359481
2373551
4283241
3324372
3424390
4298061
3373123
1236912
2358821
4497460
2362151
0147653
4058353
3431151
4498780
1142941
3305682
2292263
4486510
1223723
1218263
3416241
4345822
0228171
3420561
2351970
3426141
4293471
2356871
2293422
1245852
4308891
4350262
4480060
1282710
3315042
4337842
1278420
3308802
4053463
4044883
4295271
0076680
3302052
2284403
3358213
3424131
1251222
4349602
2345981
3431181
2295983
4493890
0199491
0185392
1241562
3415341
3358183
1233102
3324102
2355461
0199582
4059073
3434691
4312521
2360411
3404770
4309731
0214821
4286301
3425241
1209113
1218413
2364071
0222291
2292143
4358752
4298871
0154883
4357312
2271162
4056643
2357411
0146033
0133883
3425151
2350991
3301872
0196132
4363642
3305532
3416691
2339460
4337902
4058713
3435111
2375681
2345310
1232873
2369591
3360283
2346191
1236702
4349662
4494670
4343782
3417831
2351021
0228111
3318222
4059253
1143541
0193762
2292192
1129951
0061260
2363441
2348471
0141383
4044463
4297341
4341952
1293150
2330250
4505380
1251282
3321672
2275583
4044253
1143151
4291971
3367603
2352431
3405310
1218953
3419121
4348102
0153893
1292430
0063930
0182572
1151131
2269572
4296321
1209323
4485580
3328302
2374601
4341082
4050403
4303371
1218443
4312401
2290902
3352813
2371691
3423820
2363771
1210133
2350781
1149391
3402610
2367701
1233972
4287621
3318762
4362022
1129891
1244712
0187612
4040293
1250802
4059283
4311531
1287300
2284553
3356143
3365203
4304691
3417520
2331390
0199642
4482040
3328452
2296973
4311651
2267202
3432831
4303551
3321792
3309132
1293420
4284321
0068610
1240332
0195892
4356472
2271012
2360741
2270172
2332260
3312642
4053553
0130403
4290261
2274192
2281902
2360441
2272362
2330490
4301451
0199191
2355731
4300911
4345612
0190552
4493860
1281450
4499500
1211423
3416631
2291903
3412780
4485370
2272272
2290493
4310721
3322062
1247592
1234782
1285980
1234542
0215271
0221391
4482370
2291183
2291982
2353901
3414351
2350811
3304932
3304392
3327942
2275872
4309161
3355363
2332020
4296951
1287390
4311951
3317502
3379453
2283893
4363522
3412090
2351741
2269542
0218781
3379783
3317442
2291603
2375921
0061890
4482520
3408640
1137421
1229843
2357801
2367251
1279860
4289181
3423861
2369051
3423700
4044613
3356023
0175942
3312582
2297153
0144143
2284313
2361071
0223911
0212151
4354132
4052803
3404410
4480030
4310931
2281572
1276650
2285352
0185932
4303611
3408520
0146183
2362631
0218511
3411021
1244862
0192502
4293711
3424281
1245732
1126441
2269032
2271132
4288611
4311171
2291472
2288142
0181582
3416890
1257282
4289211
4361122
0153263
0192442
4042933
0057420
2299043
3313572
4292961
2365301
3413950
2291873
4496680
4493560
2360681
2332590
3417340
4052173
4035613
3314142
2346251
2343540
2347710
2363321
3424371
1246062
3426741
3326292
4288911
3425631
1285110
2371481
4343002
0185482
4361212
2365181
3421360
1241742
1213163
2367911
3318402
2347740
3422481
0144623
2290812
2273802
3419691
1283160
4291251
1252182
3326622
0063780
3417771
0189592
3356053
1251882
3415000
2275272
1232142
3417471
3426021
4487950
2362241
4051093
4361302
3428661
1252722
4295931
2280582
1133101
4295331
4297221
2375171
4042423
3429861
4309011
3328062
2375351
3426501
1252332
3430011
0221781
1210943
4299501
4500340
4288011
4046323
2348070
4303731
1151401
2371511
1149931
4296381
0213801
1146841
2330310
3430701
4044403
4307451
4295241
2348321
3315582
3374503
3401920
3424041
3374413
4311831
2297123
0062430
0219231
0153923
1242072
0216621
1222793
3307452
4490140
3304572
3358033
1128901
3413890
4488040
2281433
3430401
0190192
3430251
1125061
1255422
1217543
2284302
0192532
3422661
0217041
3360193
3303192
1234032
3326982
2352521
2358611
0226341
2362091
3322602
3316422
3354853
3311982
2356001
1138621
3312192
4309071
1223753
2290253
2351411
3318432
2354051
4337542
3412240
4300131
3358993
1230233
2361401
1208273
1124971
2281163
4043353
0202882
2353031
2332050
4056583
1218743
4056103
2339520
3406630
4283901
0176032
4036123
4296051
4297371
1236222
4296921
3304482
1257822
2284883
0057480
0145673
0064830
2366681
3374803
2276382
4284021
4363312
2342970
1224113
0200241
2363381
4485250
0074340
3319722
1124551
2292533
1297020
3314922
2363711
1288530
4350082
2285292
2282202
2274132
4308021
2360501
3419080
4307271
4500490
1223843
4036813
3413530
3430821
2274372
2281062
0223131
3430431
4485760
3421840
2349090
3368863
1147411
1223993
0077670
4293831
2279063
3423760
4302621
2284373
1282470
1236312
1285320
4043743
2360051
3419740
0129503
4347502
3408580
4494130
2271042
2374961
2369471
3308022
4341172
4313781
3419091
4489450
0218871
1246572
3306822
1293360
4307061
1139101
3307752
4347412
3369433
0214431
3428571
2369351
1209353
3432591
2279502
1277190
1149661
0068880
3315672
4345972
0129683
4341472
3323292
4045123
3421180
3402100
1209623
3353383
4346752
3411381
1222553
2282442
4490530
4297431
3314292
3361333
2342640
4489390
4300761
3425601
2281722
3424341
1146871
4486210
2296163
4350562
2369951
1282890
2360141
2351160
1229963
0145523
3424401
1230293
3368233
1135921
3413980
4305471
3368353
1296780
4480630
0061620
2368271
4295571
4358962
2291172
4309131
4350022
4338652
4340152
0189052
1256922
1237422
4046353
2302553
1246692
0176212
1252572
3423051
1144681
4491670
4291911
3424911
4500760
3423231
1296300
2349041
3361693
3427761
3427311
1277970
3431211
0177382
4304871
3306792
2268822
0192562
1276890
2279513
3428901
3316242
3379393
2281973
1150051
0179512
2332710
2302043
0200121
2348231
0132293
3363523
1150231
1126051
0154793
3326592
3354043
1150681
3416721
2291712
1229513
1282050
4294311
2370281
4041883
2345070
1235952
0185542
0068670
2327880
1293000
2302223
3315492
2347860
1133191
1294260
4053403
0202612
2344860
4052563
3421060
4292331
0078630
4307391
3430671
3357343
3421660
4287891
4307811
1231422
4056493
3406960
1214993
2285562
3409731
3313662
3324192
3410661
2270682
1223873
3319782
2270112
1271790
1241622
2297633
1148731
1292940
2276532
3402220
3410860
2368991
1137931
4284651
1211063
4310361
4362742
2298113
1277880
4344682
2353560
3364153
2333370
1150441
1238022
4297281
2280972
2279952
1257732
2276603
3418630
2272902
1222673
2350920
0182032
4360102
3422110
2297993
1212053
4039843
2291303
4356532
3317952
2353271
3307002
0210681
4041133
1210823
3302022
3323262
4361032
1137061
1234122
3369703
1126321
4349092
1230323
2341830
0191362
2363531
4311981
2362421
1137511
1147441
2359691
2329050
2288513
2346210
2353500
4286271
2346131
0061290
1276500
3432891
3418071
3415551
3316482
3408190
4486540
3317832
1232622
1211033
4313571
3352933
1130281
3423790
2366171
2362601
4495480
3303402
4347712
0184882
4340212
1209233
3355753
4360642
4301691
3412150
4298481
3425451
4497040
1256682
3420550
2372891
2365691
3417790
1244622
2289372
1150801
1243002
0079740
1213463
3314952
3323922
4346302
1270920
0191932
1241262
4293771
4293351
3322212
4313061
2369621
3401980
4493920
3427821
4053793
4310571
3365113
0215421
3422211
4293231
1143721
4498000
4292691
2331060
2282112
4293591
3419061
2375501
3410781
1211603
1218893
3354943
4303131
3356563
3327402
4288551
1211813
4284771
4359922
1125901
2365391
2281122
4488520
1147081
3428751
4289121
3418540
4489810
4361422
3327102
3414580
2281182
3414190
3319482
4488640
2275422
2281452
0190162
3425301
2365121
4039603
3408280
1234572
0213621
3420441
2328540
2291562
4340932
1150021
3416271
0215121
3367873
1287690
2284163
4050673
4294431
1245612
3416710
4342132
2357531
1125421
2279723
3364393
1138561
4338982
1139851
2357651
1293390
1276920
1280520
1125871
2356811
2283473
2359571
2365481
3420820
4305741
1218353
0177682
3430611
1283100
2269602
2281692
0216171
1285350
2352210
2362031
3418690
2351081
4346932
3428871
3321972
0222111
4342522
1207343
4310991
4308801
2368301
3406480
4296261
3305352
4050643
1243572
4309281
3427041
4357462
4346632
2283713
4057633
3417490
0063600
4347112
0177892
3412360
1222433
4336882
0196252
2363921
3414910
4036093
3417700
4363582
1240632
3418750
2363861
4310481
2280312
4350892
0073380
3419991
3432021
3369283
1257012
4045363
3312492
3359773
1282530
3358933
3418041
3355063
2357951
0061410
4039513
2347391
1125211
3353953
4302171
2271432
3410751
2270562
1282080
2332650
0175792
0184942
3418990
4299051
0216771
4291191
3422991
4299381
4337632
1143691
4356172
2331360
4050583
2368601
4283781
4481920
1242012
0179662
4349902
0075300
2281542
1233042
4303911
2331810
4292391
3304752
4045213
4047253
2268732
0186712
1237092
2332230
4052293
4357402
4035463
2282393
2297723
1272060
2353770
1137691
4288041
3303492
1210493
0076770
1146751
3313482
1277100
4495690
2332740
4283991
4308561
2281223
0186682
4052143
2355521
3303822
2356721
3357163
3415041
1276290
4287981
3414520
3316962
2284763
2331150
0221031
2275842
3417501
1212413
3365173
2280492
4037263
3425751
2269812
0061500
4491550
4299861
4344562
0200122
1124941
2373821
0146213
1282140
0199432
1241892
2358131
2342940
1227563
1229663
2364311
2371871
3316932
4341052
1131571
4483780
3431121
3430221
0069480
0077580
0065220
2374271
4303791
1239222
1237122
2361911
0214611
4349452
3420070
4044523
2352191
1250442
0154343
0154613
2367641
1149211
1236192
4313841
2280852
1128091
4043623
4350772
1281270
1239972
1147561
2371661
4340122
1136881
4363222
3420531
2358251
3353413
3417640
4490290
4050373
2271822
3423651
3375553
3424641
2341890
1209743
4499380
1207403
2297843
0223491
1148761
2368961
2285142
2353961
0061650
3431541
1297080
2355071
3355213
0214761
3304722
4498300
4041913
3309192
2273622
1150141
4047313
4037323
4499530
1146601
1279770
1250712
4350142
0070650
3356503
2349300
3422391
2279772
2331120
2353361
4304271
3318582
4291161
1253622
2296943
4042603
0213831
1125001
3304782
3411790
3415071
2269422
2368181
2279273
0223401
0198592
1228133
4482640
0215391
0199791
4357432
1227893
4484650
4044673
4307031
4486600
1209413
1231992
3422931
2360111
3314472
2363951
2288603
3417220
4310631
1218803
2362511
4356622
3368263
2363621
0190462
2272782
1235532
3408490
4284471
2285502
0195442
4056223
2348441
1137751
4360762
3368053
4363492
2276843
2351700
2272392
2364971
4309431
4302981
2275302
4058953
2358011
3303762
3322122
3417160
2359091
3435141
2354951
3418090
1147051
4305771
4359112
4299831
4360942
3356203
4058983
1252032
4290291
0154313
4305831
1292790
4349932
4038643
3402850
2290193
0199672
3414730
0077760
4042033
4042333
1288950
3354403
1150501
4347532
2370401
1230143
2281853
0144443
3310482
2358101
2279922
4344412
2350500
1246962
3402160
3353323
2361011
2330190
1212353
4045873
1279710
1249032
3373273
0215931
1147921
2363291
3417621
1283220
3320262
1208213
3367783
4341592
4058473
1222973
4498750
2359271
2276952
3429291
2283983
4045543
4482730
3424311
1150951
3356263
1282020
2269872
4310541
4284921
3373393
4038913
0200272
1233492
1136101
2330400
4362562
2353631
4294011
3304302
4491460
4038553
0215691
2291412
3327222
4045513
1128631
2359661
4290321
2371181
0222981
3419050
3353053
2332980
4496440
2333190
3426171
4313931
2290943
3429981
4044343
3420160
1138531
3317202
3413061
4043143
3411981
2359181
3375223
1247022
4349482
3420321
1125511
1244352
1277280
4043323
2283833
4340482
2278673
1231182
4355992
4060033
4047793
3318852
3356323
2294052
2293812
3420340
3304182
0063540
2356961
1212023
1243302
1276350
3405100
2297783
0199912
3423441
2359511
1125091
2332530
1143181
4339072
4344622
1287150
2292072
3420411
4505980
1239282
3353893
3411831
3406510
4304661
4051003
1136851
2288633
3421641
1129981
1143751
3367963
3307332
4040923
4307241
4485400
1132861
2292593
2279393
4052353
1150111
4287801
2329230
4052773
3373363
1150081
4496410
4338712
4298241
0199192
4488580
3415690
2347980
1224863
4039993
0187222
3427341
4295661
4481980
3322332
0213711
2275643
4338892
4058833
2279783
4344142
3405250
4301811
4299171
2349431
3367633
4301721
3415750
4363102
1149901
4312881
3427281
3310452
2275812
3414261
0144263
4305321
3427461
0193732
0185902
1281960
4489630
3419860
3415461
1293300
4500130
4346542
2374361
3359593
0196192
3326892
2270652
0211341
0187552
2356571
2352221
2290823
3321612
4361512
4053913
2342070
4349992
0065100
3427881
4349782
3423531
1210613
3307812
1295190
4293741
3365443
1251972
3408670
2281583
1232172
2281493
3431271
1230383
1226813
3414471
0145793
4293681
3309372
2281962
2279093
0184612
3309402
3416530
2342760
2376071
0179422
1253112
3429051
0194332
3408100
2333220
4310421
0191602
1287600
1148011
3374833
0077280
3434751
3424360
0155003
3319392
4494610
2329140
1131751
2273202
4058173
4362682
3415311
3423261
3414400
4302201
3374533
3373093
4480090
2361491
2285172
4491400
2362061
4035523
0199521
1237212
1149721
1278090
4303311
3356113
0058530
0203751
0192322
1257642
2271102
2367191
2344800
2351880
3328422
3405160
1232273
2359931
4045633
4056433
4297101
4308831
2345700
4338952
0145703
1211753
3355093
0218451
4360222
3309582
2373161
4042273
4301271
0062130
2361311
3411471
1147261
4488340
3422271
0212631
2353991
2367821
4361062
3356413
0199221
0076740
1211093
1255962
4285461
3425841
3425061
4301571
4500430
3328152
4053823
3354973
2295743
3405370
2356361
4358542
4500310
3412060
3361393
4056673
1246362
3414711
3426921
1229093
4307121
2356661
4046113
4291851
1233132
2292132
4491610
4299591
4285401
3319662
3355033
4042243
4307601
4285011
3413991
2359211
0064860
3416571
0182482
1146901
0154973
4358482
2330970
0176782
4292421
2327610
4485610
0154373
3409300
2292162
1226873
2346401
1151671
3359113
4296981
2281553
1229633
0062340
1149841
4058203
1234992
1218053
1233162
1150381
0074280
3320202
2279742
1150771
2351550
1278060
1233732
0061710
2346041
2269122
1250982
3324282
4051993
3409180
2356331
0144233
0176872
3427791
3363433
1143781
1139131
4300671
2330940
1126021
4489240
3427251
3308982
4350472
3422811
1250592
4036213
2281842
4309581
3411711
1208993
4506040
1219883
1292820
2333130
0216321
4303581
3406450
4347142
1222733
4301991
0216111
2328450
1144171
3303102
1223963
0200991
4502350
1277430
2298233
4295751
4047913
3427941
0140393
4340992
4036723
1229213
4303881
2273922
1209773
3423801
4308861
3365323
3424240
3424671
4308711
4298421
2288412
4360882
3354913
2362271
4040173
4056283
4283721
2353091
2328420
4305651
2348160
4350412
4483810
4305111
4357162
1251102
1285410
2349630
1228343
3361903
4347442
0143453
4047043
4294851
0214671
1237242
2367311
2330220
3428061
1213523
3412011
1282620
4313631
4040143
1296900
2269092
1239642
4498600
2359151
2333640
3410890
4357852
1236342
3315102
0217191
2327940
3323982
3364483
2351171
3321732
3305892
4305411
3418000
4311351
1127881
0215601
0180982
3363463
1208453
3412191
3363313
3431511
2270142
2361341
4298121
0199461
2372771
2282532
3321642
3415011
3375193
2359841
2360531
1279830
3306582
4047763
3423141
2355341
2361221
1242162
1247502
4346692
1240662
1149811
1239582
2279832
4284141
2375621
4294221
4344502
4043413
4486090
2361371
1150591
0056970
3315522
3313752
1208363
4480360
2352611
1241922
4491370
4482010
3409270
0186232
1126561
3422020
4296591
1280490
4296021
3430041
3416331
4482190
2354130
2290403
3428331
0153593
0193462
4298901
4482070
0218241
4053343
4287861
4486120
3303552
1129921
2289522
1130221
2284962
4360582
4359172
4358782
1222523
3413271
1252392
0058590
4303461
1232502
1129651
2332080
1218023
0077040
3374683
2353211
4289481
3417021
2348591
3411771
3432861
3365293
3305112
2290643
2361251
2328720
4311381
1252062
0215031
2358971
4311441
2268612
4362832
2355581
4047613
2328360
3356533
0070830
1211723
0078510
4052323
2274042
2288172
3304332
4298211
3419200
4488400
3317172
3361663
2357231
2294082
4043263
3305922
4358872
1256772
2279202
2366891
3426670
4043713
4308741
4363342
1231482
3424071
3379303
0076860
1296960
3417250
4497190
1284240
1285590
4347172
3424551
2351010
0222021
2374871
2344500
3420430
1138111
1212743
0220911
2293722
3364513
1229483
3360613
0177922
0189832
2287212
1280190
3313332
3416590
3360583
3317862
3415521
2351430
2374901
3415671
4340512
1242282
1150891
3317742
0199881
2353590
4357762
0145943
1129141
1209053
1283130
2358071
1149511
3419140
2349270
4494430
3418900
1231512
2269242
3307722
4288881
4036363
3414201
4295901
4051213
3432051
1137391
3369313
2351070
2289102
2291832
1249092
1223903
1246422
4044043
3364303
4058023
2267232
4295871
2349101
1293030
3361153
0194272
2295863
3435411
4299351
2301833
3318972
2346731
3406420
3323382
0214551
3414040
1285890
3354703
0145253
4506070
2276892
2331990
3307572
2270262
2375951
4301661
4496350
4308621
3353023
1146961
4039183
3416860
3402190
4284501
2279753
4057813
1239312
3411730
4360012
1222853
4487920
4297761
4051663
2298143
0200271
4052713
4496470
2372681
2361791
3307392
1276440
2281133
0069600
3359083
2365451
2372411
3412480
3418600
2372921
4045933
1248882
1143241
2347691
4299411
2270442
0221601
4488100
4310841
4039963
4294251
2295923
3356983
1147111
0189742
3321042
0076920
0178012
3411951
4357792
1247412
1246002
2290313
2350290
3421480
0199311
0218901
3365023
3426940
4293111
3416650
1137781
0224181
1235682
1254792
4042843
1234182
4482400
1232202
1246842
0058770
3376513
3368083
3414970
3305202
4499770
0216561
2369681
2361731
4495630
0077850
3375913
1130431
1234932
2284133
3402760
2284013
3315312
2351111
2366741
4304751
2292552
3363493
0179722
2369231
4347082
4311261
3354013
4489660
0065190
3426681
4046533
4494760
2302013
4290381
0144563
1270980
3419770
4356862
1230773
3360253
0196102
4310781
0184372
2291573
3426640
2351130
0062310
2329500
3411760
2277042
4358902
1124761
2358581
4289241
4040833
4301361
0154133
2350961
4040053
2296283
0078570
4310601
1251552
4305711
2372711
2328270
1251792
3408220
4340962
4294161
4338622
2267142
1287210
3420130
3321312
4308171
3425361
3317922
1218923
3326082
3360643
4301931
4490860
1241982
1147891
1132411
2346341
2288543
1125151
0200811
3373243
2353571
0201051
1146421
2375261
2288082
1251372
1276230
0076890
0199611
1214213
3413931
4056163
1237002
0191842
1287180
4505500
3429621
0213771
4350952
4307631
2348831
2282093
1292970
4046413
1228793
3326262
3416140
4312071
4043533
4337872
4045333
2277072
0202462
3367843
4485670
4053283
4498330
1127821
4295781
4307001
3314862
1230353
4505560
4284951
4041823
1222913
1212503
3303702
2279933
3431331
1138021
2279712
2281373
4054033
0178192
0218481
4486300
4341832
2272512
4359142
3408430
4481950
3321402
4295301
3412420
3326172
1207493
2371901
4356802
2351471
3417681
4357492
2271732
2327910
4050313
2273862
0186022
2269272
3406390
2332140
2353260
1241862
3301932
4291551
4044643
1131541
3415791
4341412
4287951
3403990
2280863
0068850
4357132
3422631
0068790
3426730
1246632
1249182
3415611
4349152
1233942
4495660
4298691
4500580
4047973
0199701
1276380
4344352
0078870
4356382
2363561
3415240
1257702
1218593
3405070
1249782
4047103
2339370
1278480
3367813
1282410
1277670
3309792
3306642
1125031
3426051
1285380
4289421
3414081
3355573
2289132
2297243
1246992
3416620
4345672
4358512
4356292
1282830
4290231
3422601
1215053
4362502
2346161
2361431
0146333
0145013
4041853
0176992
4348792
1282680
2360891
3314982
4361602
2274612
3316062
0063900
1146451
3430341
2291753
4039543
2288202
4361362
0078540
2268282
4058593
1212803
2281512
4359772
1228253
4357372
2370191
0182632
1278660
4489570
4304811
4291491
3379603
0149993
4505590
4354072
4343752
2298323
3412161
4362232
1290120
1137631
4309221
3419290
0218691
3352753
3418480
0212901
4311201
2358701
4341982
0140213
4297071
2363111
3430761
3323952
0078600
3425331
2373791
0057360
3430191
0154553
2269782
3415150
2349120
3309282
4293381
4296771
3417850
1210373
4484800
3428211
1209803
1250622
2361941
2330910
3418270
2298053
4362952
2272752
1213253
4046293
4037083
1246512
2375771
4490500
4499560
2342850
3310002
1225403
0178852
3322392
2302373
4343662
0061980
4307481
3416050
3312552
1147651
4293441
1250352
4505950
2290332
4349032
4497580
1285770
2349720
4294371
4307871
4357582
3426880
2348051
0061920
4047943
2332860
4344082
3355963
4035763
4302741
3373513
4303341
0143813
2373371
4482280
0217881
4490350
2364671
4359832
1281570
4302651
2348291
3415540
0180202
4039093
4306851
4494310
3421030
1279740
0140723
3368173
4299921
3315342
4287141
2288273
2284043
3322002
2269722
0078270
4036693
2269002
1147171
0199431
2281482
3429831
4305171
2355101
0200691
1125601
2369081
0223431
3402370
0154073
1217963
2347830
1232472
2270742
4313241
3416410
1276830
3419440
3355783
4300311
4037173
1150471
4058863
4312251
3361063
3402490
0144713
4342792
1234242
4302081
4288761
4496560
2351520
3327462
2284272
3427581
0145493
0214491
4299891
2291843
0143993
3301842
4304301
3311682
1285530
2268792
4301631
3374443
4303491
2271402
1281300
2290523
2332380
1223543
1251582
2281463
4289301
0215481
1276800
2339580
3306372
2350320
1234212
2366921
3303732
2355371
1127041
1210223
4310901
4304361
2364701
2373401
2302313
3310272
2291033
4296711
2274402
4037293
4359202
3321342
4311231
1224053
3411561
2332890
0189112
3308142
4043683
0182002
3407800
4483540
4043293
0214941
3428241
4342432
4502410
3356653
3326412
0200421
1234962
3425020
2373131
0145313
4284201
3408760
3428301
2278493
1213373
1251252
2372621
4339012
4491100
0078480
3430371
1281420
3434991
3324462
4284621
0228411
2331270
3413320
4054063
0065250
4480330
3418390
2343360
4040233
1215023
2272482
3365683
3414820
4300971
1227923
1236552
4361452
2281643
1236132
1224233
1251822
3410991
4048933
3353113
4484620
0144983
4360702
0219471
4485910
3359683
1144621
3317802
2345850
1224413
1251042
1126501
1126921
1147351
3402280
0223311
4307961
2330550
3427701
3424251
4302561
3373303
4051813
3315732
4496950
4051153
4341862
4053883
4290171
3367903
1282770
1211213
3409761
2284733
4294881
1251432
3360073
2351790
3410811
0077490
0222201
1277220
4506640
4497220
2278523
3312042
1296060
2352060
3313632
4299651
3423591
1211663
4286241
4485880
2292252
2283803
3422301
1217453
2345910
3360043
1143121
4047703
1231013
0218931
3423621
3365083
3373483
3319872
2330070
1125781
2291592
0188842
2350841
3423021
3313782
2289162
4307691
2278583
4359322
1253412
3404470
4300041
1236732
0069210
3409120
3435231
4488160
4493650
2354921
2367371
0214311
1144351
2282052
4357222
0224121
2270232
3322092
3429321
3411651
4288731
4357942
3432351
1231212
4047733
4045003
1280430
0178702
3424731
1126681
0212781
2329170
1217633
1257372
2291532
2351670
1125121
1144561
1256982
0185512
4363042
1255482
3425481
3435081
2350470
1249512
1293450
2373011
1231133
3367693
4041553
2281032
0155423
0213741
3414070
3379333
2365061
4040803
3376633
2346960
1283010
3352573
2329110
1248912
2280162
0061320
4311141
0176902
4498270
3430521
0220851
2375441
2279693
4305021
2272602
2353871
4309191
1228913
2368211
4499800
3414160
3324402
4053643
1278780
1207553
1241952
0176062
4297461
0222321
3427161
0222051
4309611
3306522
4313121
3358453
4292661
0216501
2353121
1146661
4342042
1124821
4344262
1126591
4310301
4309371
3433701
0182542
1236852
4294131
3415120
4488190
0221721
4340842
3305712
3412960
4301331
1233222
2288232
4283361
4044283
3415971
3304362
1253442
4345852
3426771
2285442
1270170
1257342
3319602
1131601
4304721
2270772
3356773
4349962
3368383
0058680
2370431
4287171
1273410
2284493
3327432
2356061
4035883
2361521
2297033
2302493
1208093
2374451
2349780
2372831
1218563
3425511
2283683
3315012
2284823
1246722
4350712
3431091
2275602
4293891
3308562
1251852
3373543
2347121
3414681
0199282
3301632
1257612
2355911
3426381
2352971
4361152
3403960
3417531
4359262
3405190
0192472
3358243
3301362
1226963
4362382
1296690
1239252
2355791
1208183
2279123
1212443
3328572
0056940
2302643
4342732
3417430
2374751
2348190
4297401
3420351
3419710
3414051
0221091
2269752
3316122
3353863
0182662
3426561
4039873
1286970
2367671
2332350
3318792
2364461
4486360
1149751
4295181
1218503
3426111
3417130
1282950
2277102
4292631
0198532
4043773
2345280
2354160
3410841
2328330
2279303
3423351
2351141
2363171
3416440
2369201
2360351
1233852
1234752
3352873
2368661
3433071
4362802
0076830
4496590
3413500
0218751
3304122
0202702
1143061
2278632
3402250
2374991
1232412
1144201
2360381
3318522
3361633
2368121
1292370
1251672
2352791
1236882
2363651
4301031
3414610
4491310
4494970
1125931
2292173
2282292
2357321
1132951
2327820
4041463
2342910
1128721
2375201
3416991
4055773
3374623
3320232
3405400
1138201
0140783
0191332
4485280
3353293
1250772
4489210
4343722
2276022
4287651
2358791
2357501
3305442
1239522
3312612
4292211
2301893
1146331
3359653
1284300
1252752
1124701
1293120
3307212
4044703
3316002
0221181
1149691
4312161
4362202
3416800
0153353
1236162
3375403
4341682
4348222
2353290
2272542
3324342
4360252
3316662
3361453
4345732
3423171
0178162
4352182
2361881
1257852
4349872
3430101
1224323
1245972
1244592
3311952
0063240
3414010
2369561
4058143
0224151
4308231
4355962
0186922
2288892
1144231
2364131
3415570
4035403
1237062
1143481
3360343
4057663
1217903
2356301
0178792
2367341
4039123
3420610
4056373
1252632
1208573
3379543
2339550
4304961
2356091
0077130
1130461
3419031
1133371
1229573
4041763
1208543
1243392
4289061
4340632
3428421
4297821
1210733
2373971
3412000
0060480
3322542
2348201
0061170
3305382
1212893
2358521
1208963
0213561
1228283
0143513
1287540
1249842
2375111
4060003
0212481
1212863
1144261
1209923
4036303
4051693
1287630
1229063
1234902
2273262
2365661
4499410
3317982
0221151
4505470
1276950
0175972
3411111
4052533
2278703
4039063
2278193
0214401
3354493
4036783
0179572
2269842
0139583
2292563
0137903
3415990
1237452
2354861
2357021
1129111
4356052
3322032
2348100
4310811
2290373
4045183
2347871
4498360
4482460
2374241
2270472
4043983
1210103
4292751
4043023
3415930
3365533
2295713
0061560
3406930
4482340
4310121
3374953
1129471
2373671
2366861
2269392
2332200
2372441
1276860
2284343
1143871
2352270
4498690
4305351
4038973
4301211
0178072
4346782
4283511
1143811
4336912
3422140
3304212
2357111
1224023
2359541
3431391
4300101
2368541
1276680
0063210
1271160
2284793
4036423
3417730
4355872
4041613
3321162
2290542
3405940
4344022
3404440
4283691
4361182
4505770
1129231
4304451
0076980
3356713
2349750
2281872
2289252
2290463
4313901
3326442
0221751
2282682
2364221
2350871
0145073
1218713
0193072
0200002
4345762
2347680
4038523
0186952
2352731
2330850
3418240
2353830
4362772
3423981
1224833
4492960
4042813
0154823
4044193
3304992
4360822
3301392
1255452
3354823
0078450
4311771
4046233
4351972
1213493
2353301
3303372
4494730
4302111
4363552
2368751
2283162
2284812
4495570
3427431
1219133
0146063
3418191
4490020
3328332
1280640
0076620
0191632
4338772
2274552
4300731
3417651
1278210
4491790
0200032
3360373
2302433
1208153
3367543
0175822
3301692
4349182
1218173
2277282
2360231
2363681
2331840
2298953
2293452
4360852
0154763
3418510
2349540
4499920
3363343
2368481
0215211
3404020
2284842
4294911
0192112
0187072
2269962
2353391
2341950
1138411
4053853
0069420
3328182
2359121
4493950
3415870
4287681
3417411
0154493
4309491
0199911
4341262
3414741
2291442
4303431
3355243
2362781
0224091
4358842
2282333
3328002
4302441
4336672
3352903
1218653
1213193
3414100
1232663
4283871
4360282
2290572
4360042
1249932
3411141
4039423
3358873
4049023
4047133
4290531
4344832
3327552
3402040
0191872
2352341
2351441
1144141
4300341
4051123
1208303
2333400
3414441
4312311
2352390
2372861
0077160
3328512
1129741
0177742
0195352
4363672
4307841
3361303
1239102
2297693
1252692
1278240
3402640
3413050
3303312
1212773
2279873
0063300
4283841
1131781
2298203
1284270
3429021
2285333
3314742
0199341
3315972
4344472
3374713
2349420
2270292
4290141
4494040
2357081
0144353
3422080
4311921
2345100
1251702
0189952
4284111
4043863
4292481
4308411
0221301
3428511
1246332
3322632
4304781
3425181
2345250
3413260
0212661
4486150
2362991
3410871
1137601
0061860
2279573
3421780
3434631
0192232
0226101
2282322
4053673
4303671
3430911
2290452
1234392
1140601
0200152
1146481
3364033
1211303
4349692
2281673
0191302
2282022
3426201
2373071
4293531
4361692
2374571
4057963
3431301
1237362
1276470
1286700
1239942
3307182
2280012
4284981
2281283
1209293
4356712
3417400
3316542
0067170
3369613
3408400
4341652
3364123
3309252
3324162
2332950
1231073
1293330
0154913
0202852
3428541
3418941
4035793
4305261
0203002
2267172
3412030
2301863
4294071
2374391
1219073
2353680
4293861
4361872
4351012
3417970
2271312
4497130
3324252
0216711
4310661
0147953
1297050
2363051
1287510
1143901
4310091
2361971
2344830
0215061
4283541
3316332
0144173
0077460
3301512
0187162
2369261
4308591
2285183
4297701
4044763
2328300
2352330
3424300
1257402
1277850
3420970
1242342
4058323
3317292
2288862
3402010
2361131
3361483
2364641
4047013
3416350
3318312
1246092
1232292
2368691
0193672
4302141
0062280
3317052
0218091
3373633
4044793
4294491
3430461
4482430
3428151
2281782
2345340
4299111
2363741
4294671
4299321
3312522
0078930
0215511
2355221
3323232
0223161
3413031
3415270
3418701
2366021
2279652
3413830
4358122
3416380
1131661
2349071
2278643
4036063
1232322
2282142
2365331
1242252
4490950
1246032
3408820
4359952
4046263
1210403
2352000
1251312
2279333
4298541
1228103
3355543
3364213
3305292
4310031
2358731
0216021
1149421
4044103
1148101
4305591
2282382
3358813
3326682
4285551
4042663
4506880
3426891
2269452
1137871
0200751
2271612
1211693
2369801
3309072
3311562
2296343
3315132
4046503
2289552
4309251
1246392
3423411
1147471
0220821
1229123
3416121
3414891
2347620
3367993
1208393
2280923
2342730
1218323
3369403
4313601
3361573
4337572
1271190
2362121
1251942
1132921
1217423
4498510
1210583
4288971
3406660
4302351
3303042
0219021
1126951
2344560
1278030
4042573
4491910
2362571
4291881
3428991
4490770
2302073
2290872
1138501
4036453
1222763
4349362
4342552
0144923
4348762
1125541
0218181
0223101
2279423
3417070
0189022
1224473
2353421
0155483
4311501
3353143
0212421
3432741
3429771
1246812
4348882
0210771
1278360
2291693
3428691
3434661
3321762
2330790
4288311
3307962
2296133
4488430
1143001
4485850
0145163
3354733
4346722
2367791
1229423
4342882
0144953
1280550
2275992
4298301
3365353
3354553
3327582
2356271
4285491
1255932
3323562
2281613
3352843
4046053
2297363
4041163
2342700
2281092
3305412
4052743
1133041
3311622
3365623
3324312
0195382
2281932
4492000
1217603
4295481
1272600
3302262
3421701
1150411
0191752
2290242
4301151
0193042
4039483
1149601
3416830
1286850
0079920
2358431
2283773
3411820
4490890
1138441
0154253
0129443
1278750
2285472
3319842
0179632
3373663
4057993
2345160
2374211
4498060
1147801
1278450
4039933
3368203
2356541
3367513
2358671
0212121
3429111
0189352
3420580
1257222
3414760
1129711
3418150
3435291
4035433
0144593
0226281
2290343
1277400
1229453
3419781
1211573
3404050
4307361
2358491
4491730
4493590
4496500
4490980
2282243
3415431
2269332
3313692
3426351
4044973
3322182
3327882
0216831
1256742
4489600
1257162
3431031
2277083
3323712
1144711
3417820
4344292
3403030
4057783
3416500
0215631
1279800
1130251
1136971
2350751
2344470
1132981
4349572
0200092
4286511
4490050
4301901
3411970
4312101
2366951
1286820
4499890
0070560
4044823
3419530
0215571
0078390
4309971
0061140
3361213
1233462
2272842
1297110
4496860
4283751
2369771
1275630
1256892
0228021
0192652
2369441
1239762
2359781
4303011
3420220
4052443
4294101
4505740
0214881
4296561
3418101
2351370
3315222
3429501
4500550
1229993
3321882
2358551
0154433
1241592
1282740
2353650
1249122
4052473
2362811
1147621
2352131
0145043
2276502
4336732
2369411
0144473
4039333
0192382
4042483
0216591
4300251
4295211
4038823
4358632
2349810
1287660
2296913
4058443
4041193
4362472
1239672
0155303
3413451
1296360
0078660
2293752
1210073
2351801
4044133
4309101
0191692
2332800
3423711
1254432
0180322
4309521
4041073
3411051
4307301
1271100
1229333
0212001
3413871
2364431
3427551
2292042
2293842
2351051
4292571
3408460
1213313
1224623
0199882
0145193
0078240
4297581
2361851
0146363
3429531
0146303
1292760
2364251
4495000
4291221
4302291
2375801
2370371
1252872
1125571
2330520
4038493
2349990
4304631
3319542
2375591
4056253
0228291
1222883
4302531
2348400
4490230
4284351
2376011
2358161
1239342
3417280
2289642
4348312
0224031
1240362
2282712
2332830
2364041
3427570
2373431
3416080
1242312
2291543
3424191
1126081
3426231
3430791
3305172
4338802
4042903
3418030
2346071
1207523
4288401
0057330
2364341
2282652
1126531
3358723
4044373
0065130
3425391
4498630
3415401
0066810
0177712
3402550
3357133
2269932
4295961
3405130
0061590
4285071
4308771
0193612
2352491
1129801
4341352
1239552
1240602
3410691
0178102
3375073
4298451
3431061
3417370
2364371
2275703
3427671
4505680
3301602
2281523
3431421
2355641
3419181
2281002
3324132
2292503
3417441
4505290
4498240
4311111
3411171
4309551
2375981
4360312
4058413
4498840
1213043
3306402
3367723
0154283
0215301
4496920
4046443
3420100
3434901
3358663
1146781
2284943
3415731
0201021
0177082
2288363
1210283
2353241
1218383
1228763
4308201
3426411
4307931
1129021
2372951
1286670
3429741
1236822
1126861
0219051
3360553
3322242
1150651
3405220
3433971
3314262
1213553
3355123
2267952
4288701
0218121
1278930
2291153
2342610
2288652
1295160
3416301
4053523
0186982
3321372
1257762
3352663
1237992
2327730
4309791
1125721
1229873
4341322
3432411
3423201
4036603
3413800
1211513
3427851
3317382
1150321
0073440
2362181
3411861
3419301
3306492
3416170
4362982
3411501
4300401
2358041
2366771
2287032
4293321
1142971
2291802
1243602
3426760
2280953
3412120
0217011
1246242
1234512
1230263
4300011
4344232
1222943
4309701
4303521
2285412
1232562
1287450
2360801
4042963
1257672
4359232
4045153
2357141
0153233
4363162
2373191
3361753
0153773
4357732
1290030
4340542
4048873
0149843
4495450
4489270
4292061
2366201
3429681
4491430
4490470
4489690
4356412
3412270
3425721
4494520
3426711
2282183
1143631
0185602
1217573
4049053
4349812
4479970
2368361
4300071
1226933
4363132
4343872
3373693
3411081
1132651
2271942
1284330
0215241
4344802
3421810
1280820
3375283
4340452
4480720
4491250
0144413
3356923
2273772
2328030
3302292
2364491
1125451
1285860
0063000
2267292
4303971
2278722
2359031
1209863
1253202
4039783
4046983
4304091
1227443
4303191
2284703
1280460
3405040
1209983
4496890
2347361
3413140
1238532
0191662
0140843
0222231
3416110
4497430
3354883
4284591
4051873
0077910
0200362
0079500
1278300
4355692
3313302
4295091
3408970
0216651
3354463
4285521
4346842
3419350
1146511
2346281
1211183
1242222
2302103
4058563
2359721
3418840
1277760
2272722
0202762
1257312
0216201
3412870
1138051
4050343
0212871
1257042
1228313
2356511
4496620
1280580
3423081
4039213
2268222
3306342
1141981
2359061
4053973
4302231
3415510
2328570
2347511
2371391
2347991
2291123
0068970
2301563
4297491
3322782
4295421
2370071
3419980
4057873
1129621
3429591
2281253
4347772
2273172
1232262
4059163
0187642
4361932
3414111
1147831
2361761
2373281
1238202
0202642
2271642
2362871
1243512
0189532
1222583
3406900
3423741
4302921
4498390
3307242
0146123
3301482
4356082
2288663
0219081
1253322
2368151
2284752
1235502
3305082
1125841
3314232
4359862
0202672
0153563
1278870
2368631
1286940
2359961
1278330
1222463
3359473
4498180
0216681
1150621
4500010
0200721
3321432
4340602
0210651
1210883
1211483
3421240
1210013
3354643
4290561
3426261
0131513
2331030
3301572
3302112
3410901
4295361
3357223
1246452
0200062
0140543
4358092
2363021
1209953
3427191
1146361
0155393
4299291
0191812
4494220
4339042
4344592
4039273
3311592
0191482
4037353
4500640
2333430
0222171
2280792
4490320
4041103
3319452
3326202
2353530
2373041
2271852
3419661
0144503
3421870
3356353
3360133
4361242
4042993
1142701
1208633
3435051
2332560
4357552
3418131
1282260
3421720
3305562
1282650
0200061
4362142
3360313
4488280
1209503
3418180
2372981
2353710
4057693
3358693
1246542
1231632
4359682
4043173
1146721
0216381
3427221
1285200
2277972
1150741
2280803
4357882
1210763
2357261
4058893
2330130
4058383
2270352
2351400
0078300
1284870
4491490
3410931
3316032
3422841
0218331
2270532
2301743
1125811
2355491
1287240
1229783
4494010
4046383
1212713
0069390
2350661
3379363
3309762
3315912
3405430
4055803
3416511
4291401
1278270
4337662
3419020
2354190
0221661
0191512
3413331
3402520
1147201
2293962
2350721
0194362
4347022
3359323
1231253
0185572
0215331
4486180
4050523
4489960
3429441
2274762
4350652
4338502
4340752
4057843
2352401
0219261
0179812
2272302
4050943
3305742
3364573
4342642
0192862
2331870
0200841
1247352
0062040
0221961
4347622
4288671
4300191
2297663
4056523
1209683
3428121
4310211
1229153
2290853
3416661
1286790
0076560
2290362
2343720
2360471
0226071
1246902
4496740
4301751
4299261
2283743
3435021
3425991
4291581
4293081
0228081
4288521
2357831
3365593
4500280
0078960
4307091
2268192
4287741
4505860
4363192
0055680
0055710
0055740
0055770
0055800
0055830
0055860
0055950
0056010
0056250
0056760
0056790
0056850
0057000
0057030
0057060
0057270
0057300
0057450
0057570
0057630
0057930
0057990
0058020
0058050
0058080
0058110
0058140
0058170
0058200
0058230
0058410
0058890
0058920
0058950
0058980
0059010
0059040
0059070
0059160
0059220
0059550
0059640
0059730
0060030
0060360
0060570
0060630
0060660
0060690
0060720
0060930
0060960
0060990
0061020
0061050
0062250
0062370
0062490
0062550
0062580
0062640
0062670
0062700
0062730
0062760
0062790
0062820
0062850
0062880
0062910
0062940
0063270
0063360
0063390
0063420
0063450
0063480
0063510
0063810
0063840
0063870
0063990
0064020
0064080
0064110
0064140
0064170
0064200
0064230
0064260
0064290
0064320
0064350
0064380
0064440
0064920
0064980
0065070
0065880
0066510
0066540
0066900
0066930
0066960
0066990
0067050
0067230
0067260
0067350
0067500
0067560
0067710
0067740
0067800
0067830
0067920
0067950
0068190
0068340
0068460
0068490
0068520
0068580
0068700
0069000
0069060
0069090
0069150
0069180
0069240
0069300
0069330
0069360
0069840
0069930
0070380
0070440
0070470
0070500
0070530
0070620
0070740
0070800
0070920
0070980
0071160
0071310
0071370
0071580
0071970
0072030
0072360
0072600
0072630
0072660
0072720
0072750
0072930
0073080
0073260
0073860
0074100
0074160
0074370
0074430
0074460
0074610
0074670
0074730
0074910
0074970
0075090
0075330
0075360
0075390
0075420
0075450
0075480
0075510
0075540
0075600
0075630
0075660
0075690
0075720
0075750
0075780
0075810
0075840
0075870
0075900
0075960
0075990
0076020
0076050
0076080
0076110
0076140
0076170
0076200
0076230
0076260
0076320
0076350
0076380
0076410
0076440
0076470
0076500
0076530
0077070
0078210
0079020
0079050
0079110
0079140
0079170
0079200
0079230
0079260
0079290
0079320
0079350
0079380
0079410
0079530
0079560
0079590
0079620
0079830
0079890
0079950
0079980
0080010
0080040
0080070
0080280
0080580
0081540
0081960
0082140
0082170
0082200
0082230
0082260
0082350
0082380
0082410
0082440
0082470
0082500
0082530
0082560
0082590
0082620
0082650
0082710
0082740
0082770
0082800
0082830
0082860
0082890
0082920
0082950
0082980
0083010
0083070
0083100
0129323
0129383
0130343
0130853
0131153
0131183
0131213
0131243
0131273
0131303
0131333
0131393
0131423
0131453
0131483
0131543
0131603
0131903
0131963
0132383
0132473
0132773
0132863
0133073
0133103
0133283
0133313
0133643
0134153
0134183
0134393
0134483
0134543
0134663
0134963
0135173
0135203
0135233
0135503
0136103
0136343
0136403
0136613
0136793
0138383
0138443
0138983
0140093
0140123
0140153
0140183
0140273
0140303
0140333
0140363
0142343
0142373
0142403
0142553
0142613
0142643
0142673
0142703
0142733
0142763
0143543
0143573
0143603
0143633
0143663
0143693
0143723
0143753
0143783
0144113
0145643
0146483
0146753
0146903
0147083
0147143
0147203
0147383
0147713
0149153
0149333
0149393
0149423
0149543
0150773
0150893
0151103
0151133
0152753
0152783
0152933
0152963
0152993
0153023
0153053
0153083
0153113
0153173
0153203
0153983
0154673
0154703
0155093
0155123
0155153
0155183
0155213
0155243
0155273
0155603
0155633
0155663
0175852
0175882
0176152
0176182
0176242
0176272
0176302
0176332
0176362
0176392
0176422
0176482
0176542
0176572
0176602
0177442
0177472
0177502
0177532
0178252
0178282
0178312
0179842
0179872
0180052
0180082
0180112
0180142
0180352
0180382
0180412
0180442
0180472
0180502
0180532
0180562
0180622
0180652
0180682
0180712
0180742
0180832
0180862
0180892
0180922
0180952
0181072
0181192
0181402
0181492
0181642
0181672
0181702
0181762
0181792
0181882
0182092
0182122
0182152
0182182
0182212
0182242
0182272
0182692
0182722
0182842
0182902
0183112
0183442
0183682
0183952
0184012
0184132
0184222
0184432
0184462
0184522
0184672
0184762
0185002
0185032
0185062
0185092
0185122
0185212
0185242
0186082
0186172
0186382
0186802
0186832
0186892
0187252
0187282
0187312
0187342
0187402
0187462
0187492
0187522
0187882
0187912
0187942
0187972
0188032
0188062
0188122
0188152
0188182
0188212
0188242
0188422
0188452
0188482
0188512
0188572
0188602
0188632
0188662
0188692
0188722
0188752
0188782
0189142
0189172
0189202
0190222
0190702
0190732
0190792
0190822
0190852
0190882
0190942
0191002
0191032
0191062
0191092
0191122
0191152
0191212
0191242
0191272
0192682
0192712
0192742
0192772
0192802
0192832
0192892
0192922
0192952
0193102
0193132
0193162
0193222
0193252
0193282
0193822
0193852
0193882
0193912
0193942
0193972
0194002
0194062
0194092
0194122
0194152
0194182
0194212
0194542
0194572
0194602
0194632
0194662
0194782
0194872
0194932
0194992
0195052
0195112
0195172
0195232
0195262
0195292
0195322
0195502
0195532
0195652
0195682
0195742
0195862
0196432
0196462
0196582
0196942
0197122
0197182
0197212
0197332
0197632
0197752
0197782
0197842
0197932
0197962
0198082
0198891
0198921
0199041
0199641
0199732
0199762
0199821
0199851
0199852
0200001
0200392
0200422
0200451
0200452
0200481
0200482
0200511
0200541
0200572
0200601
0200631
0200632
0200752
0200782
0200842
0200901
0201081
0201111
0201141
0201171
0201172
0201201
0201231
0201261
0201291
0201351
0201381
0201411
0201412
0201441
0201442
0201471
0201472
0201501
0201502
0201531
0201532
0201561
0201562
0201591
0201621
0201622
0201651
0201652
0201682
0201711
0201712
0201741
0201742
0201771
0201772
0201801
0201802
0201832
0201861
0201862
0201892
0201922
0201982
0202042
0202072
0202102
0202132
0202162
0202192
0202222
0202492
0202971
0203001
0203031
0203061
0203091
0203121
0203181
0203211
0203241
0203271
0203301
0203331
0203361
0203391
0203421
0203451
0203481
0203541
0203571
0203601
0203631
0203661
0203691
0203721
0203781
0203811
0203841
0203901
0203931
0203961
0203991
0204021
0204051
0204081
0204111
0204141
0204201
0204261
0204291
0204321
0204351
0204381
0204441
0204471
0204501
0204531
0204561
0204591
0204651
0204681
0204711
0204741
0204771
0204801
0204831
0204861
0204891
0204921
0204951
0205011
0205041
0205071
0205101
0205131
0205161
0205191
0205221
0205251
0205281
0205311
0205371
0205401
0205431
0205521
0205551
0205581
0205611
0205641
0205671
0205701
0205731
0205791
0205821
0205851
0205881
0205911
0205941
0205971
0206001
0206031
0206061
0206091
0206151
0206181
0206211
0206241
0206271
0206301
0206331
0206361
0206391
0206421
0206451
0206511
0206541
0206571
0206601
0206631
0206661
0206691
0206721
0206751
0206781
0206811
0206871
0206901
0206931
0206961
0206991
0207021
0207051
0207081
0207111
0207141
0207171
0207261
0207291
0207321
0207351
0207381
0207411
0207441
0207471
0207501
0207531
0207561
0207621
0207651
0207681
0207711
0207741
0207771
0207801
0207831
0207861
0207891
0207921
0207981
0208011
0208041
0208071
0208101
0208131
0208161
0208191
0208221
0208251
0208281
0208341
0208371
0208401
0208431
0208461
0208491
0208521
0208551
0208581
0208611
0208641
0208701
0208731
0208761
0208791
0208821
0208851
0208881
0208911
0208941
0208971
0209001
0209061
0209091
0209121
0209151
0209181
0209211
0209241
0209271
0209301
0209331
0209361
0209421
0209451
0209481
0209511
0209541
0209571
0209601
0209631
0209661
0209691
0209721
0209781
0209811
0209841
0209871
0209901
0209931
0209961
0209991
0210021
0210051
0210081
0210141
0210171
0210201
0210231
0210261
0210291
0210321
0210351
0210381
0210411
0210441
0210501
0210531
0210561
0210981
0211011
0211041
0211071
0211101
0211131
0212301
0212331
0212451
0212511
0212991
0213021
0213051
0213081
0213111
0213171
0213201
0213231
0213261
0213291
0213321
0213351
0213381
0213411
0213441
0213471
0213531
0214011
0214041
0214071
0214101
0214131
0214161
0214191
0214221
0214251
0215961
0215991
0216051
0217251
0217371
0217431
0217671
0217911
0218151
0218811
0219201
0219291
0219501
0219531
0219561
0219591
0219621
0219651
0219681
0219711
0219771
0219831
0219861
0219891
0219921
0219951
0219981
0220011
0220041
0220071
0220371
0220401
0220461
0220521
0220551
0220581
0220611
0220671
0220701
0220731
0220761
0221361
0221421
0221451
0221481
0221541
0221571
0222441
0222621
0224001
0224271
0224421
0225471
0225531
0225831
0226401
0226431
0226761
0226791
0226911
0226971
0227511
0227661
0227961
0227991
1123951
1123981
1124041
1125301
1125331
1125361
1125661
1125691
1126141
1126171
1126201
1126231
1126741
1126801
1127011
1127101
1127251
1127311
1127341
1127401
1127431
1127491
1127521
1127791
1127911
1128031
1130551
1130581
1130611
1130641
1130671
1130701
1130731
1130791
1130821
1130851
1130881
1130911
1130971
1131001
1131031
1131061
1131091
1131121
1131181
1131211
1131241
1131271
1131301
1131331
1131361
1131391
1131421
1131451
1132051
1132081
1132111
1132141
1132171
1132201
1132231
1132261
1132291
1132321
1132381
1133011
1133221
1133401
1133581
1133611
1133671
1133911
1133941
1134061
1134121
1134391
1134541
1134661
1134811
1134841
1135021
1135531
1135591
1135711
1136251
1136401
1136641
1136671
1136731
1136761
1136821
1136941
1138261
1138291
1138591
1138651
1138681
1138711
1138801
1138831
1138861
1139461
1139641
1139941
1140091
1140271
1140421
1140661
1140751
1141231
1141531
1141681
1141951
1142761
1142791
1142821
1142881
1143301
1143331
1143361
1143391
1143421
1143451
1143961
1144081
1144771
1144831
1144861
1145161
1145221
1145491
1145521
1145701
1145731
1145971
1146151
1146181
1146241
1147951
1147981
1148701
1148791
1148821
1148881
1148941
1148971
1149001
1149031
1149061
1149091
1149121
1149151
1149181
1151071
1151161
1151191
1151221
1151251
1151761
1151791
1151821
1151911
1153711
1154071
1154281
1206893
1206923
1206953
1206983
1207013
1207043
1207073
1207133
1207163
1207193
1207253
1207283
1207313
1207703
1207853
1208243
1208423
1208723
1208753
1208783
1208813
1208843
1208873
1208903
1208933
1210973
1211123
1211153
1212203
1212233
1212263
1212293
1212323
1214753
1214783
1214813
1214843
1214903
1214933
1214963
1215083
1215113
1215143
1215173
1215203
1215263
1215683
1215713
1215743
1215773
1215803
1215833
1215863
1215893
1215923
1215983
1216013
1216043
1216073
1216103
1216133
1216163
1216193
1216223
1216253
1216283
1216343
1216373
1216403
1216433
1216463
1216493
1216523
1216553
1216583
1216613
1216643
1216703
1216733
1216763
1216793
1216823
1216853
1216883
1216913
1216943
1216973
1217003
1217063
1217093
1217123
1217153
1217183
1217213
1218683
1218773
1218863
1219223
1219253
1219283
1219313
1219493
1222043
1222073
1223183
1223363
1226363
1226393
1226663
1227143
1227323
1227353
1227383
1227413
1227533
1227593
1227623
1227803
1227833
1227863
1230413
1230443
1230503
1230533
1230623
1230803
1230863
1230893
1230923
1230953
1230983
1231152
1231283
1231302
1231332
1231493
1231692
1231722
1231752
1231782
1231812
1231842
1231872
1231902
1231932
1231962
1232213
1232303
1232652
1232682
1232712
1232723
1232742
1232753
1232772
1232843
1232862
1232892
1232922
1232933
1232952
1232963
1232982
1232993
1233012
1233582
1233612
1233642
1233672
1233882
1234092
1234302
1234872
1235112
1235142
1235172
1235202
1235232
1235262
1235292
1236942
1236972
1237182
1237542
1237572
1237602
1237632
1237662
1237692
1237722
1237752
1237782
1238052
1238082
1238112
1238142
1238232
1238262
1238322
1238352
1238382
1238412
1238442
1238652
1238862
1238952
1238982
1239462
1240002
1240032
1240062
1240092
1240152
1240182
1240212
1240422
1240452
1240512
1240542
1240572
1240692
1240872
1240902
1240932
1241022
1241292
1241322
1241352
1241382
1241412
1241442
1241502
1241532
1242432
1242582
1242612
1242642
1242672
1242702
1243722
1243752
1243782
1243812
1243842
1244082
1244172
1244232
1244262
1244922
1244952
1244982
1245012
1245042
1245072
1245102
1245162
1245192
1245222
1245252
1245282
1245312
1245342
1245372
1245402
1245432
1245462
1247292
1247322
1247622
1247652
1247682
1247712
1247742
1247772
1247802
1247862
1247892
1247922
1247952
1247982
1248012
1248042
1248102
1248132
1248162
1248192
1248252
1248282
1248312
1248342
1248402
1248432
1248462
1248492
1248522
1248552
1248582
1248642
1248672
1248702
1248732
1248762
1248792
1248822
1248852
1249002
1249962
1250052
1250082
1250172
1250202
1250262
1250292
1250322
1252962
1252992
1253022
1253082
1253232
1253292
1253472
1253532
1253562
1253712
1253892
1253952
1254012
1254192
1254252
1254582
1254612
1254642
1254672
1254732
1254762
1254852
1254882
1254912
1255632
1255662
1255782
1255992
1256052
1256082
1256112
1256142
1256172
1256202
1256232
1256262
1256292
1256322
1256352
1257492
1257522
1257552
1257582
1257912
1257942
1257972
1258002
1258032
1258062
1258092
1258152
1270140
1270230
1270320
1270350
1270380
1270410
1270440
1270470
1270530
1270560
1270590
1270620
1270650
1270680
1270710
1270740
1270770
1270800
1270830
1271250
1271280
1271310
1271340
1271370
1271400
1271490
1271520
1271550
1271580
1271610
1271670
1271700
1271730
1271760
1271820
1271850
1271880
1271910
1271940
1272210
1272240
1272270
1272300
1272330
1272480
1272510
1272720
1273020
1273140
1273260
1273320
1273740
1273860
1273890
1274010
1274130
1274250
1274640
1274850
1274940
1275660
1275690
1275720
1275750
1275780
1275810
1275840
1275870
1275930
1275960
1275990
1276020
1276050
1276320
1277310
1277370
1277460
1277520
1277550
1277580
1278600
1278630
1279020
1279050
1279080
1279110
1279140
1279170
1279200
1279230
1279290
1279950
1279980
1280040
1280220
1280250
1280280
1280310
1280400
1280850
1280880
1280940
1280970
1281000
1281030
1281060
1281090
1281150
1281180
1281210
1281240
1281540
1281600
1281630
1281660
1281690
1281720
1281750
1283310
1283340
1283370
1283400
1283430
1283460
1283490
1283520
1283550
1283580
1283610
1283670
1283700
1283730
1283760
1283790
1283820
1283850
1283880
1283910
1283940
1283970
1284030
1284060
1284090
1284120
1284150
1284210
1284420
1284450
1284480
1284510
1284540
1284570
1284600
1284630
1284660
1284810
1284840
1284900
1285020
1285050
1286010
1286040
1286070
1286340
1286370
1286430
1286460
1286490
1286520
1286550
1286580
1286610
1287000
1287030
1287060
1287090
1287750
1287780
1287810
1288050
1288080
1288110
1288140
1288260
1289190
1290390
1290450
1290630
1290660
1290840
1291230
1291290
1291320
1291410
1291620
1291770
1292130
1292280
1292490
1292550
1292580
1292640
1292700
1293660
1293690
1294110
1294170
1294200
1294230
1294290
1294320
1294350
1294470
1294530
1294560
1294590
1294620
1294650
1294680
1294890
1294920
1294950
1294980
1295010
1295040
1295250
1295280
1295310
1295340
1295370
1295400
1295430
1295460
1295490
1295520
1295550
1295910
1295940
1295970
1296210
1296390
1296420
1296720
1296750
2267382
2267412
2267502
2267532
2267562
2267592
2267652
2267682
2267742
2267802
2272032
2272062
2272092
2272122
2272152
2272182
2272212
2272242
2273652
2273682
2273712
2273742
2274642
2274702
2274732
2274822
2274852
2274882
2274912
2274942
2274972
2275002
2275062
2275092
2275122
2275152
2275182
2275212
2275512
2275632
2275662
2275692
2275722
2275793
2275823
2275883
2276453
2276483
2276513
2276543
2276652
2276682
2276712
2276742
2276772
2276802
2276832
2277162
2277173
2277192
2277203
2277233
2277252
2277263
2277293
2277312
2277323
2277342
2277353
2277383
2277402
2277432
2277443
2277462
2277473
2277492
2277503
2277522
2277533
2277552
2277563
2277582
2277593
2277623
2277642
2277653
2277672
2277683
2277803
2277833
2277893
2277983
2278013
2278043
2278073
2278122
2278163
2278212
2278223
2278272
2278283
2278313
2278392
2278463
2278553
2278733
2278763
2278812
2278823
2278853
2278883
2278913
2278943
2278973
2279003
2279082
2279112
2279532
2279892
2279963
2279993
2280023
2280083
2280293
2280323
2280353
2280383
2280413
2280443
2280473
2280503
2280533
2280563
2280593
2280653
2280683
2280713
2280743
2280773
2281242
2281302
2281332
2281362
2281392
2281883
2281913
2282003
2282033
2282513
2282543
2282573
2282603
2282633
2282663
2282693
2282723
2282753
2282802
2282813
2282832
2282843
2282862
2282873
2282892
2282903
2282922
2282933
2282952
2282963
2282982
2282993
2283012
2283023
2283042
2283053
2283083
2283113
2283173
2283203
2283233
2283252
2283263
2283282
2283293
2283323
2283353
2283383
2283402
2283413
2283462
2283522
2283563
2283593
2283653
2283972
2284032
2284092
2284212
2284362
2284392
2284422
2284452
2284482
2284572
2284602
2284632
2284913
2284973
2285003
2285063
2285093
2285123
2285153
2285213
2285243
2285273
2285303
2285363
2285423
2285513
2285543
2285573
2285603
2285633
2285663
2285682
2285693
2285712
2285723
2285742
2285802
2285832
2285922
2286702
2286762
2286852
2286863
2287073
2287253
2287272
2287283
2287302
2287343
2287362
2287373
2287392
2287403
2287422
2287433
2287452
2287463
2287493
2287512
2287523
2287542
2287553
2287572
2287583
2287613
2287632
2287643
2287662
2287692
2287703
2287722
2287733
2287752
2287763
2287793
2287823
2287853
2287883
2287902
2287913
2287943
2287962
2287973
2287992
2288003
2288063
2288093
2288123
2288153
2288183
2288213
2288243
2288303
2288333
2288442
2288532
2288682
2288712
2288742
2288772
2288783
2288802
2288813
2288832
2288843
2288922
2288982
2289012
2289042
2289203
2289263
2289323
2289353
2289653
2289732
2289762
2289773
2289792
2289803
2289833
2289882
2289893
2289912
2289923
2289942
2289953
2289972
2290002
2290013
2290043
2290152
2290602
2290632
2290662
2290692
2290932
2290962
2290992
2291022
2291052
2291262
2291292
2291322
2291352
2291382
2291622
2291652
2291682
2291993
2292023
2292053
2292083
2292342
2292372
2292402
2292432
2292462
2292492
2292612
2292642
2292672
2292702
2292713
2292732
2292762
2292792
2292822
2292852
2292882
2292912
2292972
2293002
2293013
2293032
2293073
2293092
2293272
2293302
2293373
2293392
2293403
2293602
2293632
2293662
2293692
2294093
2294363
2294393
2294423
2294483
2294843
2294873
2294993
2296193
2296223
2296253
2296433
2296463
2296493
2296523
2296553
2296583
2296613
2296643
2296673
2296703
2296793
2297423
2297453
2297483
2297513
2297573
2298353
2298383
2298413
2298443
2298473
2298503
2298533
2298563
2298683
2298743
2298773
2298803
2298833
2299733
2299793
2299823
2299973
2300123
2300183
2300303
2300393
2300603
2300663
2300783
2301173
2301203
2301233
2301263
2301293
2301323
2301353
2301383
2301413
2301473
2301983
2302673
2302703
2302733
2302763
2302793
2302823
2302853
2302883
2327460
2327490
2327520
2327550
2327580
2327640
2327670
2327700
2328480
2328660
2328690
2328750
2328780
2328810
2328840
2329020
2329350
2329380
2329410
2329440
2329470
2329650
2329710
2329740
2329770
2329800
2329830
2329860
2329890
2329920
2329950
2329980
2330010
2330610
2330640
2330670
2330700
2330730
2333610
2333670
2333700
2333730
2333760
2333790
2333820
2333850
2333880
2333910
2333970
2334000
2334030
2334060
2334210
2334240
2334660
2334720
2334780
2334960
2335920
2335980
2336070
2336250
2336280
2336310
2336460
2336520
2336670
2336700
2337060
2337120
2337270
2337300
2337390
2337570
2337660
2337870
2337990
2338110
2338740
2338800
2338830
2338860
2338890
2338920
2338950
2338980
2339010
2339040
2339070
2339100
2339160
2339190
2339220
2339250
2339280
2339670
2339700
2339730
2339760
2339790
2339820
2340990
2341050
2341260
2341350
2341380
2341410
2341470
2341500
2341530
2341560
2341620
2341650
2341680
2341710
2341740
2341770
2341860
2342040
2342100
2342130
2342190
2342220
2342250
2342280
2342310
2342340
2342370
2342400
2342430
2342460
2342490
2342550
2343090
2343120
2343150
2343270
2343300
2343330
2343390
2343420
2343450
2343480
2343690
2343750
2343780
2343810
2343840
2343870
2343900
2343930
2343990
2344080
2344110
2344140
2344170
2344200
2344230
2344260
2344290
2344350
2344890
2344920
2344950
2344980
2345010
2345460
2345490
2345730
2345760
2345790
2345820
2345970
2346000
2346030
2346150
2346180
2346240
2346270
2346330
2346360
2346420
2346450
2346510
2346600
2346690
2346720
2346750
2346780
2346810
2346870
2346900
2346930
2346990
2347020
2347050
2347080
2347110
2347140
2347170
2347230
2347260
2347290
2347320
2347350
2347380
2347410
2347440
2347470
2347500
2347661
2347721
2347751
2347811
2347841
2348010
2348490
2348520
2348621
2348651
2348681
2348711
2348741
2348771
2348801
2348910
2348940
2348970
2349000
2349030
2349060
2349450
2349480
2349731
2349851
2350050
2350061
2350080
2350110
2350140
2350170
2350181
2350361
2350410
2350451
2350530
2350560
2350620
2350650
2350680
2350710
2352420
2352450
2352480
2352510
2352570
2352600
2352630
2352660
2352750
2352840
2352870
2352900
2352930
2352960
2352990
2353050
2353080
2353110
2353140
2353170
2353200
2353230
2353350
2353410
2353440
2353470
2353841
2354231
2354250
2354261
2354280
2354291
2354351
2354381
2354411
2354441
2354471
2354501
2354531
2354561
2354591
2354621
2354651
2354711
2354741
2354771
2354801
2354831
2364581
2364611
2364731
2364761
2364791
2364821
2365511
2365571
2365811
2365841
2365901
2365931
2366111
2366141
2366261
2366411
2366441
2366471
2366531
2366801
2367071
2367101
2367401
2367431
2367461
2367521
2367551
2367581
2367611
2370491
2370521
2370551
2370581
2370671
2370911
2370971
2371211
2371241
2371301
2371331
2371361
2371421
2371931
2371961
2372021
2372051
2372081
2372111
2372141
2372171
2372201
2372231
2372261
2372591
2372651
3301782
3301812
3303912
3303942
3303972
3304002
3304032
3304062
3304092
3304602
3304632
3304662
3304692
3306042
3306102
3306132
3306162
3306222
3306282
3307512
3307542
3307632
3307662
3307692
3308232
3308292
3308322
3308352
3308382
3308412
3308442
3308472
3308502
3308532
3308622
3308652
3308682
3308712
3308742
3308772
3310032
3310092
3310152
3310212
3310512
3310542
3310572
3310602
3310662
3310692
3310722
3310752
3310782
3310812
3310842
3310872
3310902
3310932
3310962
3311022
3311052
3311082
3311112
3311142
3311172
3311202
3311232
3311262
3311292
3311322
3311382
3311412
3311442
3311742
3311772
3311802
3311832
3311862
3311892
3312102
3312222
3312252
3312282
3312312
3312342
3312372
3312702
3312732
3312762
3312792
3312852
3312882
3312912
3312942
3312972
3313002
3313032
3313062
3313092
3313122
3313152
3313212
3313242
3313272
3313812
3313842
3313872
3313902
3313932
3313992
3314022
3314052
3314082
3316362
3316722
3316752
3316782
3316812
3317082
3317112
3317142
3317322
3317352
3318042
3318072
3318102
3318132
3318162
3318192
3318342
3319152
3319182
3319212
3319242
3319302
3353473
3353503
3353533
3353563
3353593
3353623
3353653
3353683
3353743
3353773
3354133
3354163
3354193
3354223
3357313
3357373
3357403
3357463
3357493
3357523
3357553
3357583
3357613
3357643
3357673
3357703
3357733
3357763
3357823
3357853
3358423
3358483
3358513
3358543
3358573
3358603
3360403
3360433
3360463
3360493
3360673
3360703
3360733
3360763
3360793
3360823
3360853
3360913
3360943
3360973
3361003
3361033
3361093
3361123
3361723
3361933
3361993
3362023
3362173
3362263
3362383
3362473
3362533
3362563
3362713
3362803
3362833
3362893
3362923
3362953
3362983
3363013
3363043
3363073
3363103
3363373
3363643
3363673
3363703
3363733
3363763
3363793
3363823
3363853
3363883
3363913
3363943
3364003
3364633
3364663
3364723
3364753
3364783
3364813
3364843
3364873
3364903
3364933
3364963
3364993
3365743
3366073
3366103
3366133
3366163
3366193
3366223
3366253
3366283
3366313
3366343
3366373
3366433
3366463
3366493
3366523
3366553
3366583
3366613
3366643
3366673
3366703
3366943
3367033
3367093
3367123
3367153
3367183
3367213
3367243
3367273
3367303
3367333
3367363
3367423
3367453
3367483
3368533
3368563
3368593
3368653
3368683
3368713
3368743
3368773
3368803
3368923
3368953
3368983
3369013
3369043
3369073
3369103
3369133
3369163
3369733
3369763
3369793
3369823
3369853
3370003
3370423
3372643
3376213
3376783
3376813
3377053
3377083
3377113
3377143
3377293
3378043
3378073
3378223
3378373
3378403
3378463
3378553
3378613
3378643
3378673
3378733
3378763
3378793
3378823
3378853
3378883
3378913
3378943
3378973
3379003
3379033
3379093
3379183
3379213
3379243
3379273
3403000
3403060
3403090
3403120
3403240
3403360
3403390
3403420
3403450
3403510
3403540
3403600
3403630
3403660
3403690
3403810
3404080
3404350
3404380
3404560
3404590
3404620
3404650
3404710
3404740
3404800
3404830
3404860
3404890
3404950
3405490
3405520
3405550
3405580
3405610
3405670
3405700
3405730
3405760
3405790
3405820
3405850
3405880
3405970
3406030
3406060
3406090
3406120
3406150
3406180
3406210
3406240
3406270
3406300
3406330
3406540
3406570
3406690
3406750
3406780
3406810
3407080
3407110
3407140
3407410
3407440
3407470
3407500
3410031
3410170
3410181
3410200
3410230
3410260
3410320
3410350
3410410
3410451
3410470
3410481
3410500
3410530
3410541
3410560
3410571
3410590
3410620
3410740
3410800
3410830
3410920
3410950
3411010
3411040
3411100
3411130
3411160
3411190
3411220
3411250
3411280
3411310
3411340
3411370
3411400
3411460
3411490
3411520
3412221
3412251
3412281
3412311
3412341
3412371
3412401
3412461
3412521
3412611
3412731
3412761
3412791
3413511
3413541
3413571
3413601
3413631
3413661
3416601
3417051
3417081
3417111
3417141
3417171
3417231
3417261
3417291
3417321
3417351
3417381
3418431
3418491
3418551
3418581
3418611
3418641
3418671
3418731
3418761
3418791
3419620
3419650
3419680
3419871
3420051
3420081
3420111
3420141
3420171
3420201
3420231
3420591
3420651
3420670
3420681
3420700
3420711
3420741
3420771
3420801
3420831
3420861
3420910
3420940
3420951
3420981
3421011
3421071
3421101
3421131
3421150
3421161
3421191
3421221
3421251
3421281
3421311
3421341
3421371
3421431
3421461
3421491
3421521
3421551
3421611
3421731
3421821
3421851
3421881
3421911
3421971
3422001
3422031
3422061
3422091
3422121
3423910
3423970
3424000
3424030
3424180
3424450
3424480
3424570
3424660
3424690
3424780
3424840
3424900
3425200
3425380
3425560
3425590
3425620
3425680
3425710
3425740
3425770
3425800
3425830
3425860
3425890
3425920
3425950
3425980
3426040
3426070
3426100
3426130
3426160
3426190
3426220
3426250
3426280
3426310
3426340
3426430
3426520
3426970
3427000
3427030
3427060
3427090
3427120
3427150
3427330
3427360
3427390
3427660
3428020
3428080
3428110
3428140
3428200
3428230
3428290
3428320
3428350
3428380
3428410
3428470
3428500
3428530
3428560
3428590
3428620
3428710
3428740
3428770
3428800
3428830
3428890
3428920
3428950
3428980
3429010
3429040
3429070
3429100
3429130
3429160
3429190
3429250
3429801
3431601
3431631
3431661
3431691
3431751
3431811
3431841
3431871
3431901
3431931
3431961
3431991
3432171
3432201
3432231
3432261
3432291
3433011
3433041
3433221
3433311
3433341
3433911
3434001
3434181
3434211
3434241
3434331
3434361
3434391
3434421
3434481
3434511
3434541
3434571
3434601
4035823
4035853
4035943
4036003
4036033
4036243
4036333
4037713
4037863
4038073
4038313
4038433
4038583
4038673
4038703
4038733
4040533
4040563
4040593
4040623
4040653
4040683
4040713
4040743
4040773
4041283
4041313
4041343
4041373
4041403
4043203
4043233
4045663
4045693
4045723
4045753
4045783
4045813
4046593
4046623
4046653
4046683
4046713
4046743
4046773
4046803
4046833
4046863
4046893
4046953
4047373
4047403
4047433
4047463
4047493
4047523
4048063
4048093
4048123
4048153
4048633
4048723
4048753
4048783
4048813
4048843
4049593
4049893
4050043
4050703
4050733
4050763
4050793
4050853
4050883
4051243
4051273
4051303
4051333
4051363
4051393
4051423
4051453
4051483
4051513
4051573
4051603
4051633
4052833
4052863
4052893
4052923
4052953
4053133
4053163
4053193
4053223
4053253
4053583
4054123
4054153
4054183
4054213
4054243
4054273
4054303
4054333
4054363
4054393
4054423
4054483
4054513
4054543
4054573
4055623
4055653
4055713
4055743
4055833
4055863
4055893
4055923
4055953
4055983
4056013
4056073
4056823
4056853
4056883
4056913
4056943
4056973
4057003
4057033
4057063
4057093
4057153
4057183
4057213
4057243
4057273
4057303
4057333
4057363
4057393
4057483
4057513
4057573
4057603
4059223
4059313
4059403
4059433
4059463
4059493
4059523
4059553
4059583
4059613
4059643
4059673
4059703
4059763
4059793
4059823
4059853
4059883
4059913
4059943
4060123
4060153
4060183
4060213
4060243
4283001
4283061
4283121
4283151
4283481
4284831
4284861
4285101
4285131
4285161
4285191
4285221
4285281
4285311
4286211
4286331
4286361
4286391
4286451
4286481
4286601
4286631
4286841
4287021
4287261
4287291
4287321
4287441
4287771
4288101
4288131
4288851
4289541
4289901
4289961
4289991
4290021
4290051
4290081
4290501
4290591
4290621
4290651
4290681
4290741
4290801
4291041
4311741
4311801
4311861
4312851
4336942
4336972
4337002
4337122
4337152
4337212
4340242
4340272
4340332
4340392
4340662
4340692
4340722
4340812
4341712
4341742
4341772
4341802
4342072
4342102
4342192
4342222
4342282
4342312
4342342
4342402
4343422
4343452
4343482
4343512
4348042
4348372
4348432
4348462
4348492
4348522
4348732
4350292
4350322
4350352
4350382
4351162
4351402
4351612
4351642
4352512
4352542
4352572
4352602
4352632
4352662
4352692
4352722
4352782
4352812
4352842
4352872
4352902
4352932
4352962
4352992
4353022
4353052
4353082
4353142
4353172
4353202
4353232
4353262
4353292
4353322
4353352
4353382
4353412
4353442
4353502
4353532
4353562
4353592
4353622
4353652
4353682
4353712
4353742
4353772
4353802
4353862
4353892
4353922
4354222
4354252
4354282
4354312
4354342
4354372
4354402
4354432
4354462
4354492
4354522
4354582
4354612
4354702
4354732
4354852
4354882
4354912
4354942
4354972
4355002
4355032
4355092
4355122
4355152
4355182
4355212
4355242
4355272
4355302
4355332
4355362
4355392
4355452
4355542
4355572
4355602
4355632
4355662
4356502
4356892
4356952
4357012
4357042
4357072
4357102
4357612
4358152
4358182
4358212
4358242
4358272
4358302
4358332
4358392
4358422
4358452
4358572
4358602
4359382
4359412
4359472
4359502
4359532
4359562
4359592
4359622
4359652
4479880
4479910
4479940
4480000
4480480
4480510
4480540
4480750
4480780
4480870
4480900
4481200
4481230
4481260
4481290
4481320
4481350
4481380
4481410
4481440
4481470
4481530
4481560
4481590
4481620
4481650
4481680
4481710
4481740
4481770
4481800
4481830
4481890
4482100
4482790
4482820
4482850
4482880
4482910
4482940
4483000
4483030
4483060
4483090
4483120
4483180
4483240
4483270
4483300
4483360
4483390
4483420
4483450
4483870
4483900
4484350
4484380
4484410
4484440
4484470
4484710
4484740
4484770
4484890
4484950
4484980
4485010
4485040
4485070
4485100
4485130
4485190
4485310
4486390
4486630
4486660
4486690
4486720
4486750
4486840
4486870
4486900
4486960
4486990
4487020
4487050
4487080
4487110
4487140
4487200
4487230
4487260
4487290
4487320
4487350
4487380
4487410
4487440
4487470
4487500
4487560
4487590
4487620
4487650
4487680
4487710
4487740
4487770
4487800
4487830
4487860
4488010
4488760
4488790
4488820
4488850
4488880
4488910
4488940
4489000
4489030
4489060
4489090
4489120
4489150
4489180
4490560
4490590
4490620
4490650
4490680
4490710
4491940
4491970
4492030
4492060
4492120
4493140
4493200
4493230
4493260
4493290
4493350
4493410
4493470
4493680
4493710
4493770
4493800
4494850
4494910
4495030
4495060
4495120
4495150
4495210
4495240
4495270
4495300
4495330
4495360
4495390
4495420
4495750
4495780
4495810
4495840
4495870
4495930
4495960
4495990
4496020
4496050
4496110
4496140
4496170
4496200
4496230
4496260
4496320
4497250
4497280
4497310
4497550
4497610
4497790
4497820
4497850
4497880
4497910
4497940
4497970
4498870
4498930
4498960
4498990
4499020
4499050
4499080
4499110
4499140
4499170
4499200
4499230
4499290
4499320
4499350
4500220
4500250
4500790
4500820
4500850
4500880
4500940
4501030
4501060
4501120
4501150
4501180
4501210
4501240
4501270
4501300
4501330
4501360
4501390
4501420
4501480
4501510
4501540
4501570
4501600
4501630
4501660
4501690
4501720
4501750
4501780
4501840
4501870
4501900
4501930
4501960
4501990
4502020
4502050
4502080
4502110
4502140
4502200
4502230
4502260
4502290
4502320
4502440
4502470
4502500
4502560
4502590
4502620
4502650
4502680
4502710
4502740
4502770
4502800
4502830
4502860
4502920
4502950
4502980
4503010
4503040
4503070
4503100
4503130
4503160
4503190
4503220
4503280
4503310
4503340
4503370
4503400
4503430
4503460
4503490
4503520
4503550
4503580
4503640
4503670
4503700
4503730
4503760
4503790
4503820
4503850
4503880
4503910
4503940
4504000
4504030
4504060
4504090
4504120
4504150
4504180
4504210
4504240
4504270
4504300
4504360
4504390
4504420
4504450
4504480
4504510
4504540
4504570
4504600
4504630
4504660
4504720
4504750
4504780
4504810
4504840
4504870
4504900
4504930
4504960
4504990
4505020
4505080
4505110
4505140
4505170
4505200
4505230
4506100
4506130
4506190
4506220
4506310
4506340
4506370
4506400
4506430
4506490
4506520
