0055680
0055710
0055740
0055770
0055800
0055830
0055860
0057390
0057420
0057450
0057480
0058830
0058860
0058890
0058920
0058950
0058980
0059010
0059070
0059160
0061140
0061170
0061200
0061260
0061320
0061470
0061530
0061590
0061710
0061770
0061830
0062010
0062130
0062280
0062340
0062370
0062430
0063120
0063150
0063180
0063210
0063240
0063270
0063300
0063360
0063390
0063420
0063450
0063480
0063510
0063540
0063570
0063600
0063630
0063660
0063720
0063750
0063780
0063810
0063840
0065190
0067050
0067080
0067110
0067140
0067170
0067200
0067230
0067260
0067350
0068340
0068610
0068640
0069000
0069030
0069060
0069090
0069120
0069150
0069180
0069210
0069240
0069300
0069330
0069360
0069390
0069420
0069450
0069480
0069600
0069960
0070110
0070740
0070800
0070830
0070920
0071970
0072030
0072360
0072600
0073860
0074100
0074130
0074610
0077130
0077160
0077190
0077250
0077280
0077310
0077340
0077370
0077400
0077460
0077490
0077550
0077580
0077610
0077640
0077670
0077700
0077730
0077760
0077790
0077850
0077880
0077910
0077940
0077970
0078060
0078210
0078240
0078270
0078300
0078330
0078390
0078420
0078450
0078480
0078510
0078540
0078570
0078600
0078630
0078660
0078690
0079860
0079890
0079920
0079950
0079980
0080010
0128873
0129443
0129503
0130343
0130403
0133283
0134183
0134543
0135203
0137393
0141383
0142553
0142763
0143453
0143513
0143543
0143573
0143603
0143633
0143663
0143693
0143723
0143753
0143993
0144113
0144623
0144653
0144683
0144713
0144953
0144983
0145013
0145523
0145553
0145583
0145613
0145643
0145673
0145703
0145763
0145793
0145823
0145913
0145943
0145973
0146003
0146033
0146063
0146093
0146123
0146153
0146183
0146303
0146333
0146363
0147083
0147143
0147203
0152543
0153113
0153533
0153563
0153593
0153623
0153653
0153683
0153713
0153743
0153803
0154253
0154403
0154613
0154673
0154703
0154733
0154763
0154793
0154823
0154853
0154883
0154913
0154973
0155003
0155033
0155093
0155243
0155273
0155303
0155363
0155393
0155423
0155453
0155483
0155513
0176002
0176032
0176062
0176092
0176152
0176182
0176212
0176242
0176272
0176302
0176332
0176362
0176392
0176482
0176542
0176572
0176602
0176782
0176812
0176842
0176872
0176902
0176932
0176962
0176992
0177052
0177082
0177382
0177412
0177442
0177472
0177502
0177532
0177562
0177652
0177682
0177712
0177742
0177772
0177802
0177832
0177862
0177892
0177922
0177952
0178012
0178042
0178072
0178102
0178132
0178192
0178222
0178252
0178282
0178312
0178942
0180322
0180352
0180382
0180412
0180562
0180622
0180652
0180682
0181402
0181492
0181582
0182212
0182242
0182272
0182662
0182692
0182722
0182842
0183952
0184522
0184882
0184912
0184942
0184972
0185212
0185242
0185362
0185722
0185752
0185782
0185902
0185932
0186022
0186742
0186892
0187132
0187162
0187192
0187222
0187252
0187282
0187312
0187342
0187462
0187492
0187522
0187582
0187882
0187912
0189142
0189172
0189202
0189232
0189322
0189352
0189382
0189412
0189442
0189472
0189502
0189532
0189562
0189592
0189652
0189742
0189952
0190072
0190102
0190162
0190192
0190222
0190252
0190312
0190402
0190462
0190492
0190552
0190672
0190702
0190732
0190852
0190942
0192172
0192682
0193762
0193792
0193822
0193852
0194152
0194182
0194302
0194332
0194362
0194632
0194782
0194872
0194932
0194992
0195502
0195532
0195652
0195682
0195742
0196072
0196102
0196132
0196162
0196192
0196372
0196432
0196462
0196582
0196942
0197122
0199161
0199282
0200362
0200422
0200572
0200601
0200632
0200752
0200782
0201411
0201441
0201471
0201472
0201502
0201532
0201562
0201622
0201741
0201771
0201801
0202042
0202072
0202102
0202192
0202222
0202462
0202492
0202522
0202582
0202612
0202642
0202672
0202702
0202732
0202762
0202792
0202852
0202882
0202912
0202942
0202971
0202972
0203001
0203002
0203032
0203121
0203181
0203301
0203331
0203361
0203391
0203421
0203451
0203481
0203541
0203571
0203601
0203631
0203661
0203691
0203721
0203751
0203781
0203811
0203901
0203931
0203961
0203991
0204021
0204051
0204081
0204111
0204141
0204171
0204201
0204261
0204291
0204321
0204351
0204381
0204441
0204471
0204501
0204531
0204561
0204591
0204651
0204681
0204711
0204741
0204801
0204831
0204861
0204891
0204921
0204951
0205011
0205041
0205071
0205401
0205431
0205521
0205551
0205581
0205611
0205641
0205671
0205701
0205731
0205791
0205821
0205851
0205881
0206661
0206691
0206721
0206781
0207021
0207051
0207081
0207111
0207141
0207171
0207261
0207291
0207351
0207381
0207411
0207441
0207471
0207501
0207531
0207561
0207621
0207651
0207681
0207711
0207741
0207771
0207801
0207831
0207861
0207891
0207921
0207981
0208011
0208041
0208071
0208101
0208131
0208161
0208191
0208221
0208251
0208281
0208341
0208371
0208401
0208431
0208461
0208491
0208521
0208701
0208731
0208761
0208791
0208821
0208851
0208881
0208911
0208941
0209121
0209151
0209181
0209211
0209241
0209271
0209421
0209451
0209481
0209511
0209541
0209571
0209601
0209631
0209661
0209691
0209721
0210381
0210501
0210531
0210561
0210591
0210621
0210651
0210681
0210801
0210861
0210891
0210921
0210951
0210981
0211011
0211101
0211131
0212391
0212421
0212451
0212481
0212511
0213021
0213051
0213201
0213291
0213321
0213381
0213411
0213441
0213471
0213531
0213561
0213591
0213621
0213651
0213681
0213711
0213741
0213771
0213801
0213831
0213951
0213981
0214011
0214041
0214071
0214101
0214131
0214161
0214191
0214221
0214251
0214341
0214371
0214401
0214551
0214611
0214701
0214761
0214791
0214821
0214851
0214881
0214911
0214971
0215031
0215061
0215091
0215121
0215151
0215181
0215211
0215241
0215271
0215301
0215331
0215391
0215481
0215511
0215931
0215991
0216021
0216051
0216141
0216171
0216201
0216231
0216381
0216621
0216651
0216681
0216711
0216741
0216771
0216831
0216861
0217011
0217041
0217071
0217101
0217131
0217161
0217191
0217221
0217371
0217431
0218451
0218781
0221751
0221781
0221871
0221961
0222021
0222051
0222141
0222171
0222201
0222861
0222891
0222921
0222951
0222981
0223101
0223131
0223221
0223941
0224001
0224061
0224091
0224121
0224271
0224421
0225471
0225531
0225561
0226071
0226101
0226131
0226221
0226281
0226341
0226371
0226401
0226431
0227661
0228021
0228051
0228111
0228141
0228201
0228231
0228291
0228321
0228351
0228411
1124041
1124581
1124611
1124641
1124671
1124701
1124731
1124761
1124851
1124911
1124941
1125841
1125901
1125961
1126021
1126051
1126171
1126201
1126231
1126261
1126291
1126321
1126381
1126591
1126681
1126771
1126801
1126831
1126861
1126921
1126951
1127041
1127311
1127341
1127401
1128031
1128061
1128091
1128901
1128931
1128991
1129051
1129081
1130011
1130071
1130101
1130191
1130221
1130251
1130281
1130311
1130341
1130371
1130431
1130461
1130491
1130521
1130581
1130641
1130671
1130701
1130731
1130791
1130821
1130851
1130881
1130911
1130971
1131001
1131031
1131061
1131091
1131181
1131211
1131241
1131391
1131451
1131481
1131541
1131601
1131631
1131661
1131691
1131751
1131781
1131811
1131841
1132021
1132051
1132081
1132111
1132171
1132201
1132231
1132261
1132291
1132321
1132381
1132411
1132441
1132471
1132501
1132531
1132651
1132681
1132711
1132861
1132891
1133551
1133581
1133611
1133671
1135921
1136101
1136251
1136731
1136761
1136791
1136821
1136851
1136911
1136941
1136971
1137031
1137061
1137091
1137121
1137151
1137181
1137211
1137241
1137271
1137301
1137331
1137391
1137421
1137451
1137481
1137511
1137541
1137571
1137601
1137631
1137661
1137691
1137751
1137781
1137811
1137841
1137871
1137901
1137931
1137961
1137991
1138021
1138051
1138111
1138171
1138201
1138231
1138261
1138291
1138321
1138351
1138411
1138441
1138831
1138861
1138951
1138981
1139071
1139101
1139131
1139851
1139941
1140271
1140751
1142701
1142731
1142761
1142791
1142821
1142881
1142911
1142941
1142971
1143001
1143031
1143061
1143091
1143121
1144201
1144231
1144261
1144291
1144321
1144351
1144591
1144621
1144651
1144831
1145671
1145731
1145761
1145821
1145971
1147411
1149361
1151881
1151911
1206953
1206983
1207013
1207073
1207103
1207133
1207193
1207253
1207283
1207313
1207343
1207373
1207403
1207433
1207463
1207493
1207703
1207853
1208093
1208123
1208153
1208183
1208213
1208243
1208273
1208303
1208363
1208393
1208423
1208453
1208483
1208513
1208543
1208573
1208603
1208633
1208663
1208723
1208753
1208783
1208813
1208843
1208873
1208903
1208933
1208963
1209173
1209203
1209233
1209263
1209293
1209323
1209353
1209383
1209413
1209443
1209503
1209563
1209593
1209623
1209653
1209713
1209743
1209773
1209803
1209863
1209893
1209923
1209953
1209983
1210013
1210043
1210073
1210103
1210133
1210163
1210223
1210253
1210283
1210313
1210373
1210433
1210673
1210703
1210733
1210763
1210793
1210823
1210973
1211003
1211033
1211063
1211213
1211243
1211303
1211423
1211453
1211483
1211513
1211543
1211573
1211603
1211663
1211693
1211813
1211843
1211963
1212023
1212053
1212173
1212203
1212233
1212263
1212293
1212323
1212353
1212413
1212443
1212473
1212503
1212713
1212743
1212833
1212863
1212893
1212953
1212983
1213013
1213043
1213073
1213103
1213133
1213313
1213343
1213373
1213403
1213433
1213463
1213493
1213523
1213553
1213583
1213613
1213673
1213703
1213793
1214003
1214483
1214543
1214603
1214633
1214783
1214813
1214843
1214963
1215113
1215143
1215173
1215203
1215293
1215323
1215473
1215563
1215623
1215653
1215683
1215713
1215743
1215773
1215803
1215833
1215863
1215893
1215923
1215983
1216013
1216043
1216073
1216103
1216133
1216163
1216193
1216223
1216253
1216283
1216343
1216373
1216403
1216433
1216463
1216493
1216523
1216553
1216583
1216613
1216643
1216703
1216733
1216763
1216793
1216823
1216853
1216883
1216913
1216943
1216973
1217003
1217063
1217093
1217123
1217153
1217183
1217213
1217243
1217273
1217303
1217333
1217453
1217483
1217513
1217543
1217573
1217603
1217633
1217663
1217693
1217723
1218143
1218173
1218203
1218233
1218263
1218293
1218323
1218353
1218383
1218413
1218443
1218533
1218563
1218593
1218623
1218653
1218713
1218743
1218773
1218803
1218863
1218893
1218923
1218953
1218983
1219013
1219043
1219073
1219253
1219283
1219313
1219883
1223543
1223663
1223693
1223723
1223753
1223783
1223813
1223843
1223873
1223903
1224053
1224083
1224113
1224143
1224173
1224203
1224233
1224323
1224353
1224383
1224413
1224443
1224473
1224503
1224533
1224563
1224593
1224623
1224833
1224953
1225013
1225343
1225403
1225433
1226393
1227323
1227383
1227443
1227473
1227533
1227563
1227593
1227623
1227833
1227863
1228073
1228313
1228763
1228793
1228823
1229003
1229063
1229093
1229123
1229153
1229183
1229213
1229243
1229273
1229303
1229333
1229363
1229423
1229513
1229543
1230023
1230053
1230083
1230143
1230173
1230203
1230233
1230263
1230293
1230323
1230353
1230383
1230443
1230503
1230533
1230563
1230593
1230623
1230743
1230773
1230803
1230863
1230893
1230923
1230953
1230983
1231013
1231043
1231073
1231103
1231133
1231163
1231253
1231283
1231422
1231452
1231482
1231512
1231812
1231842
1231872
1231902
1231932
1231962
1231992
1232112
1232142
1232172
1232202
1232213
1232232
1232273
1232292
1232352
1232382
1232412
1232682
1232873
1232963
1232982
1233012
1233072
1233102
1233132
1233162
1233222
1233252
1233282
1233312
1233342
1233372
1233402
1233492
1233522
1233762
1233792
1233822
1233852
1233882
1234032
1234062
1234092
1234122
1234152
1234182
1234212
1234242
1234332
1234362
1234392
1234422
1234452
1234482
1234512
1234542
1234572
1234692
1234752
1235142
1235172
1235232
1235262
1235292
1235412
1235562
1236462
1236492
1236642
1236672
1236702
1236852
1236882
1236912
1236942
1237002
1237032
1237092
1237122
1237272
1237362
1237392
1237422
1237542
1237572
1237602
1237662
1237692
1237932
1237992
1238022
1238202
1238232
1238442
1238532
1238652
1238742
1238862
1238952
1238982
1239042
1239072
1239102
1239132
1239162
1239192
1239222
1239252
1239582
1239612
1239642
1239672
1239702
1240002
1240032
1240062
1240092
1240362
1240392
1240422
1240452
1240512
1240542
1240692
1241562
1241922
1241952
1241982
1242012
1244352
1244442
1244472
1245402
1245432
1245462
1246932
1246962
1247292
1247352
1247412
1247442
1248312
1248342
1248552
1248762
1248822
1248942
1249212
1249392
1249452
1249512
1249602
1249632
1249812
1249842
1249872
1249902
1249932
1249962
1250052
1250172
1250202
1250262
1250292
1250322
1250352
1250382
1250652
1250682
1250712
1250742
1250772
1250802
1250862
1250892
1250922
1250952
1250982
1251012
1251042
1251102
1251132
1251162
1251222
1251252
1251282
1251312
1251342
1251372
1251402
1251432
1251522
1251582
1251672
1251702
1251732
1251762
1251792
1251822
1251852
1251882
1251912
1251942
1251972
1252032
1252062
1252092
1252122
1252152
1252182
1252212
1252242
1252272
1252302
1252332
1252392
1252572
1252602
1252692
1252752
1252842
1253172
1253292
1253322
1253352
1253382
1253412
1253442
1253472
1253532
1253622
1253712
1254192
1254252
1254852
1254882
1254912
1256052
1256082
1256682
1257312
1257342
1257372
1257522
1257552
1257582
1257612
1257642
1257672
1257702
1257732
1257762
1257822
1257912
1257942
1257972
1258002
1258032
1258092
1258152
1270140
1270170
1270260
1270290
1270320
1270350
1270380
1270410
1270440
1270470
1270530
1270560
1270590
1270620
1270650
1270680
1270710
1270890
1270950
1270980
1271010
1271040
1271070
1271100
1271130
1271160
1271190
1271250
1271310
1271340
1271370
1271400
1271490
1271520
1271550
1271580
1272630
1272690
1272720
1272780
1273260
1273320
1273740
1273860
1273890
1276080
1276110
1276140
1276170
1276200
1276230
1276290
1276320
1276350
1276380
1276410
1276440
1276470
1276500
1276560
1277460
1277490
1277520
1277550
1277580
1277610
1277790
1277850
1277880
1278000
1278030
1278060
1278090
1278120
1278210
1278240
1278270
1278300
1278330
1278360
1278390
1278420
1278450
1278480
1278510
1278570
1278600
1278630
1278960
1278990
1279020
1279050
1279080
1279110
1279140
1279170
1279200
1279230
1279290
1279620
1279650
1279680
1279710
1279770
1279800
1279830
1280250
1280280
1280310
1280400
1280430
1280460
1280490
1280520
1280550
1280580
1280610
1281600
1281630
1281660
1281690
1281720
1281750
1281780
1281810
1281900
1281930
1281960
1282170
1282230
1282260
1282290
1282320
1282350
1282380
1282470
1282500
1282530
1282590
1282620
1282650
1282710
1284120
1284150
1284180
1284210
1284240
1284270
1284330
1284390
1285050
1285110
1285140
1285170
1285200
1285260
1285290
1285320
1285350
1285380
1285410
1285470
1285500
1285530
1285560
1285590
1285620
1285650
1285680
1285710
1285740
1285770
1285830
1285860
1285890
1285920
1285950
1285980
1286010
1286040
1286070
1286340
1286370
1286430
1286460
1286490
1286520
1286550
1286580
1286610
1286640
1286670
1286700
1286730
1286790
1286820
1286850
1286880
1286910
1286940
1286970
1287000
1287030
1287060
1287090
1287150
1287180
1287390
1287420
1287450
1287510
1287540
1287870
1287900
1287930
1287960
1287990
1288020
1288050
1288080
1288110
1288140
1288260
1289670
1290000
1290030
1292070
1292130
1292280
1292310
1292730
1292760
1292790
1292820
1292850
1292910
1292940
1292970
1293000
1293030
1293060
1293090
1293120
1293150
1293180
1293210
1293270
1293300
1293330
1293360
1293390
1293420
1293450
1293480
1295250
1295280
1295310
1295340
1295370
1295400
1295430
1295460
1295490
1296060
1296210
1296270
1296300
1296420
1296900
1296930
1296960
1296990
1297020
1297050
1297080
1297110
2267382
2267562
2267592
2267652
2267682
2267742
2267802
2267832
2267862
2267892
2267952
2267982
2268072
2268102
2268132
2268162
2268192
2268222
2268342
2268492
2268552
2268582
2268612
2268642
2269782
2269812
2269842
2269872
2269902
2269932
2270742
2270772
2270802
2271102
2271132
2271162
2271222
2271252
2271282
2271312
2271342
2271372
2271402
2271432
2271462
2271492
2271522
2271822
2271942
2272002
2272032
2272062
2272092
2272122
2272152
2272182
2272212
2272242
2272272
2272302
2272362
2272392
2272422
2272632
2274162
2274192
2274222
2274252
2274282
2275212
2275242
2275272
2275302
2275332
2275542
2275572
2275602
2275632
2275662
2275692
2275722
2275782
2275812
2275992
2276022
2276382
2276412
2276442
2276502
2276532
2276592
2276622
2277042
2277083
2277113
2277132
2277143
2277162
2277173
2277192
2277203
2277233
2277252
2277263
2277282
2277293
2277323
2277353
2277383
2277443
2277473
2277503
2277533
2277552
2277582
2277593
2277623
2277642
2277653
2277672
2277683
2277803
2277833
2277852
2277893
2277983
2278013
2278043
2278073
2278163
2278193
2278223
2278272
2278283
2278313
2278392
2278463
2278493
2278523
2278553
2278583
2278613
2278643
2278673
2278703
2278722
2278733
2278763
2278853
2278883
2278913
2278943
2278973
2279033
2279063
2279093
2279123
2279183
2279243
2279333
2279393
2279723
2279753
2279783
2279933
2279952
2279963
2279993
2280023
2280053
2280072
2280083
2280113
2280143
2280173
2280203
2280233
2280293
2280323
2280353
2280383
2280413
2280443
2280462
2280473
2280492
2280503
2280522
2280533
2280563
2280582
2280593
2280653
2280672
2280743
2280773
2280803
2280863
2280893
2280923
2280953
2281152
2281182
2281193
2281212
2281223
2281253
2281283
2281313
2281373
2281403
2281463
2281572
2281583
2281602
2281613
2281643
2281662
2281673
2281692
2281733
2281763
2281793
2281812
2281823
2281842
2281853
2281872
2281883
2281902
2281913
2281932
2281943
2281962
2281973
2282022
2282052
2282082
2282093
2282112
2282123
2282142
2282153
2282172
2282183
2282202
2282213
2282232
2282243
2282262
2282303
2282382
2282393
2282412
2282442
2282453
2282472
2282483
2282502
2282513
2282532
2282543
2282573
2282603
2282622
2282633
2282663
2282693
2282723
2282753
2282813
2282843
2282873
2282892
2282903
2282933
2282963
2282993
2283023
2283053
2283102
2283173
2283203
2283233
2283252
2283282
2283323
2283353
2283383
2283402
2283413
2283443
2283462
2283473
2283522
2283533
2283563
2283593
2283623
2283653
2283683
2283713
2283743
2283773
2283803
2283833
2283893
2283923
2283983
2284013
2284043
2284073
2284103
2284133
2284163
2284193
2284253
2284283
2284313
2284343
2284373
2284403
2284463
2284493
2284523
2284553
2284583
2284703
2284733
2284763
2284793
2284823
2284853
2284883
2284913
2284943
2284973
2285003
2285093
2285123
2285183
2285262
2285292
2285303
2285322
2285333
2285352
2285363
2285453
2285483
2285513
2285543
2285633
2285663
2285693
2285723
2285802
2285813
2286053
2286113
2286203
2286593
2286623
2286653
2286762
2286852
2287032
2287062
2287092
2287122
2287212
2287362
2287392
2287422
2287512
2287542
2287572
2287902
2287992
2288202
2288232
2288412
2288442
2288532
2288622
2288652
2289282
2289342
2289372
2289402
2289432
2289462
2289492
2289522
2289792
2289852
2289942
2289972
2290002
2290032
2290043
2290092
2290122
2290133
2290152
2290163
2290182
2290193
2290212
2290242
2290272
2290302
2290332
2290362
2290373
2290392
2290403
2290433
2290452
2290463
2290482
2290512
2290542
2290572
2290602
2290632
2290662
2290692
2290703
2290722
2290733
2290752
2290793
2290812
2290823
2290842
2290872
2290902
2290913
2290932
2290943
2290962
2290992
2291003
2291022
2291033
2291063
2291093
2291112
2291123
2291273
2291303
2291333
2291453
2291483
2291513
2291543
2291573
2291603
2291633
2291663
2291693
2291712
2291742
2291753
2291772
2291802
2291832
2291892
2291922
2291933
2291952
2291963
2291982
2291993
2292012
2292023
2292042
2292053
2292072
2292083
2292102
2292132
2292143
2292162
2292173
2292192
2292203
2292233
2292263
2292293
2292323
2292353
2292383
2292413
2292443
2292503
2292533
2292563
2292593
2292612
2292623
2292642
2292672
2292702
2292713
2292732
2292762
2292792
2292822
2292852
2293092
2293272
2293302
2294063
2294082
2294093
2294393
2294423
2294483
2296223
2296253
2296283
2296313
2296343
2296373
2296433
2296463
2296523
2296643
2296673
2296703
2296793
2296853
2297033
2297063
2297093
2297213
2297393
2297423
2297453
2297483
2297513
2297573
2297603
2297633
2297663
2297693
2297723
2297753
2297783
2297813
2297843
2297873
2297933
2297963
2297993
2298023
2298053
2298083
2298113
2298143
2298173
2298203
2298233
2298293
2298323
2298353
2298383
2298413
2298443
2298473
2298503
2298533
2298683
2298743
2298773
2298803
2298833
2298863
2298893
2298923
2298953
2298983
2299013
2299043
2299613
2299733
2299793
2299823
2300393
2300603
2300663
2300753
2300783
2301173
2301203
2301233
2301263
2301293
2301323
2301353
2301383
2301413
2301473
2301503
2301533
2301563
2301593
2301623
2301653
2301683
2301713
2301743
2301773
2301833
2301863
2301893
2301923
2301953
2301983
2302013
2302043
2302073
2302103
2302133
2302193
2302223
2302313
2302343
2302373
2302403
2302433
2302463
2302493
2302523
2302553
2302643
2302673
2302703
2302733
2302763
2302793
2302823
2302883
2327460
2327490
2327520
2327550
2327580
2327610
2327640
2327730
2327760
2327850
2328030
2328060
2328090
2328120
2328210
2328240
2328270
2328300
2328330
2328360
2328390
2328420
2328450
2328480
2328540
2328570
2328600
2328630
2328660
2328690
2328840
2329050
2329080
2329110
2329140
2329170
2329200
2329230
2329260
2330250
2330280
2330310
2330370
2330400
2330490
2330520
2330940
2330970
2331000
2331030
2331060
2331090
2331120
2331150
2331210
2331240
2331270
2331300
2331330
2331360
2331390
2331450
2331480
2331510
2331540
2331600
2331630
2331660
2331690
2331720
2331750
2331780
2331810
2331840
2331870
2331900
2332110
2332140
2332170
2332200
2332230
2332260
2332290
2332350
2332380
2332410
2332440
2332470
2332500
2332530
2332560
2332590
2332620
2332650
2332710
2332740
2332770
2332800
2332830
2332860
2332890
2332920
2332950
2332980
2333040
2333100
2333130
2333190
2333220
2333280
2333310
2333340
2333370
2333400
2333430
2333490
2333610
2333640
2333670
2333700
2333730
2333760
2333790
2333820
2333850
2333970
2334000
2334210
2334660
2334720
2335920
2335980
2336070
2336250
2336280
2336310
2336700
2337060
2338800
2338830
2338860
2338890
2338920
2338950
2338980
2339010
2339040
2339070
2339100
2339160
2339190
2339220
2339340
2339370
2339400
2339430
2339670
2339790
2339820
2340990
2341350
2342370
2344080
2344110
2344140
2344170
2344200
2344230
2344260
2344290
2344350
2344380
2344410
2344440
2344470
2344500
2344530
2344560
2344590
2344620
2344650
2344710
2344740
2344770
2344800
2344830
2344860
2344890
2344920
2344950
2344980
2345010
2345070
2345100
2345130
2345160
2345190
2345250
2345280
2345310
2345340
2345370
2345400
2345820
2345880
2345970
2345981
2346000
2346030
2346041
2346060
2346071
2346090
2346101
2346120
2346131
2346150
2346161
2346180
2346191
2346210
2346221
2346240
2346251
2346270
2346281
2346311
2346341
2346360
2346401
2346420
2346431
2346450
2346510
2346690
2346720
2347830
2347860
2347871
2347890
2347950
2347980
2348010
2348021
2348040
2348051
2348070
2348081
2348100
2348111
2348130
2348160
2348171
2348190
2348201
2348220
2348231
2348250
2348261
2348291
2348321
2348351
2348381
2348400
2348411
2348441
2348471
2348531
2348561
2348591
2348681
2348711
2348741
2348771
2348801
2348831
2348921
2348970
2349000
2349030
2349060
2349090
2349120
2349330
2349390
2349420
2349431
2349450
2349480
2349540
2349570
2349581
2349600
2349611
2349630
2349660
2349690
2349720
2349750
2349780
2349810
2349840
2349900
2349930
2349960
2349990
2350020
2350181
2350631
2350890
2350920
2350950
2350980
2351010
2351040
2351070
2351130
2351160
2351190
2351220
2351250
2351280
2351310
2351340
2351370
2351400
2351411
2351430
2351490
2351520
2351550
2351580
2351610
2351640
2351670
2351790
2351850
2351880
2351910
2351940
2351970
2352000
2352030
2352060
2352090
2352120
2352150
2352210
2352240
2352270
2352300
2352330
2352360
2352390
2352420
2352450
2352480
2352510
2352521
2352551
2352570
2352581
2352600
2352611
2352630
2352641
2352660
2352671
2352701
2352731
2352761
2352851
2352881
2352911
2352971
2353001
2353031
2353061
2353091
2353121
2353151
2353271
2353301
2353350
2353391
2353410
2353421
2353440
2353451
2353481
2353511
2353530
2353560
2353571
2353590
2353601
2353620
2353650
2353661
2353680
2353710
2353721
2353751
2353770
2353781
2353800
2353841
2353871
2353901
2353961
2353991
2354021
2354051
2354081
2354141
2354231
2354261
2354291
2354411
2354441
2354471
2354501
2354531
2354561
2354591
2354651
2354711
2354801
2354831
2355371
2355431
2355521
2355551
2355581
2355791
2355821
2355851
2355881
2355941
2355971
2356001
2356031
2356061
2356091
2356241
2356271
2356301
2356331
2357021
2357051
2357081
2357111
2357141
2357171
2357231
2357261
2357291
2357321
2357351
2357381
2357411
2357441
2357471
2357501
2357531
2357591
2357621
2357651
2357681
2357711
2357741
2357771
2357801
2357831
2357861
2357891
2358071
2358101
2358131
2358161
2358191
2358221
2358341
2358371
2358401
2358431
2358461
2358491
2358521
2358551
2358581
2358611
2358671
2358701
2358731
2358761
2358791
2358821
2358851
2358881
2358911
2358941
2358971
2359031
2359061
2359091
2359121
2359151
2359181
2359211
2359241
2359271
2359331
2359361
2359421
2359451
2359481
2359511
2359541
2359571
2359601
2359781
2359811
2359841
2359871
2359901
2359931
2359961
2360051
2360111
2360141
2360171
2360231
2360261
2360291
2360321
2360351
2360381
2360411
2360441
2360471
2360501
2360531
2360591
2360621
2360651
2360681
2360711
2360741
2360771
2360801
2360831
2360861
2360891
2360951
2360981
2361131
2361161
2361191
2361221
2361251
2361311
2361341
2361371
2361401
2361431
2361461
2361491
2361521
2361551
2361581
2361611
2361671
2361701
2361731
2361761
2361821
2361851
2361881
2361911
2361941
2361971
2362031
2362061
2362091
2362121
2362151
2362181
2362211
2362241
2362271
2362301
2362331
2362391
2362421
2362451
2362481
2362511
2362541
2362571
2362601
2362631
2362661
2362691
2362751
2362781
2362811
2362841
2362871
2362901
2362931
2362961
2362991
2363021
2363051
2363111
2363141
2363171
2363201
2363231
2363261
2363291
2363321
2363351
2363381
2363441
2363501
2363531
2363561
2363591
2363621
2363651
2363681
2363711
2363741
2363771
2363801
2363861
2363891
2363921
2363951
2363981
2364011
2364251
2364281
2364311
2364341
2364431
2364461
2364491
2364521
2364581
2364611
2364641
2364671
2364701
2364731
2364761
2364791
2364821
2364851
2364881
2364971
2365001
2365031
2365061
2365091
2365121
2365151
2365211
2365301
2365391
2365421
2365901
2365961
2365991
2366021
2366171
2366261
2366381
2366411
2366441
2366861
2366891
2366951
2367071
2367101
2368571
2368601
2368631
2368661
2368691
2368901
2368991
2369021
2369051
2369081
2369111
2369261
2369291
2369321
2369351
2369381
2369411
2369441
2369471
2369531
2369561
2369591
2369621
2369651
2369681
2369711
2369801
2369831
2369921
2369951
2369981
2370011
2370041
2370071
2370101
2370401
2370431
2370491
2370641
2370671
2370701
2370731
2370761
2370911
2370971
2371151
2371181
2371211
2371241
2371301
2371361
2371391
2371421
2371451
2371481
2371511
2371541
2371571
2371661
2371691
2371841
2371901
2372021
2372051
2372081
2372111
2372141
2372171
2372201
2372231
2372261
2372291
2372321
2372381
2372411
2372471
2372501
2372561
2372591
2372621
2372651
2372681
2372711
2372771
2372801
2372831
2372891
2372921
2372951
2373041
2373071
2373131
2373191
2373221
2373251
2373281
2373311
2373341
2373371
2373521
2373551
2373581
2373611
2373671
2373791
2373821
2373851
2373881
2373911
2373971
2374001
2374211
2374241
2374271
2374301
2374331
2374361
2374391
2374421
2374451
2374631
2374721
2374751
2374811
2374871
2374901
2374961
2375321
2375411
2375471
2375501
2375681
2375711
2375891
2375921
2375951
2375981
2376011
2376041
2376071
3301662
3301872
3302922
3302952
3302982
3303312
3303372
3303402
3303432
3303462
3303492
3303522
3303552
3303732
3303762
3303852
3303882
3303912
3303942
3303972
3304002
3304032
3304062
3304092
3304122
3304182
3304212
3304722
3305112
3305142
3305442
3305472
3305502
3305532
3305562
3305592
3305652
3305682
3305922
3305952
3305982
3306012
3306042
3306102
3306132
3306162
3306222
3306282
3306342
3306372
3306462
3306492
3306522
3306612
3306942
3307002
3307152
3307182
3307212
3307242
3307272
3307302
3307362
3307602
3307962
3307992
3308022
3308052
3308082
3308112
3308172
3308352
3308382
3308412
3308442
3308502
3308532
3308562
3308742
3308772
3308802
3308832
3308862
3308892
3308982
3309012
3309042
3309072
3309132
3309162
3309192
3309222
3309252
3309282
3309312
3309372
3309402
3309612
3310092
3310242
3310452
3310482
3310512
3310542
3310572
3310602
3310662
3310692
3311082
3311292
3311322
3311382
3311412
3311442
3311472
3311502
3311532
3311562
3311592
3311622
3311652
3311682
3311772
3311892
3311922
3311952
3311982
3312012
3312042
3312222
3312762
3312792
3312852
3312882
3312912
3312942
3312972
3313002
3313092
3313122
3313152
3313212
3313242
3313392
3313422
3313482
3313512
3313542
3313572
3313632
3313662
3314142
3314172
3314202
3314802
3314832
3314862
3314892
3314922
3314952
3314982
3315372
3315402
3315462
3315492
3315522
3315552
3315582
3315642
3315672
3315702
3315732
3315762
3316482
3316692
3316722
3316752
3316782
3316812
3316842
3316932
3316962
3316992
3317022
3317052
3317082
3317112
3317142
3317172
3317202
3317232
3317292
3317532
3317562
3317592
3317622
3317682
3317712
3317742
3317772
3317802
3317832
3317862
3317892
3317922
3317952
3317982
3318042
3318072
3318162
3318402
3318432
3318462
3318522
3318702
3318762
3318852
3319422
3319662
3319692
3322392
3352573
3352603
3352663
3352693
3352723
3352753
3352783
3352813
3352843
3352873
3352903
3352933
3352963
3353023
3353053
3353083
3353113
3353143
3353173
3353203
3353233
3353263
3353293
3353323
3353383
3353413
3353443
3353473
3353503
3353533
3353563
3353593
3353623
3353653
3353683
3353743
3353773
3353803
3353833
3353863
3353893
3353923
3353953
3353983
3354013
3354043
3354103
3354133
3354163
3354193
3354223
3354253
3354283
3354313
3354343
3354373
3354403
3354463
3354493
3354523
3354553
3354583
3354613
3354643
3354673
3354703
3354733
3354763
3354823
3354853
3354883
3354913
3354943
3354973
3355003
3355033
3355063
3355093
3355123
3355183
3355213
3355243
3355273
3355303
3355333
3355363
3355393
3355423
3355453
3355483
3355543
3355573
3355603
3355633
3355663
3355693
3355753
3355783
3355813
3356323
3356353
3356443
3356473
3356503
3356533
3356563
3356593
3356623
3356653
3356713
3356833
3356863
3356893
3356923
3356953
3356983
3357013
3357073
3357103
3357133
3357163
3357283
3357313
3357343
3357373
3357403
3357553
3357613
3357643
3357673
3357703
3357763
3357823
3357853
3357883
3357913
3357973
3358033
3358063
3358153
3358183
3358213
3358243
3358303
3358333
3358363
3358393
3358423
3358453
3358483
3358513
3358543
3358573
3358603
3358663
3358693
3358723
3358783
3358813
3358843
3358873
3358903
3358933
3358963
3358993
3359053
3359083
3359113
3359143
3359203
3359233
3359293
3359323
3359533
3359563
3359593
3359623
3359653
3359683
3359713
3359743
3359773
3359833
3359893
3359923
3360103
3360193
3360223
3360253
3360283
3360313
3360343
3360373
3360403
3360433
3360463
3360493
3360553
3360583
3360613
3360643
3360733
3360793
3360823
3360853
3360913
3360943
3360973
3361003
3361033
3361123
3361153
3361183
3361213
3361363
3361393
3361423
3361453
3361483
3361513
3361543
3361573
3361633
3361663
3361693
3361723
3361753
3361783
3361813
3361843
3361873
3361903
3361933
3362173
3363703
3363733
3363763
3363793
3363823
3363853
3363913
3363943
3364033
3364063
3364153
3364243
3364273
3364303
3364363
3364393
3364423
3364453
3364543
3365353
3366073
3366493
3366523
3366553
3366583
3366613
3366643
3366673
3366703
3366943
3367033
3367093
3367123
3367153
3367243
3367273
3367303
3367333
3367453
3367603
3367633
3367663
3367693
3367723
3367783
3367813
3367843
3367873
3367903
3367933
3368023
3368053
3368233
3368293
3368323
3368353
3368383
3368413
3368503
3368593
3368623
3368653
3368683
3368743
3368773
3368803
3368863
3368893
3368953
3368983
3369013
3369043
3369073
3369103
3369133
3369163
3369223
3369253
3369283
3369313
3369343
3369373
3369403
3369433
3369463
3369613
3369643
3369733
3369763
3369793
3369823
3369853
3373633
3373663
3373693
3373873
3373963
3374413
3374443
3374473
3374503
3374533
3374563
3374593
3374623
3374653
3374683
3374713
3374773
3374803
3374833
3374863
3374893
3374923
3374953
3374983
3375013
3375043
3375073
3375133
3375163
3375193
3375223
3375253
3375283
3375313
3375403
3375553
3375913
3376213
3376333
3376423
3376453
3376513
3376633
3376783
3376813
3378793
3379003
3379033
3379093
3379183
3379213
3379243
3379273
3379303
3379333
3379423
3379453
3379513
3379543
3379603
3379633
3379663
3379693
3379723
3379753
3379783
3402310
3402340
3402370
3402400
3402490
3402520
3402550
3402580
3402610
3402640
3402670
3402700
3402730
3402760
3402790
3402850
3402880
3402910
3402940
3402970
3403000
3403030
3403060
3403360
3403390
3403510
3403540
3403810
3403960
3403990
3404020
3404050
3404350
3404770
3404830
3404860
3404890
3404950
3404980
3405010
3405040
3405070
3405100
3405130
3405160
3405190
3405220
3405250
3405310
3405340
3405370
3405400
3405550
3405580
3405670
3405700
3405730
3405760
3405820
3405850
3406180
3406210
3406240
3406270
3406300
3406330
3406390
3406420
3406450
3406480
3406510
3406540
3406600
3408100
3408130
3408160
3408190
3408220
3408280
3408340
3409180
3409270
3409300
3409330
3409360
3409731
3410031
3410181
3410241
3410391
3410451
3410481
3410830
3410890
3410920
3410950
3410980
3411010
3411040
3411100
3411130
3411160
3411190
3411531
3411561
3411591
3411640
3411711
3411790
3411801
3411820
3411831
3411861
3411880
3411910
3411940
3411970
3411981
3412000
3412011
3412030
3412060
3412071
3412090
3412101
3412120
3412150
3412161
3412180
3412240
3412251
3412270
3412300
3412311
3412330
3412341
3412360
3412371
3412390
3412401
3412420
3412450
3412480
3412510
3412540
3412600
3412611
3412630
3412660
3412750
3412780
3412810
3412840
3412870
3412900
3412930
3412960
3413020
3413050
3413080
3413110
3413140
3413241
3413260
3413271
3413290
3413301
3413331
3413361
3413421
3413451
3413481
3413511
3413571
3413631
3413661
3413691
3413721
3413871
3413901
3413931
3413991
3414021
3414081
3414321
3414351
3414411
3414471
3414531
3414621
3414651
3414681
3414700
3414711
3414741
3414771
3414831
3414891
3414921
3414951
3414981
3415011
3415041
3415071
3415101
3415131
3415161
3415191
3415251
3415281
3415311
3415371
3415491
3415521
3415540
3415551
3415570
3415600
3415611
3415630
3415641
3415660
3415671
3415690
3415701
3415720
3415731
3415750
3415761
3415780
3415791
3415821
3415840
3415851
3415870
3415881
3415971
3416080
3416110
3416140
3416170
3416230
3416260
3416571
3416601
3416691
3416721
3416751
3416781
3416841
3416871
3416901
3416991
3417021
3417051
3417081
3417111
3417130
3417141
3417160
3417190
3417220
3417250
3417261
3417280
3417340
3417370
3417400
3417411
3417430
3417441
3417471
3417501
3417531
3417580
3417610
3417640
3417651
3417700
3417850
3417861
3417880
3417891
3417951
3417981
3418000
3418011
3418030
3418090
3418120
3418150
3418180
3418210
3418330
3418731
3418761
3418791
3418911
3418941
3418971
3419001
3419031
3419061
3419091
3419121
3419151
3419181
3419211
3419271
3419301
3419511
3419691
3419710
3419721
3419770
3419800
3419931
3419961
3419980
3419991
3420010
3420021
3420051
3420070
3420081
3420111
3420201
3420220
3420231
3420250
3420280
3420321
3420351
3420381
3420411
3420441
3420550
3420561
3420580
3420591
3420610
3420651
3420681
3420711
3420741
3420760
3420771
3420790
3420801
3420820
3420831
3420850
3420861
3420880
3420951
3420981
3421011
3421071
3421101
3421240
3421270
3421300
3421330
3421360
3421420
3421600
3421630
3421660
3421821
3421851
3421881
3421911
3421971
3422001
3422170
3422331
3422361
3422391
3422421
3422451
3422481
3422511
3422721
3422751
3422841
3422871
3422931
3422991
3423171
3423201
3423231
3423261
3423291
3423351
3423381
3423730
3423760
3423790
3423820
3423850
3424180
3424221
3424240
3424251
3424281
3424300
3424311
3424341
3424360
3424371
3424390
3424401
3424431
3424450
3424491
3424521
3424551
3424660
3424900
3426351
3426381
3426411
3426441
3426471
3426501
3426520
3426531
3426580
3426610
3426640
3426670
3426700
3426730
3426760
3426790
3426850
3426880
3426910
3426940
3426970
3427000
3427090
3427120
3427150
3427300
3427330
3427360
3427390
3427401
3427420
3427431
3427450
3427480
3427660
3427690
3428751
3428871
3428991
3429070
3429081
3429100
3429111
3429130
3429160
3429261
3429291
3429741
3429771
3429801
3429831
3429891
3429981
3430011
3430041
3430491
3430521
3430551
3430581
3430611
3430671
3430701
3430731
3430761
3430791
3430821
3430851
3430881
3430911
3430941
3430971
3431031
3431061
3431091
3431121
3431151
3431181
3431211
3431241
3431271
3431301
3431331
3431391
3431421
3431451
3431481
3431511
3431541
3431571
3431601
3431691
3431751
3431811
3431841
3431991
3432021
3432051
3432111
3432231
3432261
3432291
3432321
3432351
3432381
3432411
3432441
3432471
3432651
3432681
3433221
3433311
3433371
3433521
3433971
3434001
3434181
3434211
3434331
3434361
3434391
3434421
3434721
3434751
3434781
3434841
3434871
3434901
3434931
3434961
3434991
3435021
3435051
3435081
3435111
3435141
3435201
3435231
3435261
3435291
3435321
3435351
3435381
3435411
4035373
4035403
4035433
4036183
4036333
4036483
4036513
4036543
4036663
4036693
4036723
4036753
4037713
4037863
4038313
4038643
4038733
4038913
4038943
4038973
4039153
4039183
4039213
4039243
4039273
4039303
4039333
4039453
4039483
4039513
4039543
4039573
4039603
4039633
4039663
4039693
4039753
4039783
4039813
4039843
4039873
4039903
4039993
4040113
4040173
4040203
4040233
4040293
4040323
4040353
4040383
4040413
4040443
4040533
4040563
4040593
4040623
4040653
4040683
4040713
4040743
4040773
4040803
4040833
4040893
4040923
4040953
4040983
4041013
4041073
4041133
4041163
4041193
4041223
4041283
4041313
4041343
4041373
4041403
4041433
4041463
4041493
4041553
4041583
4041613
4041673
4041703
4041733
4041763
4041793
4041823
4041853
4041913
4041943
4041973
4042033
4042063
4042093
4042123
4042213
4042483
4042543
4042573
4042603
4042633
4042663
4042693
4042753
4042813
4042843
4042873
4042903
4042933
4042963
4042993
4043023
4043053
4043113
4043143
4043173
4043203
4043233
4043263
4043293
4043323
4043383
4043413
4043593
4043623
4043653
4043683
4043713
4043773
4043833
4043863
4043893
4043923
4043953
4043983
4044013
4044043
4044073
4044103
4044133
4044193
4044223
4044253
4044283
4044343
4044373
4044403
4044433
4044463
4044523
4044583
4044613
4044643
4044673
4044823
4044853
4044883
4044913
4044973
4045003
4045063
4045123
4045153
4045183
4045213
4045243
4045303
4045333
4045363
4045513
4045543
4045573
4045603
4045633
4045663
4045873
4045903
4045933
4045963
4045993
4046023
4046053
4046083
4046113
4046143
4046173
4046233
4046263
4046293
4046353
4046383
4046413
4046443
4046473
4046503
4046533
4046593
4046623
4046713
4046743
4046773
4046803
4046833
4046863
4046893
4046953
4046983
4047013
4047043
4047073
4047103
4047133
4047163
4047193
4048633
4048723
4048753
4048783
4048813
4048843
4048873
4048933
4048963
4048993
4049023
4049053
4049083
4049113
4049893
4050043
4050073
4050583
4050613
4050643
4050673
4051723
4051753
4051783
4051813
4051963
4051993
4052023
4052053
4052083
4052113
4052143
4052173
4052203
4052293
4052413
4052443
4052473
4052803
4052833
4052893
4052923
4053133
4053163
4053223
4053283
4053343
4053403
4053433
4053553
4053583
4053613
4053643
4053673
4053913
4053943
4053973
4054003
4054123
4054153
4054183
4054213
4054243
4054273
4054363
4054483
4054513
4054903
4054933
4054993
4055023
4055053
4055083
4055113
4055143
4055173
4055203
4055233
4055263
4055293
4055353
4055383
4055413
4055503
4055533
4055563
4055593
4055623
4055713
4055803
4055833
4055863
4055893
4055923
4055953
4055983
4056013
4056073
4056133
4056313
4056343
4056433
4056463
4056493
4056523
4056553
4056583
4056613
4056643
4056673
4056943
4056973
4057243
4057273
4057303
4057333
4057363
4057393
4057483
4057573
4057603
4057633
4057873
4057933
4057963
4057993
4058023
4058053
4058143
4059253
4059343
4059613
4283001
4283061
4283091
4283121
4283151
4283181
4283271
4283301
4283361
4283391
4283451
4283481
4283541
4283571
4283631
4283661
4283691
4283721
4283751
4283781
4283841
4283901
4283931
4283961
4283991
4284021
4284051
4284081
4284111
4284141
4284321
4284351
4284381
4284411
4284441
4284471
4284651
4284681
4284711
4284741
4284801
4284861
4284951
4285071
4285101
4285131
4285161
4285191
4285221
4285281
4285311
4285371
4285401
4285431
4285461
4285491
4285521
4285551
4285581
4286391
4286481
4286511
4286541
4286571
4286601
4287171
4287591
4287651
4287921
4288131
4289001
4289061
4289091
4289121
4289151
4289541
4289961
4289991
4290021
4290051
4290081
4290141
4290171
4290201
4290231
4290261
4290291
4290321
4290351
4290381
4290411
4290441
4290501
4290531
4290561
4290591
4290621
4290741
4290801
4291131
4291161
4291191
4291731
4291761
4291851
4291881
4291941
4291971
4292001
4292031
4292061
4292091
4292151
4292211
4292301
4292331
4292361
4292391
4292421
4292451
4292481
4292931
4293021
4293051
4293471
4293501
4293531
4293561
4293651
4293681
4293711
4298811
4298841
4298931
4298991
4299021
4299111
4299141
4299171
4299201
4299231
4299381
4299411
4299471
4299501
4299531
4299561
4301751
4301811
4301841
4301871
4302051
4302081
4302111
4302141
4302531
4302981
4303011
4303191
4303221
4303251
4303281
4303311
4306791
4306851
4306881
4306911
4306941
4306971
4307421
4307451
4307571
4307631
4307661
4307691
4307721
4307751
4307781
4307811
4307841
4307871
4307991
4308021
4308051
4308081
4308111
4308141
4308171
4308201
4308411
4308441
4308501
4308711
4308741
4308771
4308801
4308831
4308861
4308891
4309071
4309101
4309131
4309161
4309191
4309221
4309251
4309281
4309311
4309341
4309371
4309431
4309461
4309491
4309521
4309551
4309581
4309611
4309641
4309941
4309971
4310001
4310031
4310181
4310211
4310241
4310271
4310301
4310331
4310361
4310391
4310421
4310451
4310481
4310541
4310571
4310601
4310631
4310661
4310691
4310721
4310751
4310781
4310811
4310841
4310901
4310931
4310991
4311261
4311291
4311351
4311381
4311411
4311441
4311471
4311501
4311531
4311561
4311591
4311621
4311651
4311711
4311741
4311771
4311801
4311831
4311861
4311891
4311921
4311951
4311981
4312011
4312071
4312101
4312131
4312161
4312191
4312221
4312251
4312311
4312341
4312551
4312581
4312611
4312701
4312731
4312761
4312791
4312851
4312881
4312941
4313241
4313481
4313541
4313571
4313601
4313631
4313691
4313721
4313781
4313841
4313871
4313901
4313961
4336942
4336972
4337122
4337152
4337212
4337422
4337842
4337872
4337902
4338472
4340062
4340092
4340122
4340152
4340182
4340212
4340242
4340272
4340332
4340362
4340392
4340452
4340482
4340512
4340542
4340572
4340602
4340632
4340662
4340692
4340722
4340752
4340812
4340842
4340872
4340902
4340932
4340962
4340992
4341022
4341052
4341082
4341112
4341172
4341202
4341232
4341262
4341322
4341352
4341382
4341412
4341442
4341622
4341652
4341682
4341712
4341742
4341772
4341802
4341832
4341862
4341922
4341952
4341982
4342012
4342042
4342132
4342162
4342192
4342222
4342282
4342312
4342342
4342402
4345612
4348042
4348072
4348102
4348192
4348222
4348282
4348312
4348372
4348432
4348462
4348492
4348522
4348732
4348792
4348822
4349092
4349122
4349152
4349182
4349212
4349242
4349272
4349302
4349362
4349452
4349482
4349512
4349692
4349722
4349782
4349842
4349872
4349902
4349932
4350292
4350322
4350352
4350382
4350412
4350442
4350472
4350532
4350562
4350592
4350622
4350652
4350682
4350712
4350742
4350772
4350802
4350832
4350892
4351762
4351972
4352032
4352182
4352482
4352572
4352602
4352632
4352662
4352692
4352722
4352782
4352812
4352842
4352872
4353382
4353412
4353442
4353532
4353562
4353592
4353622
4353652
4353682
4353712
4354162
4354222
4354312
4354342
4354372
4354522
4354702
4354732
4355902
4356862
4356892
4357852
4479880
4479910
4479940
4479970
4480270
4480300
4480330
4480360
4480390
4480420
4480450
4480480
4480510
4480540
4480600
4480630
4480660
4480690
4480720
4480750
4480780
4480810
4480840
4480870
4480900
4480990
4481200
4481230
4481260
4481290
4481320
4481350
4481440
4481470
4481530
4481590
4481620
4481920
4482040
4482700
4482730
4482760
4482790
4482820
4482850
4482880
4482910
4482940
4483510
4483540
4483570
4483600
4483630
4483660
4483720
4483750
4483780
4483810
4483870
4483900
4485130
4485190
4485400
4485430
4485460
4485490
4485520
4485550
4485580
4485610
4485640
4485670
4485730
4485760
4485790
4485820
4485910
4485940
4486000
4486030
4486090
4486150
4486180
4486210
4486330
4486360
4486390
4486450
4486480
4486510
4486540
4486570
4486690
4486720
4486840
4486870
4486900
4486930
4486960
4486990
4487020
4487050
4487080
4487110
4487140
4487200
4487230
4487260
4487320
4487440
4487590
4488130
4488160
4488190
4488220
4488280
4488310
4488340
4488370
4488400
4488430
4488460
4488490
4488520
4488550
4488580
4488640
4488670
4488700
4488730
4488760
4488790
4488820
4488850
4488880
4488910
4488940
4489000
4489030
4489060
4489090
4489120
4489150
4489180
4489210
4489240
4489270
4489330
4489390
4489420
4489450
4489480
4489510
4489540
4489570
4489600
4489630
4489660
4489690
4489750
4489780
4489810
4489840
4489870
4489900
4489930
4489960
4489990
4490020
4490050
4490110
4490140
4490170
4490200
4490230
4490260
4490290
4490320
4490350
4490380
4490410
4490470
4490500
4490530
4490560
4490590
4490620
4490650
4490680
4490710
4490740
4490770
4490830
4490860
4490890
4490920
4490950
4490980
4491010
4491610
4491640
4491670
4491700
4491730
4491760
4491790
4491820
4491850
4491910
4491940
4491970
4492000
4492030
4492060
4492120
4492810
4493590
4493710
4493770
4493800
4493830
4493860
4493890
4493920
4493950
4493980
4494010
4494040
4494070
4494130
4494160
4494190
4494220
4494250
4494280
4494310
4494340
4494370
4494400
4494430
4494490
4494520
4494550
4494580
4494610
4494640
4494670
4494700
4494730
4494760
4494790
4494850
4494880
4494910
4494940
4494970
4495000
4495030
4495060
4495090
4495120
4495150
4495210
4495240
4495270
4495300
4495330
4495360
4495390
4495420
4495450
4495480
4496020
4496110
4496140
4496170
4496200
4496230
4496260
4496320
4496380
4496410
4496440
4496470
4496530
4496620
4496680
4496710
4496740
4496770
4496800
4496830
4496860
4496890
4496920
4496950
4496980
4497040
4497070
4497100
4497130
4497310
4497760
4497790
4497820
4497850
4497880
4497940
4497970
4498000
4498030
4498060
4498180
4498240
4498300
4498330
4498420
4498450
4499470
4499500
4499530
4499560
4499590
4499650
4499680
4499710
4499740
4499770
4499800
4499830
4499860
4499890
4499920
4499950
4500010
4503730
4503760
4503790
4503820
4503850
4503880
4503910
4503940
4504000
4504570
4504630
