0055680
0055710
0055740
0055800
0055830
0055860
0055950
0056010
0056250
0056760
0056790
0056850
0056910
0056940
0056970
0057000
0057030
0057060
0057270
0057300
0057330
0057360
0057390
0057420
0057450
0057480
0057570
0057630
0057930
0057960
0057990
0058020
0058050
0058080
0058110
0058140
0058170
0058200
0058230
0058410
0058440
0058530
0058560
0058590
0058620
0058650
0058680
0058710
0058740
0058770
0058830
0058860
0058890
0058920
0058950
0058980
0059010
0059040
0059550
0059640
0059730
0060030
0060330
0060360
0060480
0060510
0060540
0060570
0060630
0060660
0060690
0060720
0060930
0060960
0060990
0061020
0061050
0061110
0061140
0061170
0061200
0061230
0061260
0061290
0061320
0061350
0061380
0061410
0061470
0061500
0061530
0061560
0061590
0061620
0061650
0061680
0061710
0061740
0061770
0061830
0061860
0061890
0061920
0061950
0061980
0062010
0062040
0062070
0062100
0062130
0062190
0062220
0062250
0062280
0062310
0062340
0062370
0062430
0062490
0062550
0062580
0062640
0062670
0062700
0062730
0062760
0062790
0062820
0062850
0062880
0062910
0062940
0063000
0063030
0063060
0063090
0063120
0063150
0063180
0063210
0063240
0063270
0063300
0063360
0063390
0063420
0063450
0063480
0063510
0063540
0063570
0063600
0063630
0063660
0063720
0063750
0063810
0063840
0063870
0063900
0063930
0063960
0063990
0064020
0064080
0064110
0064140
0064170
0064200
0064230
0064260
0064290
0064320
0064350
0064380
0064440
0064740
0064770
0064830
0064860
0064890
0064920
0064980
0065070
0065100
0065130
0065160
0065190
0065220
0065250
0065280
0065310
0065340
0065880
0065940
0066510
0066540
0066810
0066840
0066870
0066900
0066930
0067050
0067080
0067110
0067800
0067830
0067920
0067950
0068340
0068460
0068490
0068520
0068640
0068700
0068820
0068850
0068880
0068940
0068970
0069000
0069030
0069060
0069120
0069150
0069240
0069300
0069330
0069360
0069390
0069420
0069450
0069480
0069600
0069840
0069930
0070110
0070380
0070440
0070470
0070500
0070530
0070560
0070590
0070620
0070650
0070740
0070800
0070830
0070920
0070980
0071160
0071310
0071370
0071580
0071970
0072030
0072360
0072600
0072660
0072720
0072750
0072930
0073080
0073260
0073380
0073860
0074100
0074130
0074160
0074190
0074220
0074250
0074280
0074310
0074340
0074370
0074430
0074460
0074610
0074670
0074730
0074910
0074970
0075090
0075120
0075150
0075180
0075240
0075270
0075300
0075330
0075360
0075390
0075420
0075450
0075480
0075510
0075540
0075600
0075630
0075660
0075690
0075720
0075750
0075780
0075810
0075840
0075870
0075900
0075960
0075990
0076020
0076050
0076080
0076110
0076140
0076170
0076200
0076230
0076260
0076320
0076350
0076380
0076410
0076440
0076470
0076500
0076530
0076560
0076590
0076620
0076680
0076710
0076740
0076830
0076980
0077040
0077070
0077130
0077160
0077190
0077250
0077280
0077310
0077340
0077370
0077400
0077460
0077490
0077550
0077580
0077610
0077640
0077670
0077700
0077730
0077760
0077790
0077850
0077880
0077910
0077940
0077970
0078060
0078210
0078330
0078450
0078480
0078510
0078540
0078570
0078600
0078630
0078660
0078690
0078750
0078780
0078810
0078840
0078870
0078900
0078930
0078960
0078990
0079020
0079050
0079110
0079140
0079170
0079200
0079230
0079260
0079290
0079320
0079350
0079380
0079410
0079470
0079500
0079530
0079560
0079590
0079620
0079650
0079680
0079710
0079740
0079770
0079830
0079860
0079890
0079920
0079950
0079980
0080010
0080040
0080070
0080280
0080580
0081540
0081600
0081750
0081960
0082140
0082170
0082200
0082230
0082260
0082350
0082380
0082410
0082440
0082470
0082500
0082530
0082560
0082590
0082620
0082650
0082710
0082740
0082770
0082800
0082830
0082860
0082890
0082920
0082950
0082980
0083010
0083070
0083100
0129323
0129353
0129383
0129443
0129503
0130343
0130403
0131483
0131513
0131543
0131573
0131603
0132053
0132293
0134153
0134183
0134393
0134483
0134543
0134663
0134963
0136793
0139553
0139583
0139943
0140033
0140063
0140093
0140123
0140153
0140183
0140213
0140273
0140303
0140333
0140363
0140393
0140753
0141233
0141383
0142343
0142373
0142403
0142643
0142673
0142703
0142733
0142763
0142853
0143453
0143513
0143543
0143573
0143603
0143633
0143663
0143693
0143723
0143753
0143783
0143813
0143933
0144233
0144263
0144293
0144323
0144353
0144413
0144443
0144473
0145013
0145043
0145073
0145133
0145163
0145193
0145223
0145253
0145283
0145313
0145343
0145373
0145403
0145493
0145523
0145553
0145583
0145613
0145673
0145703
0145763
0145793
0145823
0145913
0145943
0145973
0146003
0146033
0146063
0146093
0146123
0146153
0146183
0146213
0146273
0146303
0147653
0147713
0147953
0149153
0149993
0150293
0150773
0152543
0152933
0152963
0152993
0153023
0153053
0153083
0153113
0153173
0153203
0153233
0153263
0153293
0153323
0153353
0153383
0153413
0153443
0153473
0153533
0153563
0153593
0153653
0154043
0154103
0154133
0154163
0154193
0154253
0154283
0154313
0154343
0154373
0154403
0154433
0154463
0154493
0154523
0155363
0155393
0155423
0155453
0155483
0155513
0155603
0155633
0155663
0175762
0175792
0175822
0175852
0175882
0175942
0175972
0176002
0176062
0176092
0176212
0176302
0176332
0177112
0177382
0177412
0177442
0177472
0177502
0177532
0177562
0177652
0177682
0177712
0177742
0177772
0177802
0177832
0177862
0177892
0177922
0177952
0178012
0178042
0178072
0178102
0178132
0178162
0178192
0178222
0178252
0178282
0178312
0178642
0178672
0178702
0178732
0178762
0178792
0178822
0178852
0178942
0179092
0179422
0179452
0179482
0179512
0179542
0179572
0179602
0179632
0179662
0179692
0179722
0179812
0179842
0179872
0179932
0179992
0180052
0180082
0180112
0180142
0180172
0180262
0180322
0180352
0180382
0180412
0180442
0180472
0180502
0180532
0180562
0180622
0180652
0180682
0180712
0180742
0180832
0180862
0180892
0180922
0180952
0180982
0181072
0181192
0181402
0181492
0181582
0181642
0181762
0181792
0181882
0182002
0182032
0182062
0182092
0182122
0182152
0182182
0182212
0182242
0182272
0182422
0182482
0182542
0182572
0182662
0182692
0182722
0182842
0182902
0183112
0183442
0183952
0184012
0184132
0184372
0184432
0184462
0184522
0184612
0184672
0184762
0184882
0184912
0184942
0184972
0185002
0185032
0185062
0185092
0185122
0185212
0185242
0185362
0185392
0185422
0185452
0185482
0185512
0185542
0185602
0186652
0186682
0186712
0186742
0186802
0186832
0186892
0186922
0186952
0186982
0187072
0187102
0187132
0187162
0187642
0187882
0187912
0187942
0188122
0188152
0188182
0188212
0188242
0188812
0188842
0188872
0188932
0188962
0188992
0189022
0189052
0189082
0189112
0189142
0189172
0189202
0189232
0189502
0189562
0189592
0189652
0189742
0189772
0189802
0189832
0189952
0190072
0190102
0190162
0190192
0190222
0190252
0190312
0190342
0190372
0190402
0190432
0190462
0190492
0191002
0191032
0191062
0191092
0191122
0191152
0191212
0191242
0191272
0191302
0191332
0191362
0191392
0191422
0191452
0191482
0191512
0191572
0191602
0191632
0191662
0191692
0191722
0191752
0191782
0191812
0191842
0191872
0191932
0191962
0191992
0192022
0192052
0192082
0192112
0192142
0192172
0192202
0192232
0192292
0192322
0192352
0192382
0192412
0192442
0192472
0192502
0192532
0192562
0192592
0192652
0192682
0193162
0193192
0193222
0193252
0193282
0193462
0193822
0193852
0193882
0193912
0193942
0193972
0194002
0194062
0194092
0194122
0194152
0194182
0194212
0194242
0194272
0194302
0194332
0194362
0194482
0194542
0194572
0194602
0194632
0194662
0194782
0195052
0195112
0195172
0195232
0195262
0195292
0195322
0195352
0195382
0195442
0195502
0195532
0195652
0195682
0195742
0195862
0195892
0195922
0196072
0196102
0196162
0196372
0196432
0196582
0196942
0197182
0197332
0198082
0198112
0198202
0198532
0198562
0198592
0198891
0198892
0198921
0199102
0199131
0199161
0199192
0199251
0199281
0199282
0199311
0199341
0199401
0199431
0199432
0199461
0199462
0199491
0199521
0199551
0199581
0199582
0199611
0199641
0199642
0199671
0199672
0199701
0199732
0199761
0199762
0199791
0199821
0199851
0199852
0199881
0199882
0199911
0199912
0199941
0199942
0199971
0199972
0200001
0200002
0200031
0200032
0200061
0200062
0200092
0200121
0200122
0200151
0200152
0200211
0200241
0200242
0200271
0200272
0200302
0200332
0200362
0200391
0200392
0200421
0200422
0200451
0200452
0200481
0200482
0200511
0200541
0200572
0200601
0200631
0200632
0200691
0200721
0200751
0200781
0200811
0200841
0200871
0200901
0200931
0200991
0201021
0201051
0201081
0201111
0201141
0201171
0201172
0201201
0201231
0201261
0201291
0201351
0201381
0201411
0201441
0201471
0201501
0201531
0201561
0201591
0201621
0201622
0201651
0201652
0201682
0201711
0201712
0201741
0201771
0201801
0201832
0201862
0201892
0201922
0201982
0202012
0202042
0202072
0202102
0202132
0202162
0202192
0202222
0202672
0202702
0202732
0202762
0202792
0202852
0202882
0202912
0202942
0202971
0202972
0203001
0203002
0203031
0203032
0203061
0203091
0203121
0203181
0203211
0203241
0203271
0203301
0203331
0203361
0203391
0203421
0203451
0203481
0203541
0203571
0203601
0203631
0203661
0203691
0203721
0203751
0203781
0203811
0203841
0203901
0203931
0203961
0203991
0204021
0204051
0204081
0204111
0204141
0204171
0204201
0204261
0204291
0204321
0204351
0204381
0204441
0204471
0204501
0204531
0204561
0204591
0204651
0204681
0204711
0204741
0204771
0204801
0204831
0204861
0204891
0204921
0204951
0205011
0205041
0205071
0205101
0205131
0205161
0205191
0205221
0205251
0205281
0205311
0205371
0205401
0205431
0205521
0205551
0205581
0205611
0205641
0205671
0205701
0205731
0205791
0205821
0205851
0205881
0205911
0205941
0205971
0206001
0206031
0206061
0206091
0206151
0206181
0206211
0206241
0206271
0206301
0206331
0206361
0206391
0206421
0206451
0206511
0206541
0206571
0206601
0206631
0206661
0206691
0206721
0206751
0206781
0206811
0206871
0206901
0206931
0206961
0206991
0207021
0207051
0207081
0207111
0207141
0207171
0207261
0207291
0207321
0207351
0207381
0207411
0207441
0207471
0207501
0207531
0207561
0207621
0207651
0207681
0207711
0207741
0207771
0207801
0207831
0207861
0207891
0207921
0207981
0208011
0208041
0208071
0208101
0208131
0208161
0208191
0208221
0208251
0208281
0208341
0208371
0208401
0208431
0208461
0208491
0208521
0208551
0208581
0208611
0208641
0208701
0208731
0208761
0208791
0208821
0208851
0208881
0208911
0208941
0208971
0209001
0209061
0209091
0209121
0209151
0209181
0209211
0209241
0209271
0209301
0209331
0209361
0209421
0209451
0209481
0209511
0209541
0209571
0209601
0209631
0209661
0209691
0209721
0209781
0209811
0209841
0209871
0209901
0209931
0209961
0209991
0210021
0210051
0210081
0210141
0210171
0210201
0210231
0210261
0210291
0210381
0210411
0210441
0210501
0210531
0210561
0210591
0210621
0210651
0210681
0210711
0210741
0210771
0210801
0210861
0211341
0212001
0212061
0212091
0212121
0212151
0212181
0212211
0212241
0212271
0212301
0212331
0212391
0212421
0212451
0212481
0212511
0212541
0212571
0212601
0212631
0212661
0212691
0212751
0212781
0212841
0212871
0212901
0212961
0212991
0213021
0213051
0213081
0213111
0213171
0213201
0213231
0213261
0213291
0213321
0213351
0213381
0213411
0213441
0213471
0213531
0213561
0213591
0213621
0213651
0213681
0213711
0213741
0213771
0213801
0213831
0213951
0213981
0214011
0214041
0214071
0214101
0214131
0214161
0214191
0214221
0214251
0214311
0214341
0214371
0214401
0214431
0214461
0214491
0214521
0214551
0214581
0214611
0214671
0214701
0214731
0214761
0214791
0214821
0214851
0214881
0214911
0214941
0214971
0215031
0215061
0215091
0215121
0215151
0215181
0215211
0215241
0215271
0215301
0215331
0215391
0215421
0215451
0215481
0215511
0215541
0215571
0215601
0215631
0215661
0215691
0215751
0215781
0215811
0215841
0215871
0215901
0215931
0215961
0215991
0216021
0216051
0216111
0216141
0216171
0216201
0216231
0216261
0216291
0216321
0216351
0216381
0216411
0216471
0216501
0216531
0216561
0216591
0216621
0216651
0216681
0216711
0216741
0216771
0217041
0217071
0217101
0217131
0217161
0217191
0217221
0217251
0217371
0217431
0218331
0218361
0218391
0218511
0218541
0218631
0218661
0218691
0218721
0218841
0218871
0218901
0218931
0218991
0219021
0219051
0219081
0219111
0219141
0219171
0219201
0219231
0219261
0219291
0219411
0219441
0219471
0219501
0219531
0219561
0219591
0219621
0219651
0219681
0219711
0219771
0219801
0219861
0219891
0219921
0219951
0219981
0220461
0220521
0220551
0220581
0220611
0220671
0220701
0220731
0220761
0220791
0220821
0220851
0220911
0220941
0220971
0221001
0221031
0221061
0221091
0221121
0221151
0221181
0221211
0221271
0221301
0221361
0221391
0221421
0221451
0221481
0221571
0221601
0221661
0221691
0221721
0221751
0221781
0221841
0221871
0222051
0222081
0222111
0222141
0222171
0222201
0222231
0222261
0222291
0222321
0222471
0222621
0222861
0222891
0222921
0222951
0222981
0223101
0223131
0223161
0223221
0223251
0223281
0223311
0223341
0223371
0223401
0223431
0223461
0223491
0223911
0223941
0224001
0224031
0224061
0224091
0224121
0224151
0224181
0224421
0225471
0225561
0226131
0226221
0226281
0226341
0226371
0226401
0227661
0227931
0227961
0227991
0228021
0228051
0228081
1124431
1124461
1124521
1124551
1124581
1124611
1124641
1124671
1124701
1124731
1124761
1124911
1124941
1124971
1125031
1125061
1125091
1125121
1125151
1125181
1125211
1125271
1125301
1125331
1125361
1125391
1125421
1125451
1125511
1125541
1125571
1125601
1125661
1125691
1125721
1125751
1125781
1125811
1125841
1125871
1125901
1125931
1125961
1126021
1126051
1126081
1126111
1126141
1126171
1126201
1126231
1126261
1126291
1126321
1126381
1126411
1126471
1126501
1126561
1126591
1126621
1126651
1126681
1126741
1126771
1126801
1126831
1126861
1126921
1126951
1126981
1127011
1127041
1127101
1127311
1127341
1127431
1127491
1127821
1127881
1127911
1128061
1128091
1128631
1128661
1128691
1128721
1128901
1128931
1129111
1129171
1129201
1129231
1129261
1129291
1129351
1129381
1129411
1129441
1129471
1129501
1129531
1129561
1129591
1129621
1129651
1129711
1129741
1129771
1129801
1129831
1129861
1129891
1129921
1129951
1129981
1130011
1130071
1130101
1130131
1130161
1130191
1130221
1130251
1130281
1130311
1130341
1130371
1130431
1130461
1130491
1130521
1130551
1130581
1130611
1130641
1130671
1130701
1130731
1130791
1130821
1130851
1130881
1130911
1130971
1131001
1131031
1131061
1131091
1131121
1131181
1131211
1131241
1131271
1131301
1131331
1131361
1131391
1131421
1131451
1131481
1131541
1131571
1131601
1131631
1131661
1131781
1131811
1131841
1132471
1132501
1132531
1132561
1132801
1132831
1132861
1132891
1132921
1132951
1133311
1133341
1133371
1133401
1133551
1133581
1133611
1133671
1134541
1135591
1135711
1135921
1136101
1136251
1136401
1136641
1136671
1136731
1136761
1136821
1136851
1136881
1136911
1137031
1137061
1137091
1137241
1137271
1137301
1138381
1138411
1138441
1138501
1138531
1138561
1138591
1138621
1138651
1138801
1138831
1138861
1138921
1138951
1138981
1139011
1139041
1139071
1139101
1139131
1139641
1139851
1140271
1140541
1140601
1140661
1140751
1141231
1141531
1141951
1141981
1142011
1143121
1143151
1143181
1143241
1143271
1143301
1143331
1143361
1143391
1143421
1143451
1143481
1143511
1143541
1143601
1143631
1143661
1144141
1144171
1144201
1144231
1144261
1144291
1144321
1144351
1144561
1144861
1145461
1145491
1145521
1145701
1145731
1145761
1145791
1145821
1146331
1146361
1146391
1146421
1146451
1146481
1146511
1146601
1146661
1146691
1146721
1146871
1146961
1147051
1147111
1147141
1147171
1147201
1147231
1147261
1147321
1147351
1147381
1147411
1147441
1147471
1147531
1147621
1147651
1147711
1147741
1147771
1147801
1147831
1147861
1147891
1147921
1147951
1147981
1148011
1148071
1148101
1148131
1148161
1148671
1148701
1148731
1148761
1148791
1148821
1148881
1148971
1149001
1149061
1149091
1149121
1149151
1149181
1149211
1149301
1149331
1149361
1149391
1149421
1149451
1149481
1149511
1149541
1149571
1149601
1149661
1149691
1149721
1149751
1149781
1149811
1149841
1149871
1149901
1149931
1149961
1150021
1150051
1150081
1150111
1150141
1150171
1150201
1150231
1150261
1150291
1150321
1150381
1150411
1150441
1150471
1150501
1150531
1150561
1150591
1150621
1150651
1150681
1150741
1150771
1150801
1150831
1150861
1150891
1150921
1150951
1150981
1151011
1151071
1151131
1151161
1151191
1151221
1151251
1151281
1151311
1151341
1151371
1151401
1151461
1151671
1151761
1151881
1153561
1153711
1154281
1206893
1206923
1206953
1206983
1207013
1207163
1207193
1207253
1207283
1207313
1207343
1207373
1207403
1207433
1207463
1207523
1208093
1208123
1208153
1209053
1209113
1209173
1209203
1209233
1209263
1209293
1209323
1209353
1209383
1209413
1209443
1209503
1209533
1209563
1209593
1209623
1209653
1209683
1209713
1209743
1209773
1209803
1209863
1209893
1209923
1209953
1209983
1210013
1210043
1210073
1210103
1210133
1210163
1210223
1210253
1210583
1210613
1210643
1210673
1210703
1210733
1210763
1210793
1210823
1210853
1210883
1210943
1210973
1211003
1211033
1211063
1211093
1211123
1211153
1211183
1211213
1211243
1211723
1211813
1211843
1211903
1211933
1211963
1212023
1212053
1212113
1212143
1212173
1212203
1212233
1212263
1212293
1212323
1212353
1212413
1212443
1212473
1212503
1212713
1212743
1212773
1212803
1212833
1213163
1213193
1213223
1213253
1213313
1213343
1213373
1213403
1213433
1213463
1213493
1213523
1213553
1213583
1213613
1214003
1214213
1214783
1214813
1214843
1214903
1214933
1214963
1214993
1215023
1215053
1215083
1215113
1215143
1215173
1215203
1215713
1215773
1215803
1215833
1215863
1215893
1215923
1215983
1216013
1216043
1216073
1216103
1216133
1216163
1216193
1216223
1216253
1216283
1216343
1216373
1216403
1216433
1216463
1216493
1216523
1216553
1216583
1216613
1216643
1216703
1216733
1216763
1216793
1216823
1216853
1216883
1216913
1216943
1216973
1217003
1217063
1217093
1217123
1217153
1217183
1217213
1217243
1217273
1217303
1217333
1217363
1217423
1217453
1217483
1217513
1217543
1217573
1217603
1217633
1217663
1217693
1217723
1217783
1217813
1217843
1217873
1217903
1217933
1217963
1217993
1218023
1218053
1218083
1218143
1218173
1218203
1218233
1218263
1218293
1218323
1218353
1218383
1218413
1218443
1218503
1218533
1218563
1218593
1218623
1218653
1218683
1218713
1218743
1218773
1218803
1218863
1218893
1218923
1218953
1218983
1219013
1219883
1221473
1222103
1222253
1222373
1222403
1222433
1222463
1222493
1222523
1222553
1222583
1222613
1222643
1222673
1222733
1222763
1222793
1222823
1222853
1222883
1222913
1222943
1222973
1223003
1223183
1223363
1223543
1223663
1223693
1223723
1223753
1223783
1223813
1223843
1223873
1223903
1223963
1223993
1224023
1224053
1224083
1224113
1224143
1224173
1224203
1224233
1224263
1224323
1224353
1224383
1224413
1224443
1224473
1224503
1224533
1224563
1224593
1224623
1224803
1224833
1224863
1224953
1225013
1225343
1226663
1226693
1226723
1226753
1226783
1226813
1226843
1226873
1226903
1226933
1226963
1227023
1227053
1227083
1227113
1227143
1227323
1227353
1227383
1227413
1227443
1227473
1227893
1227923
1227983
1228043
1228073
1228103
1228133
1228163
1228193
1228223
1228253
1228283
1228313
1228343
1228493
1228673
1228763
1228793
1228823
1228853
1228883
1228913
1228943
1228973
1229003
1229063
1229093
1229123
1229153
1229363
1229423
1229453
1229483
1229513
1229543
1229573
1229603
1229633
1229663
1229693
1229723
1229783
1229813
1229843
1229873
1229903
1230053
1230083
1230143
1230173
1230203
1230233
1230263
1230293
1230323
1230353
1230383
1230413
1230443
1230503
1230533
1230563
1230593
1230623
1230653
1230683
1230713
1230743
1230773
1230803
1230863
1230893
1230923
1230953
1230983
1231013
1231043
1231073
1231103
1231152
1231182
1231212
1231242
1231302
1231332
1231362
1231572
1231632
1232213
1232232
1232262
1232502
1232532
1232562
1232592
1232622
1232652
1232663
1232682
1232712
1232742
1232772
1232843
1232862
1232873
1232892
1232922
1232952
1232982
1233012
1233042
1233072
1233102
1233132
1233162
1233173
1233222
1233252
1233282
1233312
1233342
1233372
1233402
1233432
1233462
1233492
1233522
1233582
1233612
1233642
1233672
1233702
1233732
1233762
1233792
1233822
1233852
1233882
1233942
1233972
1234002
1234032
1234062
1234092
1234122
1234152
1234182
1234212
1234332
1234362
1234422
1234482
1234512
1234542
1234572
1234692
1234752
1234782
1234812
1234842
1234872
1234902
1234932
1235022
1235262
1235292
1235412
1235502
1235532
1235562
1235682
1235742
1235772
1235802
1235832
1235862
1235892
1235922
1235952
1235982
1236012
1236072
1236102
1236132
1236162
1236192
1236222
1236252
1236282
1236312
1236342
1236372
1236432
1236462
1236492
1236822
1236852
1236882
1236912
1236942
1236972
1237002
1237032
1237062
1237092
1237812
1237842
1237992
1238022
1238052
1238082
1238112
1238142
1238172
1238202
1238232
1238262
1238322
1238352
1238382
1238412
1238652
1239042
1239072
1239102
1239132
1239162
1239192
1239222
1239252
1239282
1239312
1239342
1239402
1239432
1239462
1239492
1239522
1239552
1239582
1239612
1239642
1239672
1239702
1239762
1239792
1239822
1239852
1239882
1239942
1239972
1240002
1240032
1240062
1240092
1240152
1240182
1240212
1240242
1240272
1240302
1240332
1240362
1240392
1240422
1240452
1240602
1240632
1241142
1241232
1241262
1241292
1241322
1241352
1241382
1241412
1241442
1241502
1241532
1241562
1241592
1241622
1241652
1241682
1241712
1241742
1241772
1241802
1241862
1241892
1241922
1241952
1241982
1242012
1242042
1242072
1242102
1242132
1242162
1242222
1242252
1242282
1242312
1242342
1242432
1242582
1242612
1242642
1242672
1242702
1243002
1243242
1243302
1243392
1243422
1243482
1243512
1243542
1243572
1243602
1243632
1243692
1243722
1243752
1243782
1243812
1243842
1244082
1244172
1244232
1244262
1244352
1244412
1244442
1244472
1244502
1244562
1244592
1244622
1244652
1244682
1244712
1244742
1244802
1244832
1244862
1244892
1244922
1244952
1244982
1245012
1245042
1245072
1245102
1245162
1245192
1245222
1245252
1245282
1245312
1245342
1245372
1245402
1245432
1245462
1245552
1245582
1245612
1245642
1245672
1245732
1245762
1245792
1245822
1245852
1245912
1245972
1246002
1246032
1246062
1246092
1246122
1246152
1246182
1246212
1246242
1246272
1246332
1246362
1246392
1246422
1246452
1246482
1246512
1246542
1246572
1246602
1246632
1246692
1246722
1246812
1246842
1246872
1246902
1246932
1246962
1246992
1247022
1247052
1247142
1247172
1247202
1247232
1247262
1247292
1247322
1247352
1247382
1247412
1247442
1247502
1247532
1247562
1247592
1247622
1247652
1247682
1247712
1247742
1247772
1247802
1247862
1247892
1247922
1247952
1247982
1248012
1248042
1248102
1248132
1248162
1248192
1248252
1248282
1248312
1248342
1248402
1248432
1248462
1248492
1248522
1248552
1248582
1248642
1248672
1248702
1248732
1248762
1248792
1248822
1248852
1248882
1248912
1248942
1249002
1249032
1249062
1249092
1249122
1249152
1249182
1249212
1249242
1249362
1249632
1249782
1249812
1249842
1249872
1249902
1249932
1249962
1250052
1250082
1250172
1250202
1250262
1250292
1250322
1250352
1250382
1250412
1250442
1250502
1250532
1250562
1250592
1250622
1250652
1250682
1250712
1250742
1250772
1250802
1250862
1250892
1250922
1250952
1251372
1251402
1251432
1251522
1251552
1251582
1251672
1251702
1251732
1251762
1251792
1251822
1251852
1251882
1251912
1251942
1251972
1252032
1252062
1252092
1252122
1252152
1252182
1252212
1252242
1252272
1252302
1252332
1252392
1252542
1252572
1252602
1252632
1252662
1252692
1252722
1252752
1252842
1252872
1252962
1252992
1253022
1253082
1253112
1253142
1253172
1253202
1253232
1253292
1253322
1253352
1253382
1253412
1253442
1253472
1253532
1253562
1253592
1253622
1253712
1253892
1253952
1254192
1254252
1254432
1254822
1254852
1254882
1254912
1255242
1255272
1255362
1255422
1255452
1255482
1255632
1255662
1255782
1255842
1255902
1255932
1255962
1255992
1256052
1256082
1256112
1256142
1256172
1256202
1256232
1256262
1256292
1256322
1256352
1256682
1256742
1256772
1256802
1256862
1256892
1256922
1256952
1256982
1257012
1257042
1257102
1257132
1257162
1257192
1257222
1257252
1257282
1257312
1257342
1257372
1257402
1257462
1257492
1257522
1257552
1257582
1257612
1257642
1257672
1257702
1257732
1257762
1257822
1257852
1257882
1257912
1257942
1257972
1258002
1258032
1258062
1258092
1270140
1270170
1270230
1270260
1270530
1270560
1270590
1270620
1270650
1270680
1270710
1270740
1270770
1270800
1270830
1270890
1270920
1270950
1270980
1271010
1271040
1271070
1271100
1271130
1271340
1271370
1271400
1271550
1271580
1271610
1271670
1271700
1271730
1271760
1271790
1271880
1271910
1271940
1271970
1272210
1272240
1272270
1272300
1272330
1272480
1272510
1272600
1272720
1273140
1273410
1273740
1273890
1274010
1274130
1274250
1274640
1274850
1274940
1275600
1275630
1275660
1275690
1275720
1275750
1275780
1275810
1275840
1275870
1275930
1275960
1275990
1276020
1276050
1276080
1276110
1276140
1276170
1276200
1276230
1276290
1276320
1276350
1276380
1276410
1276440
1276470
1276500
1276530
1276560
1276590
1276650
1276680
1276710
1276740
1276770
1276800
1276830
1276860
1276890
1276920
1276950
1277010
1277040
1277070
1277100
1277130
1277160
1277190
1277220
1277250
1277280
1277310
1277370
1277400
1277430
1277460
1277490
1277520
1277550
1277580
1277610
1277640
1277670
1277760
1277790
1277850
1277880
1277940
1277970
1278000
1278030
1278060
1278090
1278120
1278210
1278240
1278270
1278300
1278330
1278360
1278450
1278480
1278510
1278570
1278600
1278720
1278750
1278780
1278810
1278840
1278870
1278930
1279620
1279650
1279710
1279740
1279770
1279800
1279830
1279860
1279890
1279950
1279980
1280040
1280100
1280130
1280160
1280190
1280220
1280250
1280280
1280310
1280460
1280490
1280520
1280550
1280580
1280610
1280640
1280700
1280730
1280790
1280820
1280850
1280880
1280910
1280940
1280970
1281000
1281030
1281060
1281090
1281150
1281180
1281210
1281240
1281270
1281300
1281330
1281360
1281390
1281420
1281450
1281510
1281540
1281570
1281600
1281630
1281660
1281690
1281720
1281750
1281780
1281810
1281870
1281900
1281930
1281960
1281990
1282020
1282050
1282080
1282110
1282140
1282170
1282230
1282260
1282290
1282320
1282350
1282380
1282410
1282440
1282470
1282500
1282530
1282590
1282620
1282650
1282680
1282710
1282740
1282770
1282800
1282830
1282860
1282890
1282950
1282980
1283010
1283040
1283070
1283100
1283130
1283160
1283190
1283220
1283250
1283310
1283340
1283370
1283400
1283430
1283460
1283490
1283520
1283550
1283580
1283610
1283670
1283700
1283730
1283760
1283790
1283820
1283850
1283880
1283910
1283940
1283970
1284030
1284060
1284090
1284120
1284150
1284180
1284210
1284240
1284270
1284300
1284330
1284390
1284420
1284450
1284480
1284510
1284540
1284570
1284600
1284630
1284660
1284690
1284750
1284780
1284810
1284840
1284870
1284900
1284930
1284960
1284990
1285020
1285050
1285110
1285140
1285170
1285590
1285620
1285680
1285710
1285740
1285770
1285830
1285860
1285890
1285920
1285950
1285980
1286010
1286040
1286070
1286340
1286370
1286430
1286460
1286490
1286520
1286550
1286580
1286610
1286640
1286670
1286700
1286730
1286790
1286820
1286850
1286880
1286910
1286940
1286970
1287000
1287090
1287150
1287180
1287210
1287240
1287270
1287300
1287330
1287360
1287390
1287450
1287510
1287540
1287570
1287600
1287630
1287660
1287690
1287720
1287750
1287780
1287810
1287870
1287900
1287930
1287960
1287990
1288020
1288050
1288080
1288110
1288140
1288530
1288710
1288950
1289040
1289070
1289190
1289310
1289670
1289760
1290000
1290030
1290120
1290390
1290450
1290630
1290840
1291410
1291620
1291770
1292130
1292280
1292310
1292340
1292370
1292400
1292430
1292460
1292490
1292550
1292640
1292670
1292700
1292730
1292760
1292790
1292820
1292850
1292910
1292940
1292970
1293000
1293030
1293060
1293090
1293120
1293150
1293180
1293210
1293270
1293300
1293330
1293360
1293480
1293660
1293690
1294110
1294170
1294200
1294230
1294260
1294290
1294320
1294350
1294380
1294410
1294440
1294470
1294530
1294560
1294590
1294620
1294650
1294890
1294920
1294950
1294980
1295010
1295040
1295070
1295100
1295310
1295430
1295460
1295490
1295520
1295550
1295910
1295940
1295970
1296000
1296360
1296390
1296420
1296690
1296720
1296750
1296780
1296960
1296990
1297020
1297050
1297080
1297110
1297140
2267112
2267142
2267172
2267202
2267232
2267262
2267292
2267502
2267532
2267562
2267802
2267832
2267862
2267892
2267952
2267982
2268072
2268102
2268132
2268162
2268192
2268222
2268282
2268342
2268432
2268492
2268552
2268582
2268612
2268642
2268702
2268732
2268762
2268792
2268822
2268852
2268912
2269062
2269122
2269152
2269212
2269242
2269272
2269332
2269362
2269392
2269422
2269452
2269482
2269512
2269542
2269572
2269602
2269632
2269692
2269722
2269752
2269782
2269812
2269842
2269872
2269902
2269932
2269962
2269992
2270052
2270082
2270112
2270142
2270172
2270202
2270232
2270262
2270292
2270352
2270382
2270442
2270472
2270532
2270562
2270592
2270652
2270682
2270712
2270742
2270772
2270802
2270862
2270892
2270922
2270952
2270982
2271012
2271042
2271072
2271102
2271132
2271162
2271222
2271252
2271282
2271312
2271342
2271372
2271402
2271432
2271462
2271492
2271522
2271582
2271612
2271642
2271672
2271702
2271732
2271762
2271792
2271822
2271852
2271942
2272002
2272032
2272062
2272092
2272122
2272182
2272212
2272242
2272272
2272302
2272362
2272392
2272422
2272452
2272482
2272512
2272542
2272752
2272782
2272812
2272842
2272872
2272902
2272932
2272962
2272992
2273022
2273082
2273112
2273142
2273172
2273202
2273232
2273262
2273292
2273322
2273352
2273382
2273622
2273652
2273682
2273712
2273742
2273772
2273802
2273832
2273862
2273892
2273922
2273982
2274012
2274042
2274132
2274162
2274192
2274222
2274282
2274342
2274372
2274402
2274432
2274462
2274492
2274522
2274552
2274582
2274612
2274642
2274702
2274732
2274762
2274792
2274822
2274852
2274882
2274912
2274942
2274972
2275002
2275062
2275092
2275122
2275152
2275182
2275212
2275362
2275422
2275452
2275482
2275512
2275523
2275542
2275553
2275572
2275583
2275602
2275613
2275632
2275643
2275662
2275692
2275703
2275722
2275782
2275793
2275812
2275823
2275842
2275872
2275883
2276022
2276273
2276453
2276483
2276513
2276532
2276543
2276592
2276603
2276622
2276652
2276682
2276712
2276742
2276772
2276802
2276832
2276843
2276892
2276922
2276952
2276982
2277012
2277042
2277072
2277083
2277102
2277113
2277132
2277162
2277192
2277252
2277282
2277312
2277342
2277402
2277432
2277462
2277492
2277522
2277552
2277582
2277642
2277672
2277852
2277942
2277972
2278002
2278032
2278122
2278212
2278272
2278392
2278632
2278673
2278692
2278722
2278812
2279082
2279093
2279112
2279123
2279172
2279183
2279202
2279213
2279243
2279273
2279292
2279303
2279333
2279393
2279423
2279453
2279483
2279502
2279513
2279532
2279573
2279603
2279633
2279652
2279663
2279682
2279693
2279712
2279723
2279742
2279753
2279772
2279783
2279802
2279813
2279832
2279843
2279862
2279873
2279892
2279922
2279933
2279952
2279963
2279993
2280012
2280042
2280072
2280102
2280132
2280162
2280192
2280222
2280252
2280282
2280312
2280353
2280372
2280383
2280413
2280432
2280443
2280462
2280473
2280492
2280503
2280522
2280533
2280563
2280582
2280593
2280653
2280672
2280683
2280713
2280743
2280773
2280792
2280803
2280822
2280833
2280852
2280863
2280882
2280893
2280923
2280942
2280953
2280972
2281002
2281013
2281032
2281043
2281062
2281073
2281092
2281103
2281122
2281133
2281152
2281163
2281182
2281193
2281212
2281223
2281242
2281253
2281283
2281302
2281313
2281332
2281362
2281373
2281392
2281403
2281422
2281433
2281452
2281463
2281482
2281493
2281512
2281523
2281542
2281553
2281572
2281583
2281602
2281613
2281643
2281662
2281673
2281692
2281722
2281733
2281763
2281793
2281823
2281853
2281883
2281913
2281943
2281973
2282003
2282033
2282082
2282093
2282112
2282123
2282142
2282153
2282172
2282183
2282202
2282213
2282232
2282243
2282262
2282273
2282292
2282303
2282322
2282333
2282363
2282382
2282393
2282412
2282442
2282453
2282472
2282483
2282502
2282513
2282532
2282543
2282573
2282603
2282622
2282633
2282652
2282663
2282682
2282693
2282712
2282723
2282742
2282753
2282802
2282813
2282832
2282843
2282862
2282873
2282892
2282903
2282933
2282952
2282963
2282982
2282993
2283012
2283023
2283042
2283053
2283072
2283083
2283102
2283113
2283162
2283173
2283192
2283203
2283222
2283233
2283252
2283263
2283282
2283293
2283323
2283353
2283383
2283402
2283413
2283443
2283462
2283473
2283522
2283533
2283563
2283593
2283623
2283653
2283683
2283713
2283743
2283773
2283803
2283833
2283893
2283923
2283953
2283983
2284013
2284032
2284043
2284073
2284103
2284133
2284163
2284182
2284193
2284212
2284242
2284253
2284272
2284283
2284302
2284313
2284332
2284343
2284362
2284373
2284392
2284403
2284463
2284482
2284493
2284523
2284542
2284553
2284583
2284602
2284632
2284662
2284692
2284703
2284722
2284752
2284782
2284812
2284842
2284902
2284932
2284962
2284992
2285022
2285052
2285082
2285112
2285142
2285172
2285202
2285213
2285243
2285262
2285273
2285292
2285303
2285322
2285333
2285352
2285363
2285382
2285412
2285423
2285442
2285453
2285483
2285513
2285543
2285562
2285573
2285603
2285622
2285633
2285652
2285663
2285682
2285693
2285712
2285723
2285742
2285802
2285832
2285922
2286702
2286762
2286852
2287032
2287062
2287073
2287092
2287122
2287212
2287253
2287272
2287283
2287343
2287373
2287403
2287433
2287463
2287493
2287523
2287542
2287553
2287572
2287583
2287613
2287632
2287643
2287662
2287692
2287703
2287722
2287733
2287752
2287763
2287793
2287823
2287853
2287883
2287902
2287913
2287943
2287962
2287973
2287992
2288003
2288063
2288082
2288093
2288112
2288123
2288142
2288153
2288172
2288183
2288202
2288213
2288232
2288243
2288273
2288292
2288303
2288333
2288352
2288363
2288412
2288423
2288453
2288483
2288513
2288532
2288543
2288573
2288603
2288622
2288633
2288652
2288663
2288682
2288693
2288712
2288723
2288742
2288772
2288783
2288802
2288832
2288862
2288892
2288922
2288982
2289012
2289042
2289072
2289102
2289132
2289162
2289192
2289222
2289252
2289282
2289342
2289372
2289402
2289432
2289462
2289492
2289522
2289552
2289582
2289612
2289642
2289702
2289732
2289762
2289792
2289852
2289882
2289912
2289942
2289972
2290092
2290122
2290152
2290212
2290242
2290272
2290302
2290373
2290403
2290433
2290463
2290493
2290512
2290523
2290553
2290643
2290673
2290703
2290722
2290733
2290752
2290763
2290793
2290812
2290823
2290842
2290853
2290883
2290913
2290943
2290962
2290992
2291003
2291022
2291033
2291063
2291082
2291093
2291112
2291123
2291153
2291172
2291183
2291202
2291213
2291232
2291273
2291303
2291333
2291393
2291412
2291423
2291442
2291453
2291472
2291483
2291513
2291532
2291543
2291573
2291592
2291603
2291622
2291633
2291652
2291663
2291682
2291693
2291712
2291742
2291753
2291772
2291783
2291802
2291832
2291843
2291873
2291892
2291903
2291922
2291933
2291952
2291963
2291982
2291993
2292012
2292023
2292042
2292053
2292072
2292083
2292102
2292132
2292143
2292162
2292173
2292192
2292203
2292233
2292252
2292263
2292282
2292293
2292312
2292323
2292342
2292353
2292372
2292383
2292402
2292413
2292432
2292443
2292462
2292492
2292503
2292522
2292533
2292552
2292612
2292642
2292672
2292702
2292732
2292762
2292792
2292822
2292852
2292882
2292912
2292972
2292983
2293002
2293032
2293092
2293272
2293302
2293392
2293422
2293452
2293482
2293512
2293572
2293602
2293632
2293662
2293692
2293722
2293752
2293782
2293812
2293842
2293872
2293932
2293962
2293992
2294022
2294052
2294082
2294363
2294393
2294423
2294483
2295923
2295953
2295983
2296013
2296073
2296103
2296133
2296163
2296193
2296223
2296253
2296283
2296313
2296343
2296373
2296433
2296463
2296493
2296523
2296553
2296583
2296613
2296643
2296673
2296703
2296793
2296883
2296913
2296943
2296973
2297003
2297033
2297063
2297093
2297123
2297153
2297213
2297243
2297273
2297303
2297333
2297363
2297663
2297693
2297723
2297753
2297813
2297843
2297873
2297933
2297963
2298233
2298293
2298323
2298353
2298383
2298413
2298443
2298473
2298503
2298533
2298563
2298683
2298743
2298773
2298803
2298833
2298863
2298893
2298923
2298953
2298983
2299013
2299043
2301563
2301593
2301623
2301653
2301683
2301713
2301743
2301773
2301833
2301863
2301893
2301923
2301953
2301983
2302013
2302043
2302073
2302103
2302133
2302193
2302223
2302313
2302343
2302373
2302403
2302433
2302463
2302493
2302523
2302553
2327460
2327490
2327520
2327550
2327580
2327610
2327640
2327670
2327700
2327730
2327760
2327820
2327850
2328000
2328030
2328060
2328090
2328120
2328180
2328210
2328240
2328270
2328300
2328330
2328360
2328390
2328420
2328450
2328480
2328540
2328570
2328600
2328630
2328660
2328720
2328750
2328780
2328810
2328840
2329020
2329050
2329080
2329110
2329140
2329170
2329200
2329230
2329260
2329350
2329380
2329410
2329440
2329710
2329740
2329770
2329800
2329830
2329860
2329890
2329920
2329950
2329980
2330010
2330070
2330100
2330130
2330160
2330190
2330220
2330250
2330280
2330310
2330370
2330400
2330670
2330700
2330730
2330760
2330790
2330850
2330880
2330910
2330940
2330970
2331000
2331030
2331060
2331090
2331120
2331150
2331210
2331240
2331270
2331300
2331330
2331360
2331390
2331450
2331480
2331510
2331540
2331600
2331630
2331660
2331690
2331720
2331750
2331780
2331810
2331840
2331870
2331900
2331990
2332020
2332050
2332080
2332110
2332140
2332170
2332200
2332230
2332260
2332290
2332350
2332380
2332410
2332440
2332470
2332500
2332530
2332560
2332590
2332620
2332650
2332710
2332740
2332770
2332800
2332830
2332860
2332890
2332920
2332950
2332980
2333040
2333100
2333130
2333190
2333220
2333280
2333310
2333340
2333370
2333400
2333430
2333490
2333610
2333640
2333670
2333700
2333730
2333760
2333790
2333820
2333850
2333880
2333910
2333970
2334660
2334720
2334780
2336670
2336700
2337060
2337120
2337270
2337300
2337390
2337570
2337660
2337870
2337990
2338110
2338740
2338800
2338830
2338860
2338890
2338920
2338950
2338980
2339010
2339040
2339070
2339100
2339160
2339190
2339220
2339250
2339280
2339310
2339340
2339370
2339400
2339430
2339670
2339700
2339730
2339760
2341260
2341350
2341380
2341410
2341470
2341500
2341530
2341620
2341650
2341680
2341710
2341740
2341770
2341830
2341860
2341890
2341980
2342010
2342040
2342070
2342100
2342130
2342190
2342220
2342250
2342280
2342310
2342340
2342370
2342400
2342430
2342460
2342490
2342550
2342580
2342610
2342640
2342670
2342700
2342730
2342760
2342790
2342820
2342850
2342910
2342940
2342970
2343000
2343030
2343060
2343090
2343120
2343150
2343270
2343300
2343330
2343360
2343390
2343420
2343450
2343480
2343510
2343540
2343570
2343630
2343660
2343690
2343720
2343750
2343780
2343810
2343840
2343870
2343900
2343930
2343990
2344080
2344110
2344140
2344170
2344200
2344230
2344260
2344290
2344350
2344380
2344410
2344440
2344470
2344500
2344530
2344560
2344590
2345070
2345100
2345130
2345250
2345310
2345340
2345370
2345400
2345460
2345490
2345670
2345700
2345730
2345760
2345790
2345820
2345850
2345880
2345910
2345981
2346030
2346041
2346060
2346071
2346090
2346101
2346120
2346131
2346150
2346161
2346180
2346191
2346210
2346221
2346240
2346251
2346270
2346281
2346311
2346330
2346341
2346401
2346431
2346461
2346600
2346690
2346720
2346731
2346750
2346780
2346810
2346870
2346900
2346930
2346960
2346990
2347020
2347050
2347080
2347110
2347121
2347140
2347151
2347170
2347230
2347260
2347290
2347320
2347331
2347350
2347361
2347380
2347391
2347410
2347440
2347451
2347470
2347481
2347500
2347511
2347530
2347541
2347571
2347590
2347601
2347620
2347631
2347650
2347661
2347680
2347691
2347710
2347721
2347740
2347751
2347800
2347811
2347830
2347841
2347860
2347871
2347890
2347901
2347931
2347950
2347961
2347980
2347991
2348021
2348040
2348051
2348070
2348081
2348100
2348111
2348130
2348160
2348171
2348190
2348220
2348250
2348321
2348351
2348381
2348411
2348441
2348471
2348490
2348520
2348531
2348561
2348591
2348621
2348681
2348771
2348801
2348831
2348891
2348921
2348940
2348970
2349000
2349030
2349060
2349071
2349090
2349120
2349180
2349210
2349240
2349270
2349300
2349330
2349431
2349450
2349480
2349540
2349570
2349581
2349611
2349690
2349720
2349750
2349780
2349810
2349840
2349851
2349900
2349930
2349960
2349990
2350001
2350020
2350031
2350050
2350061
2350080
2350110
2350140
2350170
2350181
2350200
2350211
2350260
2350290
2350320
2350350
2350380
2350410
2350440
2350470
2350500
2350530
2350560
2350620
2350631
2350650
2350661
2350680
2350691
2350710
2350721
2350751
2350781
2350811
2350841
2350871
2350890
2350901
2350920
2350950
2350961
2350980
2350991
2351010
2351021
2351040
2351051
2351070
2351081
2351111
2351130
2351141
2351160
2351171
2351190
2351201
2351220
2351231
2351250
2351280
2351291
2351310
2351340
2351370
2351381
2351400
2351411
2351430
2351441
2351471
2351490
2351501
2351520
2351531
2351550
2351580
2351610
2351640
2351670
2351700
2351711
2351730
2351741
2351760
2351790
2351801
2351850
2351861
2351880
2351891
2351910
2351940
2351970
2352000
2352030
2352060
2352090
2352120
2352131
2352150
2352161
2352191
2352210
2352221
2352240
2352251
2352270
2352281
2352311
2352341
2352371
2352401
2352431
2352491
2352521
2352551
2352581
2352611
2352641
2352671
2352701
2352731
2352750
2352761
2352791
2352840
2352851
2352870
2352881
2352900
2352911
2352930
2352941
2352960
2352971
2352990
2353001
2353031
2353050
2353061
2353080
2353091
2353110
2353121
2353140
2353151
2353170
2353200
2353211
2353230
2353241
2353260
2353271
2353290
2353301
2353320
2353331
2353350
2353361
2353391
2353410
2353421
2353440
2353451
2353470
2353481
2353500
2353511
2353530
2353560
2353571
2353601
2353620
2353631
2353650
2353680
2353710
2353721
2353770
2353800
2353830
2353860
2353890
2353920
2353950
2353980
2354010
2354040
2354070
2354081
2354130
2354160
2354190
2354220
2354250
2354280
2354951
2354981
2355011
2355071
2355101
2355131
2355161
2355191
2355221
2355251
2355281
2355311
2355341
2355371
2355431
2355461
2355491
2355521
2355551
2355581
2355611
2355641
2355671
2355701
2355731
2355791
2355821
2355851
2355881
2355911
2355941
2355971
2356001
2356031
2356061
2356091
2356151
2356181
2356211
2356241
2356271
2356301
2356331
2356361
2356391
2356421
2356451
2356511
2356541
2356571
2356601
2356631
2356661
2356691
2356721
2356751
2356781
2356811
2356871
2356901
2356931
2356961
2356991
2357021
2357051
2357081
2357111
2357141
2357171
2357231
2357261
2357291
2357321
2357351
2357381
2357411
2357441
2357471
2357501
2357531
2357591
2357621
2357651
2357681
2357711
2357741
2357771
2357801
2357831
2357861
2357891
2357951
2357981
2358011
2358041
2358071
2358101
2358131
2358161
2358191
2358221
2358251
2358311
2358341
2358371
2358401
2358431
2358461
2358491
2358521
2358551
2358581
2358611
2358671
2358701
2358731
2358761
2358791
2358821
2358851
2358881
2358911
2358941
2358971
2359031
2359061
2359091
2359121
2359151
2359181
2359211
2359241
2359271
2359331
2359361
2359421
2359451
2359481
2359511
2359541
2359571
2359601
2359631
2359661
2359691
2359721
2359781
2359811
2359841
2359871
2359901
2359931
2359961
2360051
2360111
2360141
2360171
2360231
2360261
2360291
2360321
2360351
2360381
2360411
2360441
2360471
2360501
2360531
2360591
2360621
2360651
2360681
2360711
2360741
2360771
2360801
2360831
2360861
2360891
2360951
2360981
2361011
2361041
2361071
2361101
2361131
2361161
2361191
2361221
2361251
2361311
2361341
2361371
2361401
2361431
2361461
2361491
2361521
2361551
2361581
2361611
2361671
2361701
2361731
2361761
2361791
2361821
2361971
2362031
2362061
2362091
2362121
2362151
2362181
2362211
2362241
2362271
2362301
2362331
2362391
2362421
2362451
2362481
2362511
2362541
2362571
2362601
2362631
2362661
2362691
2362751
2362781
2362811
2362841
2362871
2362901
2362931
2362961
2362991
2363021
2363051
2363111
2363141
2363171
2363201
2363231
2363261
2363291
2363321
2363351
2363381
2363441
2363501
2363531
2363561
2363591
2363621
2363651
2363681
2363711
2363741
2363771
2363801
2363861
2363891
2363921
2363951
2363981
2364011
2364041
2364071
2364101
2364131
2364161
2364221
2364941
2364971
2365001
2365031
2365091
2365301
2365331
2365361
2365391
2365421
2365451
2365481
2365511
2365541
2365571
2365601
2365661
2365691
2365751
2365781
2365811
2365841
2365901
2365931
2365961
2365991
2366021
2366171
2366201
2366231
2366261
2366741
2366771
2366801
2366861
2366891
2367161
2367191
2367221
2367251
2367281
2367311
2367341
2367371
2367401
2367431
2367461
2367521
2367551
2367581
2367611
2367641
2367671
2367701
2367731
2367761
2367791
2367821
2367881
2367911
2368061
2368091
2368121
2368151
2368181
2368211
2368241
2368271
2368301
2368361
2368481
2368511
2368541
2368571
2368601
2368631
2368661
2368691
2368721
2368751
2368811
2368841
2368871
2368901
2368931
2368961
2368991
2369021
2369051
2369081
2369111
2369171
2369201
2369231
2369261
2369291
2369321
2369351
2369381
2369411
2369441
2369471
2369531
2369561
2369591
2369621
2369651
2369681
2369711
2369741
2369771
2369801
2369831
2369921
2369951
2369981
2370011
2370041
2370071
2370101
2370131
2370161
2370191
2370221
2370281
2370311
2370341
2370371
2370401
2370431
2370461
2370491
2370521
2370551
2370581
2370641
2370671
2370701
2370731
2370761
2370911
2370971
2371151
2371181
2371211
2371241
2371301
2371331
2371361
2371391
2371421
2371451
2371481
2371511
2371541
2371571
2371601
2371661
2371691
2371751
2371781
2371811
2371841
2371871
2371901
2371931
2371961
2372021
2372051
2372081
2372111
2372141
2372171
2372201
2372231
2372261
2372291
2372321
2372381
2372411
2372441
2372471
2372501
2372561
2372891
2372921
2372951
2372981
2373011
2373041
2373071
2373131
2373161
2373191
2373221
2373251
2373281
2373311
2373401
2373491
2373521
2373551
2373581
2373611
2373671
2373821
2373851
2373881
2373911
2373971
2374001
2374211
2374241
2374271
2374301
2374811
2374841
2374871
2374901
2374961
2374991
2375021
2375051
2375081
2375111
2375141
2375171
2375891
2375921
2375951
2375981
2376011
2376041
2376071
3301362
3301392
3301422
3301482
3301512
3301572
3301602
3301782
3301812
3301842
3302262
3302292
3302322
3302352
3302922
3302952
3302982
3303042
3303072
3303102
3303162
3303192
3303222
3303252
3303312
3303372
3303402
3303432
3303462
3303492
3303522
3303552
3303642
3303702
3303732
3303762
3303822
3303852
3303882
3303912
3303942
3303972
3304002
3304032
3304062
3304092
3304122
3304182
3304212
3304242
3304272
3304302
3304332
3304362
3304392
3304422
3304452
3304482
3304572
3304602
3304632
3304662
3304692
3304722
3304752
3304782
3304812
3304842
3304902
3304932
3304992
3305022
3305052
3305082
3305112
3305142
3305172
3305202
3305232
3305292
3305322
3305352
3305382
3305412
3305442
3305472
3305502
3305532
3305562
3305592
3305652
3305682
3305712
3305742
3305772
3305892
3305922
3305952
3305982
3306012
3306042
3306102
3306132
3306162
3306222
3306282
3306342
3306372
3306402
3306462
3306492
3306522
3306582
3306612
3306642
3306672
3306702
3306732
3306762
3306792
3306822
3307002
3307152
3307182
3307212
3307242
3307272
3307302
3307332
3307362
3307392
3307422
3307452
3307512
3307542
3307572
3307602
3307632
3307662
3307692
3307722
3307752
3307782
3307812
3307872
3307902
3307932
3307962
3307992
3308022
3308052
3308082
3308112
3308142
3308172
3308232
3308292
3308322
3308352
3308382
3308412
3308442
3308472
3308502
3308532
3308562
3308622
3308652
3308682
3308712
3308742
3308772
3308802
3309042
3309072
3309132
3309162
3309192
3309222
3309252
3309282
3309312
3309372
3309402
3309582
3309612
3309762
3309792
3309882
3309912
3310092
3310152
3310242
3310272
3310302
3310812
3310872
3310962
3311262
3311292
3311322
3311562
3311592
3312162
3312192
3312222
3312252
3312282
3312312
3312342
3312402
3312522
3312552
3312582
3312612
3312642
3312672
3312702
3312732
3312762
3312792
3313392
3313422
3313482
3313512
3313542
3313572
3313632
3313662
3313692
3313722
3313752
3313782
3313812
3313842
3313872
3313902
3313932
3313992
3314022
3314052
3314082
3314112
3314142
3314172
3314202
3314232
3314262
3314292
3314352
3314382
3314412
3314442
3314472
3314502
3314562
3314592
3314622
3314652
3314682
3314742
3314772
3314802
3314832
3314862
3314892
3314922
3314952
3314982
3315042
3315102
3315132
3315162
3315192
3315222
3315252
3315282
3315312
3315342
3315372
3315402
3315462
3315492
3315522
3315552
3315582
3315612
3315642
3315672
3315702
3315732
3315762
3315822
3315852
3315882
3315912
3315942
3315972
3316002
3316032
3316062
3316092
3316122
3316182
3316212
3316242
3316272
3316302
3316332
3316362
3316392
3316422
3316542
3317082
3317112
3317142
3317172
3317202
3317232
3317322
3317352
3317382
3318522
3318702
3318762
3318792
3318852
3318912
3318972
3319152
3319182
3319212
3319242
3319302
3319362
3319392
3319422
3319452
3319482
3319542
3319572
3319602
3319662
3319692
3319722
3319752
3319782
3319812
3319842
3319872
3319962
3319992
3320172
3320202
3320232
3320262
3320292
3321042
3321072
3321132
3321162
3321222
3321282
3321312
3321342
3321372
3321402
3321432
3321462
3321492
3321522
3321552
3321612
3321642
3321672
3321702
3321732
3321762
3321792
3321822
3321852
3321882
3321912
3321972
3322002
3322032
3322062
3322092
3322122
3322152
3322182
3322212
3322242
3322272
3322332
3322362
3322392
3322422
3322452
3322482
3322542
3322602
3322632
3322662
3322692
3322752
3322782
3323142
3323172
3323202
3323232
3323262
3323292
3323382
3323412
3323442
3323532
3323562
3323592
3323622
3323652
3323682
3323712
3323742
3323772
3323802
3323832
3323892
3323922
3323952
3323982
3324012
3324042
3324072
3324102
3324132
3324162
3324192
3324252
3324282
3324312
3324342
3324372
3324402
3324432
3324462
3324492
3324522
3326082
3326142
3326172
3326202
3326232
3326262
3326292
3326322
3326352
3326412
3326442
3326472
3326532
3326592
3326622
3326652
3326682
3326742
3326772
3326802
3326832
3326862
3326892
3326982
3327012
3327072
3327102
3327132
3327162
3327192
3327222
3327252
3327282
3327312
3327372
3327402
3327432
3327462
3327492
3327522
3327552
3327582
3327612
3327642
3327702
3327792
3327822
3327852
3327882
3327912
3327942
3327972
3328002
3328032
3328062
3328092
3328152
3328182
3328212
3328242
3328272
3328302
3328332
3328422
3328452
3328482
3328512
3328572
3352573
3352603
3352663
3352693
3352723
3352753
3352783
3352813
3352843
3352873
3352903
3352933
3352963
3353023
3353053
3353083
3353113
3353143
3353173
3353203
3353233
3353263
3353293
3353323
3353383
3353413
3353443
3353473
3353503
3353533
3353563
3353593
3353623
3353653
3353683
3353743
3353773
3353803
3353833
3353863
3353983
3354403
3354463
3354493
3354523
3354553
3355033
3355243
3355303
3355333
3355363
3355393
3355423
3355453
3355483
3355543
3355573
3355603
3355633
3355663
3355693
3355723
3355753
3355783
3356053
3356083
3356113
3356143
3356173
3356203
3356233
3356263
3356323
3356353
3356413
3356443
3356473
3356503
3356533
3356563
3356593
3356623
3356653
3356713
3356743
3356773
3356803
3356833
3356863
3356893
3356923
3356953
3356983
3357013
3357073
3357103
3357133
3357163
3357193
3357223
3357283
3357313
3357343
3357373
3357403
3357463
3357493
3357523
3357553
3358033
3358063
3358783
3358813
3358843
3358873
3358903
3358933
3358963
3358993
3359053
3359083
3359113
3359143
3359203
3359233
3359593
3359623
3359653
3359683
3359713
3359743
3359773
3359833
3359863
3359893
3359923
3359953
3360013
3360043
3360073
3360133
3360193
3360223
3360253
3360283
3360613
3360643
3360703
3360823
3360853
3360913
3361033
3361063
3361093
3361273
3361303
3361333
3361363
3361393
3361543
3361573
3361633
3361663
3361693
3361723
3361753
3361783
3363253
3363283
3363313
3363343
3363373
3363433
3363463
3363493
3363523
3363553
3363583
3363643
3363673
3363703
3363733
3363763
3363793
3363823
3363853
3363883
3363913
3363943
3364003
3364033
3364063
3364093
3364123
3364153
3364183
3364213
3364243
3364273
3364303
3364363
3364393
3364453
3364483
3364513
3364603
3365113
3365563
3365593
3365623
3365653
3365683
3365713
3365743
3366073
3366103
3366133
3366163
3366193
3367693
3367723
3367783
3367813
3367843
3367873
3367903
3367933
3367963
3367993
3368023
3368053
3368083
3368143
3368173
3368203
3368233
3368263
3368293
3368323
3368353
3368383
3368413
3368443
3368503
3368533
3368563
3368593
3368623
3368653
3368683
3368713
3368743
3368773
3368803
3368863
3368893
3368923
3368953
3368983
3369013
3369043
3369073
3369103
3369133
3369163
3369223
3369253
3369283
3369313
3369343
3369373
3369403
3369433
3369463
3373093
3373123
3373153
3373183
3373213
3373243
3373273
3373303
3373333
3373363
3373453
3373663
3373873
3373963
3374413
3374443
3374473
3374503
3374533
3374563
3374593
3374623
3374653
3374683
3374713
3374773
3374803
3374833
3374863
3374893
3374923
3374953
3374983
3375013
3375043
3375073
3375133
3375163
3375193
3375223
3375253
3375283
3375313
3375403
3375553
3375913
3376213
3376333
3376423
3376453
3376513
3379363
3379393
3379423
3379453
3379513
3379543
3379603
3379633
3379663
3379693
3379723
3379753
3379783
3401920
3401950
3401980
3402010
3402040
3402100
3402130
3402160
3402190
3402220
3402250
3402280
3402310
3402340
3402370
3402400
3402490
3402520
3402550
3402580
3402610
3402640
3402670
3402700
3402730
3402760
3402790
3402850
3402880
3402910
3402940
3402970
3403000
3403030
3403060
3403090
3403120
3403360
3403390
3403420
3403450
3403510
3403540
3403600
3403630
3403660
3403690
3403810
3403960
3403990
3404020
3404050
3404080
3404350
3404380
3404410
3404440
3404470
3404500
3404560
3404590
3404620
3404650
3404740
3404770
3404800
3404830
3404860
3404890
3404950
3404980
3405010
3405040
3405070
3405100
3405130
3405160
3405190
3405220
3405250
3405310
3405340
3405370
3405400
3405430
3405460
3405490
3405520
3405550
3405580
3405610
3405670
3405700
3405730
3405760
3405790
3405820
3405850
3405880
3405910
3405940
3405970
3406030
3406060
3406090
3406120
3406150
3406180
3406210
3406240
3406270
3406300
3406330
3406390
3406420
3406450
3406480
3406510
3406540
3406570
3406600
3406630
3406660
3406690
3406750
3406780
3406810
3406840
3406870
3406900
3406930
3406960
3407080
3407110
3407140
3407410
3407440
3407470
3407500
3407800
3408100
3408130
3408160
3408190
3408220
3408280
3408340
3408400
3408430
3408460
3408490
3408520
3408550
3408580
3408610
3408640
3408670
3408760
3408790
3408820
3408850
3408880
3408910
3408940
3408970
3409000
3409030
3409060
3409120
3409180
3409240
3409270
3409300
3409330
3409360
3410031
3410170
3410181
3410200
3410230
3410260
3410320
3410350
3410410
3410470
3410500
3410530
3410560
3410590
3410620
3410631
3410650
3410661
3410680
3410691
3410721
3410740
3410751
3410770
3410781
3410800
3410811
3410830
3410841
3410860
3410871
3410890
3410901
3410920
3410931
3410950
3410980
3410991
3411010
3411021
3411040
3411051
3411081
3411100
3411111
3411130
3411141
3411160
3411171
3411190
3411201
3411220
3411231
3411250
3411261
3411280
3411291
3411310
3411340
3411351
3411370
3411381
3411400
3411411
3411441
3411460
3411471
3411490
3411501
3411520
3411531
3411550
3411561
3411640
3411670
3411700
3411711
3411730
3411741
3411760
3411771
3411790
3411801
3411820
3411831
3411880
3411910
3411940
3411951
3411970
3411981
3412000
3412011
3412030
3412060
3412071
3412090
3412101
3412120
3412150
3412161
3412180
3412191
3412221
3412240
3412251
3412270
3412281
3412300
3412311
3412330
3412341
3412360
3412371
3412390
3412401
3412420
3412450
3412480
3412510
3412540
3412600
3412630
3412660
3412750
3412780
3412810
3412840
3412870
3412900
3412930
3412960
3413020
3413031
3413050
3413061
3413080
3413110
3413140
3413230
3413260
3413290
3413320
3413331
3413350
3413361
3413380
3413440
3413451
3413470
3413500
3413530
3413620
3413680
3413710
3413721
3413740
3413770
3413800
3413811
3413830
3413841
3413890
3413920
3413931
3413950
3413961
3413980
3413991
3414010
3414021
3414040
3414051
3414070
3414081
3414100
3414111
3414130
3414160
3414171
3414190
3414201
3414231
3414250
3414261
3414280
3414291
3414310
3414321
3414340
3414351
3414370
3414381
3414400
3414411
3414441
3414471
3414520
3414531
3414550
3414561
3414580
3414591
3414610
3414621
3414640
3414651
3414681
3414700
3414711
3414730
3414741
3414760
3414771
3414790
3414801
3414820
3414831
3414850
3414880
3414891
3414910
3414921
3414940
3414970
3415000
3415060
3415090
3415101
3415120
3415131
3415150
3415180
3415210
3415240
3415270
3415300
3415311
3415330
3415341
3415360
3415371
3415401
3415431
3415461
3415480
3415491
3415510
3415521
3415540
3415570
3415600
3415630
3415660
3415690
3415720
3415750
3415780
3415840
3415870
3415930
3415960
3415990
3416020
3416050
3416080
3416110
3416121
3416140
3416151
3416170
3416181
3416211
3416230
3416241
3416260
3416271
3416290
3416301
3416320
3416331
3416350
3416361
3416380
3416391
3416410
3416421
3416440
3416470
3416481
3416500
3416511
3416530
3416541
3416571
3416590
3416601
3416620
3416631
3416650
3416661
3416680
3416691
3416710
3416721
3416740
3416751
3416770
3416781
3416800
3416830
3416860
3416890
3416950
3417010
3417040
3417070
3417100
3417130
3417160
3417190
3417220
3417231
3417250
3417261
3417280
3417291
3417340
3417370
3417400
3417430
3417460
3417490
3417520
3417550
3417580
3417610
3417621
3417640
3417651
3417681
3417700
3417711
3417730
3417741
3417760
3417771
3417790
3417801
3417820
3417831
3417850
3417861
3417880
3417891
3417940
3417951
3417970
3417981
3418000
3418011
3418030
3418041
3418071
3418090
3418101
3418120
3418131
3418150
3418161
3418180
3418210
3418240
3418270
3418300
3418330
3418360
3418390
3418450
3418480
3418510
3418540
3418570
3418600
3418630
3418660
3418690
3418720
3418750
3418840
3418870
3418900
3418930
3418960
3418990
3419020
3419031
3419050
3419061
3419080
3419091
3419110
3419121
3419140
3419151
3419181
3419200
3419230
3419260
3419271
3419290
3419301
3419350
3419380
3419410
3419440
3419470
3419500
3419511
3419530
3419590
3419620
3419650
3419680
3419691
3419710
3419721
3419740
3419751
3419770
3419781
3419800
3419811
3419830
3419841
3419860
3419871
3419890
3419931
3419961
3419980
3419991
3420010
3420021
3420051
3420070
3420081
3420100
3420111
3420130
3420141
3420160
3420171
3420190
3420201
3420220
3420231
3420250
3420280
3420291
3420321
3420340
3420351
3420381
3420400
3420411
3420430
3420441
3420460
3420471
3420490
3420520
3420550
3420580
3420610
3420640
3420670
3420700
3420760
3420790
3420820
3420850
3420880
3420910
3420940
3420970
3421000
3421030
3421060
3421120
3421150
3421180
3421240
3421270
3421300
3421330
3421360
3421420
3421450
3421480
3421581
3421600
3421630
3421660
3421720
3421750
3421780
3421810
3421840
3421870
3421990
3422020
3422080
3422110
3422140
3422170
3422241
3422271
3422391
3422421
3422451
3422481
3422511
3422601
3422631
3422721
3422751
3422781
3422811
3422841
3422871
3422901
3422931
3422991
3423021
3423111
3423700
3423730
3423760
3423790
3423820
3423850
3423861
3423891
3423910
3423921
3423970
3423981
3424000
3424011
3424030
3424041
3424071
3424180
3424191
3424221
3424240
3424251
3424281
3424300
3424311
3424360
3424371
3424390
3424450
3424480
3424570
3424641
3424660
3424731
3424941
3425020
3425061
3425091
3425121
3425151
3425181
3425200
3425241
3425271
3425301
3425331
3425361
3425380
3425391
3425421
3425451
3425481
3425511
3425560
3425590
3425601
3425620
3425631
3425661
3425680
3425691
3425710
3425721
3425740
3425751
3425770
3425781
3425800
3425830
3425860
3425890
3425901
3425920
3425950
3425961
3425980
3425991
3426021
3426040
3426051
3426070
3426081
3426100
3426111
3426130
3426141
3426160
3426190
3426220
3426250
3426261
3426280
3426310
3426340
3426411
3426430
3426441
3426471
3426501
3426520
3426531
3426561
3426580
3426591
3426610
3426621
3426640
3426670
3426681
3426700
3426711
3426730
3426741
3426760
3426771
3426790
3426801
3426831
3426850
3426861
3426880
3426891
3426921
3426951
3426970
3426981
3427000
3427030
3427041
3427060
3427071
3427090
3427101
3427120
3427131
3427150
3427161
3427191
3427221
3427251
3427281
3427311
3427341
3427360
3427390
3427401
3427420
3427431
3427450
3427461
3427480
3427491
3427521
3427551
3427570
3427581
3427611
3427641
3427660
3427671
3427690
3427701
3427761
3427791
3427821
3427851
3427881
3427911
3427941
3427971
3428001
3428031
3428061
3428080
3428110
3428121
3428140
3428151
3428181
3428200
3428211
3428230
3428241
3428271
3428290
3428301
3428320
3428331
3428350
3428361
3428380
3428391
3428410
3428421
3428470
3428481
3428500
3428511
3428530
3428541
3428560
3428571
3428590
3428601
3428620
3428631
3428661
3428691
3428710
3428740
3428751
3428770
3428781
3428800
3428811
3428830
3428871
3428890
3428901
3428920
3428931
3428950
3428961
3428980
3428991
3429010
3429021
3429040
3429051
3429070
3429081
3429100
3429111
3429130
3429141
3429160
3429171
3429190
3429231
3429250
3429261
3429291
3429321
3429351
3429381
3429411
3429441
3429471
3429501
3429531
3429591
3429621
3429651
3429681
3429711
3429741
3429771
3429801
3429831
3429861
3430011
3430041
3430071
3430101
3430131
3430161
3430191
3430221
3430251
3431751
3431901
3431931
3431961
3432051
3432291
3432321
3432351
3432381
3432411
3432441
3432471
3432591
3432621
3432651
3432681
3432831
3432861
3432891
3432951
3432981
3433011
3433041
3433071
3433221
3433251
3433311
3433341
3433371
3433521
3433911
3433971
3434001
3434211
3434871
3434961
3434991
3435051
3435081
3435111
3435141
3435201
3435231
3435261
3435321
3435381
3435411
3435441
4035133
4035163
4035223
4035253
4035283
4035313
4035343
4035373
4035403
4035433
4035463
4035493
4035523
4035583
4035613
4035643
4035673
4035703
4035733
4035763
4035793
4035823
4035853
4035883
4035943
4035973
4036003
4036033
4036063
4036093
4036123
4036153
4036183
4036213
4036243
4036303
4036333
4036363
4036393
4036423
4036453
4036483
4036513
4036543
4036573
4036603
4036663
4036693
4036723
4036753
4036783
4038493
4038823
4038883
4038913
4038943
4038973
4039033
4039063
4039093
4039183
4039333
4039393
4039423
4039453
4039483
4039513
4039543
4039573
4039603
4039633
4039663
4039693
4039753
4039783
4039813
4039843
4039873
4039903
4039933
4039963
4039993
4040023
4040053
4040113
4040143
4040173
4040203
4040293
4040323
4040353
4040383
4040413
4040443
4040533
4040563
4040593
4040623
4040653
4040683
4040713
4040743
4040773
4040803
4040833
4040893
4040923
4040953
4040983
4041013
4041073
4041103
4041133
4041163
4041193
4041223
4041283
4041313
4041343
4041373
4041403
4041433
4041463
4041493
4041553
4041583
4041613
4041673
4041703
4041733
4041763
4042273
4042303
4042333
4042393
4042423
4042453
4042483
4042513
4042543
4042573
4042603
4042633
4042663
4042693
4042753
4042783
4042813
4042843
4042873
4042903
4042933
4042963
4042993
4043023
4043053
4043113
4043143
4043173
4043203
4043233
4043263
4043293
4043323
4043353
4043383
4043413
4043473
4043503
4043533
4043563
4043593
4043623
4043653
4043683
4043713
4043743
4043773
4043833
4043863
4043893
4043923
4043953
4043983
4044013
4044043
4044073
4044103
4044133
4044193
4044223
4044253
4044283
4044313
4044343
4044373
4044403
4044433
4044463
4044523
4044583
4044613
4044643
4044673
4044703
4044763
4044793
4044823
4044853
4044883
4044913
4044973
4045003
4045063
4045123
4045153
4045183
4045213
4045243
4045933
4045963
4045993
4046023
4046053
4046083
4046113
4046143
4046173
4046233
4046293
4046323
4046353
4046443
4046473
4046533
4046593
4046623
4046653
4046683
4046713
4046743
4046773
4046803
4046833
4046863
4046893
4046953
4046983
4047013
4047073
4047103
4047133
4047163
4047193
4047223
4047253
4047313
4047343
4047373
4047403
4047433
4047463
4047493
4047523
4047553
4047583
4047613
4047673
4047703
4047733
4047763
4047793
4047883
4047913
4047943
4047973
4048003
4048063
4048093
4048123
4048153
4048633
4048723
4048753
4048783
4048813
4048843
4048873
4048933
4048963
4048993
4049023
4049053
4049083
4049113
4049593
4049893
4050283
4050313
4050343
4050373
4050403
4050433
4050493
4050523
4050553
4050583
4050613
4050643
4050673
4051033
4051063
4051093
4051123
4051153
4051213
4051243
4051273
4051303
4051753
4051783
4051813
4051843
4051873
4051933
4051963
4052383
4052413
4052443
4052473
4052503
4052533
4052563
4052593
4052683
4052713
4052743
4052773
4052803
4052833
4052863
4052893
4052923
4052953
4052983
4053043
4053073
4053103
4053133
4053163
4053193
4053223
4053253
4053283
4053313
4053343
4053403
4053433
4053463
4053493
4053523
4053553
4053583
4053613
4053643
4053673
4053703
4053763
4053793
4053823
4053853
4053883
4053913
4053943
4053973
4054003
4054033
4054063
4054123
4054153
4054183
4054213
4054243
4054303
4054333
4054363
4054393
4054423
4054483
4054513
4054543
4054573
4055623
4055653
4055713
4055743
4055773
4055803
4055833
4055863
4055893
4055923
4055953
4055983
4056013
4056073
4056103
4056133
4056163
4056193
4056223
4056253
4056283
4056313
4056343
4056373
4056433
4056493
4056523
4056553
4056583
4056613
4056643
4056673
4056703
4056733
4056793
4056823
4056853
4056883
4056913
4056943
4056973
4057003
4057033
4057063
4057093
4057153
4057183
4057213
4057243
4057273
4057303
4057333
4057363
4057393
4057483
4057513
4057573
4057603
4057633
4057663
4057693
4057723
4057753
4057783
4057813
4057843
4057873
4057963
4057993
4058023
4283001
4283061
4283091
4283121
4283151
4283181
4283211
4283241
4283271
4283301
4283391
4283451
4283481
4283511
4283541
4283571
4283631
4283661
4283691
4283721
4283751
4283781
4283841
4283871
4283901
4283931
4283961
4283991
4284021
4284051
4284081
4284111
4284141
4284201
4284231
4284261
4284291
4284321
4284351
4284381
4284411
4284441
4284471
4284501
4284561
4284591
4284621
4284651
4284681
4284711
4284741
4284771
4284801
4284831
4284861
4284921
4284951
4284981
4285011
4285041
4285071
4285101
4285131
4285161
4285191
4285221
4285281
4285311
4285371
4285401
4285431
4285461
4285491
4285521
4285551
4285731
4285761
4285791
4285821
4286211
4286241
4286271
4286301
4286331
4286361
4286391
4286481
4286511
4286541
4286571
4286601
4287141
4287171
4287231
4287261
4287291
4287321
4287381
4287411
4287441
4287591
4287621
4287651
4287681
4287741
4287771
4287801
4287831
4287861
4287891
4287921
4287951
4287981
4288011
4288041
4288101
4288131
4288311
4288401
4288431
4288461
4288491
4288521
4288551
4288581
4288611
4288671
4288701
4288731
4288761
4288791
4288851
4288881
4288911
4288941
4288971
4289001
4289061
4289091
4289121
4289151
4289181
4289211
4289241
4289271
4289301
4289331
4289361
4289421
4289451
4289481
4289511
4289541
4289901
4289961
4289991
4290021
4290051
4290081
4290141
4290171
4290201
4290231
4290261
4290291
4290321
4290351
4290381
4290411
4290441
4290501
4290531
4290561
4290591
4290621
4290651
4291071
4291131
4291161
4291191
4291221
4291251
4291281
4291311
4291341
4291371
4291401
4291431
4291491
4291521
4291551
4291581
4291611
4291641
4291671
4291701
4291731
4291761
4291791
4292961
4292991
4293021
4293051
4293081
4293111
4293141
4293171
4293201
4293231
4293291
4293321
4293351
4293381
4293411
4293441
4293471
4293501
4293531
4293561
4293591
4293651
4293681
4293711
4293741
4293771
4293801
4293831
4293861
4293891
4293921
4293951
4294011
4294041
4294071
4294101
4294131
4294161
4294191
4294221
4294251
4294281
4294311
4294371
4294401
4294431
4294461
4294491
4294521
4294551
4294581
4294611
4294641
4294671
4294731
4294761
4294791
4294821
4294851
4294881
4294911
4294941
4294971
4295001
4295031
4295091
4295121
4295181
4295211
4295241
4295271
4295301
4295331
4295361
4295391
4295421
4295481
4295511
4295541
4295571
4295601
4295631
4295661
4295691
4295721
4295751
4295781
4295841
4295871
4295901
4295931
4295961
4295991
4296021
4296051
4296081
4296111
4296141
4296201
4296231
4296261
4296291
4296321
4296351
4296381
4296411
4296441
4296471
4296501
4296561
4296591
4296621
4296651
4296681
4296711
4296741
4296771
4296801
4296831
4296861
4296921
4296951
4296981
4297011
4297041
4297071
4297101
4297131
4297161
4297191
4297221
4297281
4297311
4297341
4297371
4297401
4297431
4297461
4297491
4297521
4297551
4297581
4297671
4297701
4297731
4297761
4297791
4297821
4297851
4297881
4297911
4297941
4297971
4298031
4298061
4298091
4298121
4298151
4298181
4298211
4298241
4298271
4298301
4298331
4298391
4298421
4298451
4298481
4298511
4298541
4298571
4298601
4298631
4298661
4298691
4298751
4298781
4298811
4298841
4298871
4298901
4298931
4298961
4298991
4299021
4299051
4299111
4299141
4299171
4299201
4299231
4299261
4299291
4299321
4299351
4299381
4299411
4299471
4299501
4299531
4299561
4299591
4299621
4299651
4299681
4299711
4299741
4299771
4299831
4299861
4299891
4299921
4299951
4299981
4300011
4300041
4300071
4300101
4300131
4300191
4300221
4300251
4300281
4300311
4300341
4300371
4300401
4300431
4300461
4300491
4300551
4300581
4300611
4300641
4300671
4300701
4300731
4300761
4300791
4300821
4300851
4300911
4300941
4300971
4301001
4301031
4301061
4301091
4301121
4301151
4301181
4301211
4301271
4301301
4301331
4301361
4301391
4301421
4301451
4301481
4301511
4301541
4301571
4301631
4301661
4301691
4301721
4301751
4301781
4301811
4301841
4301871
4301901
4301931
4301991
4302021
4302051
4302081
4302111
4302141
4302171
4302201
4302231
4302261
4302291
4302351
4302381
4302411
4302441
4302471
4302501
4302531
4302561
4302591
4302621
4302651
4302711
4302741
4302771
4302801
4302831
4302861
4302891
4302921
4302951
4302981
4303011
4303071
4303101
4303131
4303161
4303191
4303221
4303251
4303281
4303311
4303341
4303371
4303431
4303461
4303491
4303521
4303551
4303581
4303611
4303641
4303671
4303701
4303731
4303791
4303821
4303851
4303881
4303911
4303941
4303971
4304001
4304031
4304061
4304091
4304151
4304181
4304211
4304241
4304271
4304301
4304331
4304361
4304391
4304421
4304451
4304511
4304541
4304571
4304601
4304631
4304661
4304691
4304721
4304751
4304781
4304811
4304871
4304901
4304931
4304961
4304991
4305021
4305051
4305081
4305111
4305141
4305171
4305231
4305261
4305291
4305321
4305351
4305381
4305411
4305441
4305471
4305501
4305531
4305591
4305621
4305651
4305681
4305711
4305741
4305771
4305801
4305831
4306761
4306791
4306851
4306881
4306911
4306941
4306971
4307001
4307031
4307061
4307091
4307121
4307151
4307211
4307241
4307271
4307301
4307331
4307361
4307391
4307421
4307451
4307481
4307511
4307571
4307601
4307631
4307661
4307691
4307721
4307751
4307781
4307811
4307841
4307871
4307931
4307961
4307991
4308021
4308051
4308081
4308111
4308141
4308171
4308201
4308231
4308291
4308321
4308351
4308381
4308411
4308441
4308501
4308561
4308591
4308621
4308651
4308711
4308741
4308771
4308801
4308831
4308861
4308891
4308921
4308951
4308981
4309011
4309071
4309101
4309131
4309161
4309191
4309221
4309251
4309281
4309311
4309341
4309371
4309431
4309461
4309491
4309521
4309551
4309581
4309611
4309641
4309671
4309701
4309731
4309791
4309821
4309851
4309911
4309941
4309971
4310001
4310031
4310061
4310091
4310121
4310181
4310211
4310241
4310271
4310301
4310331
4310361
4310391
4310421
4310451
4310481
4310541
4310571
4310601
4310631
4310661
4310691
4310721
4310751
4310781
4310811
4310841
4310901
4310931
4310991
4311081
4311111
4311141
4311171
4311201
4311231
4311261
4311291
4311351
4311381
4311411
4311441
4311471
4311501
4311531
4311561
4311591
4311621
4311651
4311711
4311741
4311771
4311801
4311831
4311861
4311891
4311921
4311951
4311981
4312011
4312071
4312101
4312131
4312161
4312191
4312221
4312251
4312311
4312341
4312401
4312461
4312521
4312551
4312581
4312611
4312701
4312731
4312761
4312791
4312851
4312881
4312941
4313061
4313121
4313151
4313211
4313241
4313481
4313541
4313571
4313601
4313631
4313691
4313721
4313781
4313841
4313871
4313901
4313931
4313961
4336672
4336702
4336732
4336762
4336852
4337152
4337512
4337542
4337572
4337632
4337662
4337722
4337842
4337872
4337902
4338472
4338502
4338532
4338562
4338592
4338622
4338652
4338712
4338772
4338802
4338922
4338952
4338982
4339012
4339042
4339072
4340062
4340092
4340122
4340512
4340572
4340602
4340662
4340692
4340722
4340752
4340812
4340842
4340872
4340902
4340932
4340962
4340992
4341022
4341052
4341322
4341472
4341502
4341562
4341592
4341652
4341712
4341742
4341772
4341832
4341862
4341922
4342132
4342162
4342192
4342222
4342282
4342312
4342342
4342402
4342432
4342462
4342522
4342552
4342612
4342642
4342672
4342732
4342762
4342792
4342882
4342912
4342942
4343002
4343422
4343452
4343482
4343512
4343662
4343692
4343722
4343752
4343782
4343812
4343842
4343872
4343902
4343962
4344022
4344082
4344142
4344172
4344202
4344232
4344262
4344292
4344322
4344352
4344382
4344412
4344472
4344502
4344532
4344562
4344592
4344622
4344652
4344682
4344802
4344832
4345282
4345612
4345672
4345702
4345732
4345762
4345822
4345852
4345882
4345912
4345942
4346302
4346482
4346542
4346632
4346662
4346692
4346722
4346752
4346782
4346812
4346842
4346932
4347022
4347052
4347082
4347112
4347142
4347172
4347202
4347232
4347262
4347292
4347352
4347382
4347412
4347442
4347472
4347502
4347532
4347562
4347622
4347652
4347712
4347772
4347802
4347862
4348882
4348912
4348942
4349032
4349062
4349092
4349122
4349152
4349182
4349212
4349242
4349272
4349362
4349452
4349482
4349512
4349542
4349572
4349602
4349632
4349662
4349692
4349722
4349782
4349812
4349842
4349872
4349902
4349932
4349962
4349992
4350022
4350052
4350082
4350142
4350202
4350232
4350262
4350292
4350322
4350352
4350382
4350442
4350472
4350592
4350622
4350952
4351012
4351162
4351402
4351612
4351642
4351762
4351972
4352032
4352362
4352482
4352512
4352542
4352572
4352602
4352632
4352662
4352692
4352722
4352782
4352812
4352842
4352872
4352902
4352932
4352962
4353172
4353202
4353232
4353262
4353292
4353322
4353352
4353382
4353412
4353442
4353502
4353532
4353562
4353592
4353622
4353652
4353682
4353712
4353742
4353772
4353802
4353862
4353892
4353922
4353952
4353982
4354012
4354042
4354072
4354102
4354162
4354312
4354342
4354372
4354402
4354432
4354462
4354492
4354852
4354882
4354912
4354942
4354972
4355002
4355032
4355092
4355122
4355152
4355182
4355212
4355242
4355272
4355302
4355332
4355362
4355392
4355452
4355542
4355572
4355602
4355632
4355662
4355692
4355722
4355752
4355782
4355812
4355872
4355902
4355932
4355962
4355992
4356022
4356052
4356082
4356112
4356142
4356172
4356232
4356262
4356292
4356322
4356352
4356382
4356412
4356442
4356472
4356502
4356532
4356592
4356622
4356652
4356682
4356712
4356742
4356772
4356802
4356832
4356862
4356892
4356952
4356982
4357012
4357042
4357072
4357102
4357132
4357162
4357192
4357222
4357252
4357312
4357342
4357372
4357402
4357432
4357462
4357492
4357522
4357552
4357582
4357612
4357672
4357702
4357732
4357762
4357792
4357822
4357852
4357882
4357912
4357942
4357972
4358032
4358062
4358092
4358122
4358152
4358182
4358212
4358242
4358272
4358302
4358332
4358392
4358422
4358452
4358482
4358512
4358542
4358572
4358602
4358632
4358662
4358692
4358752
4358782
4358812
4358842
4358872
4358902
4358932
4358962
4358992
4359022
4359052
4359112
4359142
4359172
4359202
4359232
4359262
4359292
4359322
4359352
4359382
4359412
4359472
4359502
4359532
4359562
4359592
4359622
4359652
4359682
4359712
4359742
4359772
4359832
4359862
4359892
4359922
4359952
4359982
4360012
4360042
4360072
4360102
4360132
4360192
4360222
4360252
4360282
4360312
4360342
4360372
4360402
4360462
4360492
4360522
4360582
4360612
4360642
4360672
4360702
4360732
4360762
4360792
4360822
4360852
4360882
4360942
4360972
4361002
4361032
4361062
4361092
4361122
4361152
4361182
4361212
4361242
4361302
4361332
4361362
4361392
4361422
4361452
4361482
4361512
4361542
4361572
4361602
4361662
4361692
4361722
4361752
4361782
4361812
4361842
4361872
4361902
4361932
4361962
4362022
4362052
4362082
4362112
4362142
4362172
4362202
4362232
4362262
4362292
4362322
4362382
4362412
4362442
4362472
4362502
4362532
4362562
4362592
4362622
4362652
4362682
4362742
4362772
4362802
4362832
4362862
4362892
4362922
4362952
4362982
4363012
4363042
4363102
4363132
4363162
4363192
4363222
4363252
4363282
4363312
4363342
4363372
4363402
4363462
4363492
4363522
4363552
4363582
4363612
4363642
4363672
4479880
4479910
4479940
4479970
4480000
4480030
4480060
4480090
4480150
4480180
4480240
4480270
4480300
4480330
4480360
4480390
4480420
4480450
4480480
4480510
4480540
4480600
4480630
4480660
4480690
4480720
4480750
4480780
4480810
4480840
4480870
4480900
4480990
4481380
4481410
4481440
4481470
4481530
4481560
4481590
4481620
4481650
4481680
4481710
4481740
4481770
4481800
4481830
4481890
4481920
4481950
4481980
4482010
4482040
4482070
4482100
4482160
4482190
4482220
4482280
4482310
4482340
4482370
4482400
4482430
4482460
4482490
4482520
4482550
4482580
4482640
4482670
4482700
4482730
4482760
4482790
4482820
4482850
4482880
4482910
4482940
4483000
4483030
4483060
4483090
4483120
4483150
4483180
4483210
4483240
4483270
4483300
4483360
4483390
4483420
4483450
4483480
4483510
4483540
4483570
4483600
4483630
4483750
4483780
4483810
4483870
4483900
4484350
4484380
4484410
4484440
4484470
4484590
4484620
4484650
4484680
4484710
4484740
4484770
4484800
4484830
4484860
4484890
4484950
4484980
4485010
4485040
4485070
4485100
4485130
4485190
4485250
4485280
4485310
4485370
4485400
4485430
4485460
4485490
4485520
4485550
4485580
4485610
4485640
4485670
4485730
4485760
4485790
4485820
4485850
4485880
4485910
4485940
4485970
4486000
4486030
4486090
4486120
4486150
4486180
4486210
4486240
4486270
4486300
4486330
4486360
4486390
4486450
4486480
4486510
4486540
4486570
4486600
4486630
4486660
4486690
4486720
4486750
4486840
4486870
4486900
4486930
4486960
4486990
4487020
4487050
4487080
4487110
4487140
4487200
4487230
4487260
4487290
4487320
4487350
4487380
4487410
4487440
4487470
4487500
4487560
4487590
4487620
4487650
4487680
4487710
4487740
4487770
4487800
4487830
4487860
4487920
4487950
4487980
4488010
4488040
4488070
4488100
4488130
4488160
4488190
4488220
4488280
4488310
4488430
4488460
4488490
4488520
4488550
4488580
4488640
4488700
4488730
4488760
4488790
4488820
4489390
4489420
4489450
4489480
4489510
4489540
4489570
4489600
4489630
4489660
4489690
4489750
4489780
4489810
4489840
4489870
4489900
4489930
4489960
4489990
4490020
4490050
4490110
4490140
4490170
4490200
4490230
4490260
4490290
4490320
4490350
4490380
4490410
4490470
4490500
4490530
4490560
4490590
4490620
4490650
4490680
4490710
4490740
4490770
4490830
4490860
4490890
4490920
4490950
4490980
4491010
4491040
4491070
4491100
4491130
4491190
4491220
4491250
4491280
4491310
4491340
4491370
4491400
4491430
4491460
4491490
4491550
4491580
4491610
4491640
4491670
4491700
4491730
4491790
4491850
4491910
4491940
4491970
4492000
4492030
4492060
4492120
4492720
4492810
4492960
4493020
4493050
4493080
4493140
4493170
4493200
4493230
4493260
4493290
4493320
4493350
4493410
4493440
4493470
4493500
4493530
4493560
4493590
4493620
4493650
4493680
4493710
4493770
4493800
4493830
4493860
4493890
4493920
4493950
4494190
4494220
4494250
4494280
4494310
4494340
4494370
4494400
4494430
4494490
4494520
4494550
4494580
4494610
4494640
4494910
4494940
4495150
4495480
4495510
4495570
4495600
4495630
4495660
4495690
4495720
4495750
4495780
4495810
4495840
4495870
4495930
4495960
4495990
4496020
4496050
4496110
4496140
4496170
4496200
4496230
4496260
4496320
4496350
4496380
4496410
4496440
4496470
4496500
4496530
4496560
4496590
4496620
4496680
4496710
4496740
4496770
4496800
4496830
4496860
4496890
4496920
4496950
4496980
4497040
4497070
4497100
4497130
4497160
4497190
4497220
4497250
4497280
4497310
4497340
4497400
4497430
4497460
4497490
4497520
4497550
4497580
4497610
4497640
4497670
4497700
4497760
4497790
4497820
4497850
4497880
4497910
4497940
4497970
4498000
4498030
4498060
4498180
4498240
4498270
4498300
4498330
4498360
4498390
4498420
4498450
4498480
4498510
4498570
4498600
4498630
4498660
4498690
4498720
4498750
4498780
4498810
4498840
4498870
4498930
4498960
4498990
4499020
4499050
4499080
4499110
4499140
4499170
4499200
4499230
4499290
4499320
4499350
4499380
4499410
4499440
4499470
4499500
4499530
4499560
4499590
4499650
4499680
4499710
4499740
4499770
4499800
4499830
4499860
4499890
4499920
4499950
4500010
4500040
4500100
4500130
4500160
4500190
4500220
4500250
4500280
4500310
4500340
4500400
4500430
4500460
4500490
4500520
4500550
4500580
4500610
4500640
4500670
4500700
4500760
4500790
4500820
4500850
4500880
4500910
4500940
4500970
4501000
4501030
4501060
4501120
4501150
4501180
4501210
4501240
4501270
4501300
4501330
4501360
4501390
4501420
4501480
4501510
4501540
4501570
4501600
4501630
4501660
4501690
4501720
4501750
4501780
4501840
4501870
4501900
4501930
4501960
4501990
4502020
4502050
4502080
4502110
4502140
4502200
4502230
4502260
4502290
4502320
4502350
4502380
4502410
4502440
4502470
4502500
4502560
4502590
4502620
4502650
4502680
4502710
4502740
4502770
4502800
4502830
4502860
4502920
4502950
4502980
4503010
4503040
4503070
4503100
4503130
4503160
4503190
4503220
4503280
4503310
4503340
4503370
4503400
4503430
4503460
4503490
4503520
4503550
4503580
4503640
4503670
4503700
4503730
4503760
4503790
4503820
4503850
4503880
4503910
4503940
4504000
4504030
4504060
4504090
4504120
4504150
4504180
4504210
4504240
4504270
4504300
4504360
4504390
4504420
4504450
4504480
4504510
4504540
4504570
4504600
4504630
4504660
4504720
4504750
4504780
4504810
4504840
4504870
4504900
4504930
4504960
4504990
4505020
4505080
4505110
4505140
4505170
4505200
4505230
4505260
4505290
4505320
4505350
4505380
4505470
4505500
4505530
4505560
4505590
4505620
4505650
4505680
4505710
4505740
4505770
4505830
4505860
4505890
4505920
4505950
4505980
4506010
4506040
4506070
4506100
4506130
4506190
4506220
4506250
4506280
4506310
4506340
4506370
4506400
4506430
4506490
4506520
4506580
4506610
4506640
4506670
4506700
4506730
4506760
4506790
4506820
4506850
4506880
4506940
4506970
