017654
006888
007893
007896
013364
014027
014552
015323
015326
017753
018707
019658
020111
021065
021095
021113
021254
021335
021380
021431
022016
022187
022334
022808
112530
112581
113871
120953
121046
123032
128529
129297
129348
228283
228883
228886
229087
232857
233244
233337
233727
234135
234141
234714
234757
234820
234900
234954
235053
235257
235363
236398
331213
331768
336634
336637
336661
336832
336838
336880
336892
337462
337525
337540
340369
340666
342571
343217
343259
405088
428810
428930
428945
428948
428951
431207
434144
434150
435140
448762
449296
449491
227930
235353
123769
332758
332770
228676
228398
128064
237343
236014
123598
237331
331264
236011
342854
227689
234732
227203
227683
017987
229348
017924
019889
235342
007941
229291
229577
340810
229297
229135
015275
330922
229562
227894
018542
014492
330751
341342
228862
341911
120875
229118
343160
449368
335365
129627
343142
227671
227713
343157
232947
331048
226711
228164
233211
112992
404701
129600
234960
342634
332719
434582
233241
448759
123652
234802
330862
330874
434969
127278
234897
341836
129504
007293
018710
121160
449860
403927
431255
341743
335686
403534
433853
228371
332665
404116
342458
331051
233100
120878
226957
342380
121073
403522
342209
227299
342647
018791
124735
404395
125308
448741
332746
121820
331021
434966
228976
234924
234912
434693
335773
335413
403786
435848
113025
228044
022817
122918
434723
019211
330592
332722
405664
237232
127695
435854
228970
022841
336373
229342
232953
435860
229112
342094
435626
237517
019238
123523
435035
235306
332680
435458
113238
125314
230222
017954
433751
435971
230282
233169
230276
341947
340813
022838
233136
342835
228182
335572
233223
435440
226891
226933
007881
235305
235237
233226
021329
342365
123913
019943
332659
125266
330382
124777
233898
229300
404419
331573
018941
127692
124921
229820
449086
229091
227338
332698
021326
342856
229805
342206
123805
235288
236338
434417
335950
121079
124495
332200
428843
018446
342043
404260
342100
236602
229366
429503
436058
230198
331759
435485
342085
342091
229144
236599
129528
434990
124768
124831
007689
436265
235372
018032
404704
233298
435758
123907
123634
342115
342719
450370
429116
227248
431363
341986
228284
226885
342103
450256
342118
342106
335554
122924
434948
121094
018413
234492
342022
228241
121814
405643
121028
121778
229351
405634
331807
227239
434951
341695
014471
331054
434219
343472
341707
435566
236581
332185
335941
127536
335578
449635
341782
127728
018509
332218
342067
332407
331834
007554
404722
123574
237505
342416
233277
229156
341363
433676
335857
428627
335785
449194
449587
007530
434024
342148
121004
017942
228151
123622
007623
436193
341887
434015
236080
125749
341899
007560
449851
431390
449680
436274
121124
230132
230264
227653
449632
234366
227506
227428
124507
227494
234942
341809
019304
020141
342025
007512
335851
124534
228409
228232
342160
341977
127746
435449
332314
435641
342172
332641
341980
429314
431372
228463
332629
434426
342046
018845
434567
340828
330778
124525
335866
019313
019082
019292
435059
019250
449569
233319
022796
227461
435473
332365
124498
331648
433697
330724
122990
019259
227212
342061
007938
431354
331597
226912
332446
342034
124081
335932
332434
342013
128043
228007
019115
342070
127755
342133
341617
013115
019271
435413
435845
342130
228244
342145
019121
336082
342136
332416
434420
332428
332413
332419
342049
008247
341902
235119
332716
430175
124456
235084
007914
341935
435746
435611
227876
227831
341818
228167
341851
448822
332674
341848
341854
341281
341833
227828
341803
431348
337891
227867
228754
228763
021647
235107
227885
404194
435821
227807
434585
120926
335566
337861
120929
228745
332320
120932
330736
332626
434528
332686
335536
436322
332617
434231
341998
226936
228460
335527
331429
336085
124018
237367
019124
228736
226909
332701
120911
235113
332677
336070
235098
235273
335581
226915
336799
233730
435410
229159
332851
330391
337855
342038
404191
113253
235131
335530
227723
336091
331294
332689
123778
332269
235143
230135
331876
342019
228445
237499
341177
113250
228179
226813
237544
330397
336823
235284
342506
448756
341941
227849
330394
342293
227558
227813
227846
123754
335440
335467
430292
341971
342215
124531
335560
448834
431339
335881
113823
227891
342116
019418
342251
121064
330598
341384
227870
430994
019856
227903
337882
235116
124093
342221
228592
335494
335458
332710
331885
429500
124102
436208
235125
113268
113271
330811
235287
430220
019379
341810
342245
341951
230237
336109
124471
430214
336133
228173
227638
330160
434591
341974
019436
336784
237556
022832
227684
331291
235362
434264
429524
228359
436073
227044
237472
235104
123775
436139
332632
435416
428630
436088
431396
228907
330604
335953
332848
434588
021299
123772
335503
331891
335428
433754
337885
237490
342389
237454
236431
342131
335491
235101
235134
428915
230249
237259
123760
341723
342512
235855
233922
431369
436325
228751
227738
436076
436298
226753
436169
228347
332029
237511
433712
112926
124816
227819
237316
335437
336097
335497
335635
228466
228392
123955
336025
340747
236569
228016
335488
336067
229111
342859
342275
341327
342152
450394
342533
123766
235293
228478
342058
020081
237562
430184
341753
229129
227335
341465
335470
235351
227900
342239
342137
226834
227561
429122
123940
229180
113274
435635
227641
337888
229174
450403
342509
335626
430256
336802
229183
228952
335455
237313
404248
336061
122915
335542
331729
436142
332608
335662
330742
123421
435737
331723
235137
332167
230207
336103
014933
336796
332623
230288
336094
331462
431387
404464
007584
228158
019112
435494
336808
335485
335377
337918
428912
448810
228898
019421
428636
342290
228454
021671
332275
429167
436148
229105
331897
331306
019184
340894
341845
331999
229138
335473
335908
228008
341689
431279
008301
229198
019415
434348
330388
434414
229168
226927
341273
433889
342278
331555
331480
336787
237463
335647
450400
430859
340918
342841
436151
123124
435719
124108
449719
433856
428723
330622
336118
341972
342871
342236
331870
336019
019178
233214
336040
227924
237280
429467
343463
227765
331519
332239
330610
335380
342353
331567
113241
342916
431252
227768
228421
450406
227783
125722
450412
021956
019202
342211
341488
342178
337900
227744
228472
341872
331516
332152
341278
336031
237484
332266
008271
019319
430991
236836
124963
236932
019430
335374
330514
019133
341729
129264
434255
450418
341807
335362
008298
335332
235804
228943
229171
342065
237487
237478
228457
341813
124270
341996
018935
331522
450415
229132
228089
237436
450427
342329
341968
450421
336331
335311
123781
436121
228490
113244
332263
227720
342311
337879
342743
403906
332431
435743
227762
434921
435554
331594
230138
019157
230279
435557
342110
237457
228323
331711
341047
124543
341738
331984
332146
435503
435962
341867
228727
435596
435752
227059
228380
342055
228977
125206
331918
235561
330136
330568
330892
235122
341611
227933
332161
342217
233097
335329
228919
436334
124504
332830
232926
228329
123412
436022
332260
005568
005571
005574
005577
005580
005583
005595
005601
005625
005673
005676
005679
005685
005691
005694
005697
005700
005703
005706
005721
005727
005730
005736
005739
005742
005745
005748
005757
005763
005793
005796
005802
005805
005808
005811
005814
005817
005820
005823
005841
005844
005853
005856
005859
005865
005868
005871
005874
005877
005883
005889
005892
005895
005898
005901
005904
005973
006003
006012
006033
006048
006051
006054
006057
006063
006066
006072
006090
006093
006096
006102
006105
006114
006120
006123
006126
006129
006132
006135
006138
006141
006147
006150
006153
006159
006165
006168
006171
006174
006177
006186
006189
006192
006195
006198
006201
006204
006210
006213
006219
006222
006225
006228
006231
006234
006243
006249
006255
006258
006264
006267
006270
006273
006276
006279
006282
006285
006288
006291
006294
006300
006303
006309
006315
006321
006324
006327
006330
006336
006339
006342
006345
006348
006354
006357
006360
006363
006378
006381
006384
006387
006393
006399
006402
006408
006417
006420
006423
006426
006429
006432
006435
006468
006471
006474
006477
006486
006489
006492
006507
006516
006519
006522
006525
006528
006534
006588
006594
006651
006654
006690
006693
006696
006699
006705
006708
006720
006723
006726
006750
006771
006774
006783
006792
006795
006819
006858
006861
006864
006870
006873
006876
006879
006960
006996
007044
007047
014255
014261
014264
014267
014270
014273
014276
014285
014294
014309
014357
014360
014363
014366
014369
014372
014375
014378
014381
014393
014495
014504
014507
014513
014516
014519
014522
014525
014528
014531
014564
014567
014570
014579
014582
014591
014594
014600
014609
014612
014615
014618
014621
014627
014630
014633
014636
014648
014690
014708
014714
014720
014738
014765
014771
014789
014795
014807
014810
014813
014828
014846
014858
014915
014954
014984
014987
014999
015017
015029
015041
015077
015152
015302
015335
015338
015341
015353
015359
015362
015365
015368
015371
015374
015380
015383
015389
015392
015398
015401
015404
015407
015410
015416
015419
015425
015428
015431
015437
015440
015443
015446
015449
015452
015455
015461
015464
015470
015473
015476
015479
015482
015485
015488
015491
015497
015500
015503
015509
015512
015518
015521
015527
015530
015536
015539
015542
015545
015551
015563
017576
017582
017588
017594
017597
017600
017603
017606
017609
017615
017618
017627
017633
017636
017639
017648
017657
017660
017678
017681
017687
017690
017693
017696
017699
017705
017711
017717
017741
017744
017756
017765
017768
017771
017774
017777
017780
017783
017786
017789
017792
017795
017801
017804
017807
017810
017816
017819
017822
017828
017831
017864
017873
017876
017879
017885
017909
017963
018083
018089
018092
018095
018098
018107
018119
018149
018158
018176
018179
018188
018200
018203
018209
018254
018257
018260
018263
018266
018269
018290
018311
018344
018368
018395
018422
018437
018512
018560
018566
018617
018623
018638
018665
018668
018671
018674
018683
018695
018902
018905
018908
018956
018959
018965
018977
018980
018983
018995
019007
019010
019016
019019
019022
019025
019031
019034
019040
019043
019046
019049
019055
019067
019070
019073
019433
019448
019454
019460
019463
019466
019478
019487
019499
019517
019523
019526
019529
019535
019538
019544
019550
019553
019565
019568
019574
019586
019589
019592
019607
019610
019616
019646
019694
019712
019721
019733
019763
019775
019778
019793
019796
019892
019904
019913
019916
019922
019925
019928
019931
019934
019940
019946
019949
019952
019958
019973
019979
019982
019991
019997
020000
020003
020006
020009
020012
020015
020021
020024
020027
020030
020033
020039
020042
020045
020051
020057
020060
020063
020069
020072
020099
020102
020108
020114
020117
020120
020123
020126
020135
020159
020204
020213
020225
020228
020231
020255
020264
020282
020306
020309
020312
020318
020321
020327
020330
020333
020336
020339
020342
020348
020354
020360
020366
020375
020378
020381
020384
020390
020393
020396
020399
020405
020408
020411
020417
020420
020426
020429
020432
020435
020438
020444
020447
020450
020453
020456
020459
020465
020468
020471
020474
020477
020480
020483
020486
020489
020492
020495
020501
020504
020510
020513
020516
020519
020522
020525
020528
020531
020537
020540
020543
020555
020561
020564
020567
020570
020573
020579
020582
020585
020591
020594
020597
020600
020606
020615
020618
020621
020627
020630
020633
020636
020639
020642
020645
020651
020654
020657
020660
020666
020669
020672
020675
020681
020687
020690
020696
020699
020702
020705
020708
020711
020714
020717
020726
020729
020732
020738
020744
020747
020750
020753
020756
020762
020765
020768
020771
020774
020780
020783
020789
020792
020798
020801
020804
020807
020810
020813
020819
020822
020828
020834
020837
020843
020846
020849
020852
020855
020858
020861
020864
020870
020873
020879
020882
020885
020888
020891
020894
020897
020900
020906
020909
020912
020915
020918
020927
020933
020936
020942
020945
020948
020957
020960
020963
020978
020981
020984
020987
020990
020993
020996
020999
021002
021005
021008
021014
021017
021020
021026
021029
021032
021035
021038
021050
021053
021059
021062
021068
021071
021074
021086
021089
021098
021104
021107
021110
021134
021200
021206
021209
021212
021215
021218
021221
021224
021230
021233
021239
021251
021257
021263
021266
021269
021275
021278
021332
021341
021344
021347
021353
021356
021359
021362
021365
021371
021374
021377
021383
021395
021398
021401
021404
021407
021410
021413
021422
021425
021434
021440
021443
021446
021449
021452
021455
021461
021470
021476
021479
021503
021506
021512
021518
021521
021524
021530
021533
021539
021542
021545
021548
021551
021557
021560
021563
021569
021575
021578
021581
021584
021587
021590
021593
021596
021602
021605
021611
021614
021617
021629
021659
021662
021665
021704
021707
021710
021713
021716
021719
021722
021725
021737
021743
021767
021785
021812
021815
021818
021824
021827
021833
021836
021839
021842
021845
021851
021854
021863
021866
021869
021875
021998
022004
022013
022019
022022
022028
022034
022037
022043
022046
022052
022055
022058
022061
022070
022073
022076
022079
022082
022085
022091
022094
022097
022100
022103
022106
022109
022115
022121
022127
022130
022139
022142
022145
022148
022151
022154
022157
022160
022166
022169
022172
022175
022178
022184
022190
022193
022196
022202
022205
022211
022214
022217
022220
022223
022229
022232
022244
022247
022262
022286
022289
022292
022295
022310
022313
022322
022325
022328
022331
022337
022340
022343
022346
022349
022355
022391
022394
022403
022406
022409
022412
022415
022418
022427
022442
022547
022553
022556
022583
022613
022622
022628
022634
022637
022640
022643
022676
022679
022691
022751
022766
022799
022802
022811
112395
112398
112404
112443
112446
112452
112455
112464
112467
112470
112473
112476
112482
112485
112491
112494
112497
112500
112503
112509
112512
112518
112521
112527
112533
112536
112539
112542
112551
112557
112560
112566
112569
112572
112575
112578
112620
112623
112626
112629
112632
112638
112641
112647
112650
112674
112677
112680
112683
112686
112695
112698
112701
112704
112710
112725
112731
112734
112743
112749
112752
112779
112788
112791
112797
112803
112806
112866
112890
112893
112995
112998
113001
113007
113013
113067
113070
113073
113079
113082
113085
113091
113097
113100
113103
113106
113109
113112
113121
113127
113130
113133
113136
113139
113142
113145
113148
113154
113157
113160
113163
113166
113172
113175
113178
113280
113289
113295
113298
113301
113304
113310
113313
113319
113322
113328
113331
113334
113337
113355
113391
113394
113406
113412
113466
113481
113484
113502
113535
113571
113676
113682
113691
113742
113751
113754
113763
113775
113778
113781
113817
113850
113853
113859
113862
113868
113883
113892
113895
113898
113904
113907
113910
113913
113946
113952
113964
113985
113994
114027
114042
114054
114060
114066
114075
114123
114153
114159
114162
114168
114195
114198
114270
114273
114276
114279
114282
114288
114291
114294
114297
114300
114303
114306
114309
114315
114318
114327
114330
114333
114336
114339
114342
114345
114348
114351
114354
114360
114363
114366
114369
114372
114375
114378
114381
114384
114387
114390
114396
114408
114414
114417
114420
114423
114426
114429
114432
114435
114456
114459
114462
114468
114483
114486
114516
114522
114549
114552
114555
114567
114573
114576
114582
114597
114615
114618
114624
114633
114660
114663
114666
114669
114672
114675
114678
114681
114684
114687
114690
114696
114699
114705
114708
114711
114717
114720
114723
114726
114732
114735
114738
114741
114744
114753
114756
114759
114762
114765
114771
114774
114777
114780
114783
114786
114792
114798
114801
114807
114810
114813
114816
114867
114870
114873
114879
114882
114888
114894
114897
114900
114903
114909
114915
114918
114921
114933
114939
114942
114945
114948
114951
114957
114960
114966
114969
114972
114975
114984
114987
114990
114993
114996
115002
115005
115008
115011
115014
115017
115020
115029
115032
115038
115044
115047
115050
115053
115056
115062
115065
115068
115074
115080
115083
115089
115092
115098
115101
115107
115113
115116
115125
115128
115131
115137
115140
115146
115167
115176
115179
115182
115356
115371
115407
115428
120596
120602
120617
120623
120626
120629
120632
120635
120638
120641
120644
120647
120653
120656
120659
120662
120668
120677
120680
120683
120692
120698
120701
120704
120707
120710
120713
120716
120719
120725
120728
120731
120734
120737
120743
120746
120749
120752
120770
120785
120806
120812
120815
120818
120821
120827
120830
120836
120839
120842
120845
120848
120851
120854
120857
120860
120863
120866
120938
120941
120950
120956
120959
120962
120968
120971
120974
120977
120980
120986
120989
120992
120995
120998
121001
121007
121013
121016
121022
121025
121031
121034
121040
121043
121049
121052
121058
121067
121070
121133
121139
121142
121148
121151
121154
121157
121166
121172
121175
121178
121181
121184
121187
121193
121196
121205
121211
121214
121217
121220
121223
121226
121229
121232
121244
121247
121250
121271
121274
121277
121283
121286
121295
121307
121310
121313
121316
121319
121322
121325
121331
121334
121343
121349
121352
121355
121367
121370
121379
121391
121400
121421
121430
121433
121445
121448
121454
121457
121463
121466
121469
121472
121475
121478
121481
121484
121490
121493
121496
121499
121502
121505
121508
121511
121514
121520
121526
121538
121541
121547
121550
121553
121556
121562
121565
121568
121574
121580
121583
121586
121589
121592
121598
121601
121604
121607
121610
121613
121616
121619
121625
121628
121634
121637
121640
121643
121646
121649
121652
121655
121658
121661
121664
121670
121673
121676
121682
121685
121688
121691
121694
121697
121709
121715
121718
121727
121829
121853
121868
121886
121889
121898
121901
121904
121907
121910
121913
121916
121922
121925
121928
121931
121949
122204
122207
122210
122225
122240
122243
122246
122249
122252
122264
122273
122279
122282
122285
122300
122318
122336
122354
122369
122372
122375
122480
122486
122495
122501
122534
122540
122543
122636
122639
122732
122828
122831
122849
122876
122879
122888
122906
122909
122999
123005
123014
123017
123020
123044
123050
123053
123056
123059
123062
123065
123068
123071
123077
123080
123089
123092
123095
123098
123104
123107
123110
123113
123116
123122
123125
123128
123146
123149
123151
123154
123157
123163
123221
123227
123230
123266
123272
123275
123284
123287
123296
123299
123317
123631
123643
123646
123649
123667
123682
123685
123694
123697
123733
123736
123739
123742
123763
123793
123814
123817
123820
123826
123844
123865
123895
123898
124036
124042
124045
124054
124375
124378
124381
124384
124408
124417
124576
124579
124810
124819
124912
124915
125329
125332
125401
125419
125443
125773
125776
125782
125785
125791
125794
125797
125800
125803
125809
127014
127017
127026
127029
127032
127035
127038
127041
127044
127047
127053
127056
127062
127065
127068
127071
127074
127077
127080
127083
127089
127092
127095
127098
127101
127107
127110
127113
127128
127134
127137
127140
127149
127152
127158
127161
127167
127170
127173
127176
127179
127182
127185
127188
127191
127194
127203
127206
127209
127221
127224
127230
127233
127245
127251
127260
127263
127272
127302
127314
127326
127332
127341
127374
127386
127389
127401
127413
127425
127446
127449
127464
127485
127494
127560
127563
127569
127572
127575
127578
127584
127587
127611
127635
127827
127836
127842
127857
127866
127869
127878
127881
127884
127887
127893
127896
127899
127902
127905
127911
127914
127917
127920
127929
127962
127965
127974
127977
127986
127989
127995
127998
128004
128016
128019
128022
128025
128028
128031
128415
128421
128502
128505
128514
128517
128520
128523
128526
128532
128538
128541
128547
128550
128553
128556
128559
128565
128568
128571
128574
128577
128583
128586
128589
128592
128595
128598
128601
128604
128607
128634
128637
128643
128646
128652
128655
128658
128661
128664
128667
128670
128673
128679
128682
128685
128688
128691
128697
128700
128703
128733
128754
128757
128760
128763
128766
128772
128775
128778
128781
128787
128790
128793
128796
128799
128802
128805
128808
128811
128814
128826
128853
128871
128904
128907
128919
128967
128976
129000
129003
129012
129039
129045
129066
129123
129129
129132
129141
129162
129177
129207
129213
129228
129267
129270
129273
129276
129279
129282
129285
129294
129303
129312
129318
129321
129327
129330
129336
129345
129366
129369
129411
129417
129420
129423
129426
129453
129471
129480
129489
129492
129495
129498
129507
129510
129516
129546
129552
129564
129588
129594
129597
129603
129606
129621
129639
226723
226729
226735
227170
227176
227179
227182
227185
227224
227227
227242
227485
227570
227579
227582
227588
227599
227614
227627
227648
227651
227654
227695
227698
227707
227710
227719
227725
227812
227816
227821
227822
227827
227855
227858
227861
227863
227864
227869
227872
227908
227917
227920
227929
228038
228074
228262
228271
228274
228280
228289
228292
228295
228298
228301
228304
228310
228316
228319
228322
228325
228328
228352
228407
228413
228416
228419
228425
228428
228431
228446
228449
228452
228455
228458
228470
228473
228476
228479
228482
228485
228488
228491
228497
228500
228506
228509
228512
228515
228518
228521
228524
228527
228530
228533
228536
228542
228545
228548
228551
228554
228560
228563
228566
228569
228572
228578
228581
228620
228638
228644
228659
228662
228665
228668
228674
228677
228680
228683
228686
228692
228703
228706
228707
228709
228712
228719
228721
228725
228728
228734
228737
228740
228743
228746
228749
228752
228755
228761
228764
228770
228773
228776
228779
228782
228785
228788
228790
228791
228794
228796
228797
228800
228806
228808
228809
228811
228812
228814
228815
228817
228818
228820
228821
228827
228829
228830
228833
228835
228836
228841
228842
228845
228851
228853
228854
228857
228860
228866
228869
228872
228874
228877
228878
228881
228884
228889
228892
228901
228904
228910
228916
228925
228940
228985
229033
229039
229045
229066
229069
229072
229075
229084
229090
229099
229102
229184
229187
229190
229193
229196
229205
229208
229214
229220
229229
229232
229235
229238
229241
229244
229249
229253
229255
229256
229259
229262
229264
229267
229270
229271
229288
229298
229301
229307
229327
229330
229337
229340
229375
229378
229381
229384
229387
229405
229406
229408
229409
229436
229439
229442
229448
229484
229487
229499
229574
229685
229688
229691
229694
229697
229700
229703
229706
229709
229715
229721
229748
229838
229841
229844
229847
229850
229853
229856
229868
229874
229877
229880
229883
229889
229895
229901
229904
229973
229982
229997
230012
230018
230030
230039
230060
230066
230075
230078
232746
232749
232752
232755
232758
232761
232764
232770
232773
232776
232797
232800
232803
232806
232809
232812
232818
232821
232827
232830
232833
232839
232842
232845
232848
232860
232863
232866
232872
232875
232878
232881
232884
232896
232902
232905
232908
232914
232917
232920
232935
232938
232941
232944
232956
233028
233148
233151
233154
233160
233163
233166
233172
233187
233190
233199
233202
233238
233247
233256
233328
233331
233349
233361
233367
233370
233373
233376
233379
233382
233385
233388
233391
233397
233400
233406
233421
233424
233436
233466
233472
233478
233598
233607
233628
233646
233652
233667
233670
233706
233712
233739
233757
233766
233787
233811
233928
233931
233934
233937
233940
233943
233946
233952
233955
233961
233964
233967
233970
233973
233976
233979
234063
234084
234087
234105
234126
234138
234147
234153
234159
234162
234165
234168
234174
234177
234183
234186
234189
234192
234195
234198
234204
234207
234213
234219
234222
234234
234237
234483
234489
234495
234498
234501
234507
234510
234513
234516
234519
234525
234528
234531
234537
234540
234546
234549
234567
234570
234573
234579
234582
234585
234588
234591
234597
234598
234600
234603
234604
234606
234607
234609
234610
234612
234613
234616
234618
234621
234622
234624
234625
234627
234631
234634
234640
234643
234651
234673
234717
234727
234730
234733
234736
234739
234745
234748
234750
234753
234754
234759
234760
234762
234763
234766
234768
234771
234775
234781
234786
234793
234795
234796
234798
234799
234801
234804
234805
234807
234810
234811
234813
234816
234817
234819
234822
234823
234825
234829
234835
234838
234841
234844
234847
234849
234853
234856
234859
234862
234865
234868
234871
234874
234880
234883
234889
234891
234892
234894
234895
234898
234901
234903
234904
234906
234907
234909
234910
234916
234918
234921
234927
234930
234939
234943
234945
234948
234957
234961
235000
235003
235005
235006
235008
235009
235014
235017
235018
235020
235021
235026
235029
235032
235035
235036
235038
235041
235044
235045
235050
235056
235062
235063
235065
235069
235071
235072
235075
235081
235089
235092
235095
235149
235152
235155
235158
235161
235164
235170
235176
235179
235185
235188
235194
235200
235203
235206
235209
235212
235215
235221
235224
235227
235230
235236
235239
235245
235251
235260
235266
235275
235357
235366
235368
235371
235375
235377
235380
235381
235386
235389
235392
235395
235396
235398
235404
235413
235416
235422
235425
235428
236359
236386
236395
236407
236410
236416
236449
236452
236458
236461
236464
236467
236470
236479
236485
236494
236497
236500
236503
236506
236509
236512
236515
236518
236521
236524
236530
236536
236539
236542
236545
236590
236596
236611
236614
236623
236638
236641
236644
236647
236653
236680
236686
236689
236692
236707
236710
236719
236722
236728
236731
236734
236740
236743
236746
236752
236755
236758
236764
236767
236770
237040
237070
237073
237076
237091
237097
237115
237133
237148
237154
237157
237160
237166
237169
237172
237175
237178
237181
237184
237193
237196
237202
237205
237211
237214
237217
237220
237226
237229
237238
237244
237247
237304
237322
237325
237379
237430
237502
237514
237523
237526
237532
237535
237580
237589
237592
237595
237598
237601
237604
237607
330355
330364
330373
330376
330400
330403
330406
330409
330412
330418
330421
330427
330442
330445
330448
330664
330667
330670
330676
330700
330727
330847
330850
330853
330883
330916
330937
330940
330958
330961
330976
330979
331216
331219
331240
331258
331261
331267
331732
331735
331738
331774
331777
331780
331783
331786
331789
331795
331798
331813
331816
331822
335509
335512
335521
335524
335533
335818
336139
336142
336148
336151
336157
336163
336166
336175
336178
336181
336184
336187
336190
336193
336199
336202
336217
336226
336238
336253
336256
336271
336280
336412
336418
336421
336424
336427
336430
336436
336442
336445
336448
336454
336460
336463
336526
336529
336532
336535
336544
336547
336607
336610
336616
336619
336622
336625
336628
336631
336643
336646
336652
336655
336664
336667
336670
336826
336829
336841
336844
336853
336856
336859
336862
336868
336871
336874
336889
336895
336898
336901
336904
336907
336913
336916
336922
336928
336931
336934
336937
336940
336943
336946
336961
336964
336970
336973
336979
336982
336985
337000
337039
337042
337288
337309
337312
337321
337324
337327
337330
337333
337336
337339
337345
337348
337354
337357
337363
337366
337369
337387
337396
337441
337447
337453
337456
337459
337468
337471
337477
337480
337483
337486
337492
337495
337498
337501
337504
337507
337513
337516
337519
337528
337531
337591
337642
337663
337678
337681
337705
337708
337711
337714
337729
337807
337822
337837
337846
340192
340195
340198
340201
340213
340222
340225
340228
340234
340237
340240
340249
340252
340255
340258
340261
340267
340270
340273
340279
340285
340288
340294
340297
340300
340303
340306
340312
340381
340402
340405
340408
340438
340441
340444
340447
340459
340471
340474
340477
340480
340483
340486
340495
340573
340576
340579
340582
340585
340588
340591
340594
340597
340603
340606
340609
340612
340615
340618
340621
340627
340630
340633
340639
340642
340648
340651
340654
340657
340660
340669
340675
340678
340681
340684
340687
340973
341018
341033
341039
341045
341048
341063
341066
341069
341072
341075
341084
341090
341099
341102
341105
341108
341111
341114
341117
341120
341126
341129
341135
341138
341141
341150
341153
341156
341198
341201
341207
341210
341216
341219
341225
341231
341237
341252
341276
341279
341303
341324
342080
342086
342113
342119
342403
342418
342424
342430
342436
342439
342448
342457
342466
342469
342478
342484
342490
342520
342538
342556
342568
342574
342577
342580
342583
342586
342595
342607
342616
342619
342628
342652
342661
342673
342676
342679
342685
342691
342694
342697
342700
342703
342706
342712
342730
342733
342736
342739
342742
342745
342748
342757
342766
342769
342802
342808
342811
342814
342869
342875
342878
342881
342887
342890
342896
342902
342905
342908
342914
342917
342923
342926
342929
342935
342938
342941
342944
342947
342950
342953
342959
342962
342965
342968
342971
342974
342977
342980
342983
342986
342995
343031
343043
343052
343058
343106
343109
343112
343115
343124
343127
343130
343145
343148
343175
343181
343187
343190
343193
343196
343199
343202
343205
343211
343220
343223
343238
343262
343280
343286
343289
343295
343298
343301
343304
343307
343322
343325
343334
343337
343352
343370
343391
343397
343400
343418
343424
343433
343436
343442
343538
343541
343547
403639
403645
403669
403672
403684
403687
403741
403771
403807
403843
404092
404107
404119
404122
404128
404131
404134
404137
404140
404146
404149
404155
404158
404161
404167
404170
404176
404179
404188
404458
404461
404470
404479
404485
404488
404491
404500
404506
404512
404518
404521
404530
404533
404536
404551
404563
404569
404572
404575
404578
404581
404587
404590
404593
404596
404599
404605
404608
404611
404614
404626
404629
404635
404638
404641
404644
404650
404653
404659
404668
404671
404677
404680
404683
404686
404689
404695
404698
404887
404896
404899
404902
404905
404911
404959
404989
405004
405007
405013
405016
405019
405022
405025
405028
405031
405034
405037
405040
405043
405049
405052
405058
405064
405067
405073
405079
405085
405097
405103
405109
405112
405286
405412
405421
405424
405427
405430
405433
405442
405454
405460
405472
405484
405493
405499
405502
405505
405508
405514
405517
405520
405526
405529
405535
405538
405541
405544
405547
405550
405553
405556
405562
405691
405694
405697
405700
405706
405709
405715
405718
405721
405724
405727
405730
405733
405736
405739
405751
405757
405760
405763
405766
405769
428300
428306
428309
428312
428315
428318
428321
428324
428330
428336
428339
428345
428348
428351
428354
428357
428366
428372
428375
428384
428387
428393
428396
428405
428411
428414
428420
428426
428429
428432
428438
428441
428444
428447
428450
428456
428459
428465
428468
428471
428474
428483
428486
428492
428495
428531
428537
428540
428543
428549
428552
428555
428558
428561
428573
428576
428645
428651
428654
428663
428684
428732
428741
428744
428759
428765
428768
428774
428780
428783
428786
428789
428792
428795
428798
428801
428804
428831
428924
428927
428933
428936
428942
428954
428990
428999
429005
429014
429017
429020
429026
429029
429032
429035
429038
429041
429044
429050
429053
429056
429059
429062
429068
429074
429080
431153
431156
431159
431162
431174
431177
431180
431183
431186
431189
431192
431195
431198
431201
431210
431216
431219
431225
431234
431240
431246
431306
431312
431315
431321
431324
434120
434123
434126
434132
434138
434141
434147
434684
434702
434705
434708
434711
434777
434804
434807
434819
434822
434828
434831
435005
435008
435020
435023
435026
435056
435062
435065
435068
435071
435074
435077
435080
435083
435089
435101
435116
435161
435362
447988
447991
447994
447997
448000
448003
448006
448015
448024
448027
448030
448033
448036
448039
448042
448045
448048
448051
448054
448060
448066
448069
448072
448075
448078
448081
448087
448090
448099
448120
448126
448129
448132
448135
448138
448141
448144
448147
448153
448156
448159
448162
448165
448171
448177
448180
448183
448189
448192
448195
448198
448201
448204
448207
448210
448228
448342
448345
448354
448357
448360
448363
448366
448372
448375
448378
448381
448390
448435
448447
448765
448777
448786
448792
448795
448801
448804
448807
448819
448909
448912
448915
448918
448921
448924
448927
448933
448942
448945
448948
448951
448957
448969
449074
449083
449092
449095
449098
449104
449107
449110
449119
449122
449128
449131
449140
449143
449146
449149
449155
449176
449182
449185
449191
449197
449200
449203
449206
449233
449272
449281
449326
449344
449359
449371
449377
449380
449389
449413
449416
449419
449422
449425
449443
449449
449452
449455
449458
449461
449464
449485
449488
449494
449497
449506
449509
449512
449515
449752
449758
449761
449764
449767
449776
449779
449782
449788
449791
449794
449797
449803
449806
449818
449824
449827
450472
450535
450538
450550
450553
450556
450559
450562
450565
450568
450571
450574
450577
450589
450601
450604
450613
450628
