434117
228751
450058
228829
228238
227584
435965
022811
017681
020501
331075
342851
336040
007695
234969
435269
331729
341623
125395
227434
336028
330802
335899
330142
435026
341410
236230
336892
228268
428558
341146
332419
233121
330652
434735
342794
332809
435896
229190
019220
404044
342317
435935
435785
431279
330751
436340
123967
341797
342829
129237
429140
332743
125611
237496
125491
124684
342311
341476
435839
232863
228179
235816
336118
434408
342641
342209
342530
124543
125458
332182
434072
332242
227374
123931
124525
429353
342779
228823
121142
230012
336280
014441
434765
228574
429281
018788
227662
336823
019409
230153
228397
019460
332254
336844
227653
341812
019712
335854
430310
336151
341566
226732
429425
227203
433883
340843
019478
226723
230183
430316
335656
331957
435449
332440
429341
330178
233238
331096
434024
228419
449968
435005
434207
449488
124591
017966
434573
335428
336094
330811
335824
127857
343124
236068
127767
341230
331876
019142
342758
123628
436322
342470
342815
435650
342040
019115
018593
341978
125260
014450
125488
449560
228172
448870
331519
341456
230147
435731
227416
449974
123334
332341
331621
230279
232986
017609
021266
331987
019385
229973
227386
341597
017678
226858
233112
227170
227515
342821
125419
342224
234207
331573
342755
019157
434060
435674
335557
434039
341704
404386
227008
341092
336076
431324
342584
124036
019394
123541
228083
341738
342485
434996
018158
332020
429380
227371
448840
121079
336364
340936
237181
434387
227323
436208
121745
435371
020147
434414
341401
232917
019184
233277
226954
124651
429206
233049
226921
007692
433859
228757
123583
336874
341752
226795
227296
335995
341584
228460
233292
341915
433880
341188
341215
435857
331783
404275
331795
435536
429416
436202
330292
342248
331339
330445
343463
019775
232857
434366
404038
433784
022817
228736
008196
429167
336793
125185
404356
332395
429155
331567
436064
122981
340882
340879
228983
330676
435704
123553
434678
228037
449857
332431
332608
435503
227461
342356
236062
331291
332641
229201
434711
331576
342823
123220
228046
229778
340714
434084
448867
403594
343271
227116
331768
449872
123289
435653
430301
404530
006243
405811
433667
229766
228236
228490
342458
330871
332746
435605
236461
017693
449689
448927
014480
448918
342197
341485
331510
341653
341900
342437
019286
341674
435608
336127
120872
429404
123739
436292
331051
343130
018923
343448
341588
341335
019658
331666
331309
331891
405382
228245
330421
228989
237526
341891
435047
123688
435932
336889
227377
340744
330670
405205
435527
429377
434984
429512
448879
228541
228109
341582
342752
434111
449947
227527
342797
018803
125107
404419
229688
436121
342862
227131
342533
341725
341537
331108
449686
436304
434252
449905
428468
336751
449914
127758
227894
019196
449941
227044
228514
434927
235894
341632
404410
335926
448984
331387
019526
450085
335818
435848
229571
113256
429488
229133
434576
228877
019505
332452
226882
404383
227224
335785
019778
434738
237502
342850
336082
235378
429347
449566
404392
341737
404269
330535
448915
434009
342353
342488
429200
429476
434459
332143
335797
226834
341065
435662
434057
124951
227221
121136
342275
335908
330538
342785
436169
331600
449980
342782
332446
335866
435881
113247
341059
404299
330727
404293
434138
331048
342398
014486
226717
341176
227059
330799
436232
403585
433757
434126
448885
228841
341302
342188
404254
342806
340885
332830
429770
342599
229091
343034
127764
436085
404485
436193
228418
335941
335938
018494
341501
330991
342689
227176
018506
235308
020258
434747
341513
428501
122990
404071
332701
226711
435740
124597
331954
404182
450040
331897
331831
123304
449878
448957
332674
019292
341605
235257
435569
404119
429134
342386
341095
229877
228196
331756
229736
341527
336070
230246
405199
332761
434228
330781
435218
124369
435266
227482
237436
436247
229004
341117
330694
340927
404326
342791
228790
330340
342191
341552
429452
330919
341170
434063
434384
404707
228763
331402
429308
227449
331495
341734
229142
331021
341716
449995
021497
430199
436025
342947
436364
331375
123178
434948
330160
448882
113154
121154
341612
449563
123577
343475
232929
227056
330544
331723
341251
342820
341191
434420
020222
113208
405169
332185
433697
226873
342013
434936
332155
228086
123214
125224
343154
331147
448891
125263
121094
341212
228862
342674
227230
020216
331252
227011
434780
342491
123226
330511
229010
435842
227446
341668
342494
434744
331885
342374
336946
124663
341209
431354
228475
341242
450013
341218
331975
335968
435401
123115
331030
434231
434264
229208
227311
227086
336727
449677
017636
429359
332239
335965
431372
229742
227428
022808
404056
341671
336796
335890
237454
341701
228544
405133
331225
434966
341927
227473
227158
124987
434831
332374
227287
234477
341455
436196
237490
342695
123199
019244
236548
123757
123916
335992
436268
405625
336043
404371
330376
235260
331588
330745
229105
341500
229760
434960
228478
331627
331390
341074
228835
342578
331513
342803
429446
435032
341534
429773
331996
341897
237268
435596
429407
342416
435884
404506
449866
226741
341305
342890
436058
343442
124090
228362
335560
336055
341275
436328
341407
449428
124357
227026
228251
227380
331111
228571
330577
331045
228592
404404
434585
449884
227143
228191
125272
336724
229384
332215
404098
449977
125797
229739
123742
435707
331417
227038
228730
342623
331705
019187
342743
331342
341104
342827
330805
234859
342995
330874
435410
335464
019193
335728
434048
332764
342545
449074
330184
226960
434669
342245
341524
404368
404452
127971
429161
342877
228398
227014
228197
433772
123730
331189
434402
404695
121088
123181
341554
342722
226828
404458
340498
229213
230243
341803
341867
342500
434255
449863
124375
342887
342142
434447
330556
434750
331204
125473
330766
341233
332128
233244
341750
125527
019304
342836
017627
228323
226774
436001
229132
233262
341576
228254
429188
229139
335455
019169
434438
434375
341969
341489
343457
429419
229751
434396
342124
336856
342908
449206
450034
404338
404083
343139
228853
018920
019151
433856
332368
341032
123511
335974
020285
448921
122960
435611
232995
342941
341563
227239
121772
331144
434468
342506
449716
404023
341323
429440
435263
227398
404032
342019
342854
434096
434681
332137
019067
330787
435398
405091
227920
341567
233007
226936
228508
404389
228535
336301
404122
448873
332179
342788
228028
342052
123712
229109
434567
429401
429251
228481
228317
335647
232977
449533
436334
331150
123952
335449
342704
228998
229207
226810
228359
429356
449536
342287
332413
435512
227293
227299
341350
341353
342160
336175
448981
330493
341102
331594
332227
435995
229198
125401
229189
434777
233256
449200
342043
226912
448960
020141
331969
330793
336133
122993
332416
123172
331714
448903
341765
226978
343436
429332
341551
336172
332263
336295
019019
341536
235266
020984
227137
123442
450100
129504
342365
228727
235825
229130
336106
434141
019694
342572
434921
405388
332104
341507
342926
019253
429203
435782
336940
342569
435404
019259
336736
228811
332209
343127
340846
342725
404281
434987
434081
229781
019265
330214
341072
342587
449707
233130
017660
341710
331384
021062
342392
123700
342217
430274
449839
018509
229151
226903
405142
233139
331984
336163
434804
429383
341617
435878
229763
341876
235288
227659
020267
112656
123163
123958
019316
020444
123250
342467
229117
227551
331423
341293
342950
435686
227953
330622
019031
235149
343157
332827
449515
125464
448933
435779
335962
433904
341894
020198
124198
435725
125077
434417
228769
123736
019127
449485
405607
341464
404512
228140
125095
449704
429482
335953
332782
335653
113715
229126
336304
448438
228155
331174
435518
434201
331126
435458
331444
341984
232860
015308
331798
436274
330559
434183
125026
114378
226906
341855
330757
125233
336748
340933
236047
405172
331141
335482
017633
342457
229156
449971
342734
125050
335644
229195
429152
228031
227035
330604
331129
228167
228203
229018
330295
335806
341105
019415
330343
335950
123964
233253
019763
228988
342055
341557
435635
235924
448459
341152
448828
331633
342848
336370
449719
435557
019175
228562
341167
330502
429257
125032
017945
019283
019361
235216
113253
230159
226870
434483
435752
233727
429305
330430
331216
233241
342518
341599
435803
341531
228212
227452
429221
235375
228433
332245
234483
336742
435575
342746
228550
436259
434945
435677
226813
435272
228332
448855
342662
342653
236044
404425
014468
335956
429191
019274
405802
332320
330529
435641
114027
331999
237580
233046
341227
336715
340747
341149
341579
449860
436337
123775
020183
228505
125074
112650
123124
404734
228200
342874
226753
337591
341080
233298
330769
330742
434219
123745
124654
020990
342590
331240
129315
433736
336058
341224
331660
341119
429293
124372
429158
342407
331555
332623
123211
123907
450052
435533
434456
014477
014459
435743
342214
341182
435968
341206
332791
404188
337939
435902
405088
020288
018503
235314
342215
341743
019178
124645
226915
342542
332434
435545
331570
335860
429449
331228
435845
227464
227404
429311
226993
435959
434588
435509
404014
405073
233124
332833
330175
436130
020072
435416
331285
340888
234936
233040
449875
019166
120890
019499
331840
341788
332326
123349
124660
450076
336772
404017
229103
342923
429260
341023
125800
434594
123709
124045
340816
343160
436331
429170
429785
233283
342362
341089
227332
341509
332788
332164
342431
020246
122225
435572
330427
226948
404302
343433
341753
405208
123940
227071
331411
227245
405601
435713
331393
335611
233280
434300
331069
429227
124081
429350
125482
230213
341819
342136
342632
436346
124480
123298
428495
436004
404320
428513
113697
123766
020174
342833
019121
337918
341516
229025
435911
229883
121121
123187
230186
341254
330346
336049
341492
128052
429296
125071
403672
342811
435821
124627
404551
226768
435515
021026
229895
448963
342461
340912
227338
229184
342419
449992
449896
342221
228538
342554
435869
228844
227161
341374
448888
342986
234480
342329
123008
342800
429428
125086
128061
017960
235381
125191
340918
229393
228220
229396
341468
436205
124885
330490
237514
430193
236050
335641
330181
342203
342323
021029
449575
123241
435716
018941
229784
330541
019223
020276
020249
340903
330208
226819
236311
434630
228992
448834
228721
434951
434702
227314
448831
228176
341416
230273
436028
229366
228173
332710
434528
450010
123316
341746
022814
434105
229088
228583
434369
405139
228431
330634
434246
429467
330298
123784
434684
342824
228754
019463
228274
124648
228365
436319
342869
341128
017981
429443
434033
228202
331612
449938
436088
125104
233331
336142
340897
342476
121151
341122
435746
332410
431390
342172
335605
237508
340855
125485
335500
229148
227383
330403
233127
342293
429242
330589
228439
405610
449851
228347
226981
019079
123922
341686
342404
450016
341972
229094
330796
435422
434192
342350
340828
342007
435521
429314
449569
431321
335836
430271
340513
335869
331195
341759
124909
112596
342761
124093
404080
124639
226969
228421
123910
341573
228814
336358
341518
332629
449005
436352
341873
336190
123238
125092
019160
236458
017969
336961
436040
435809
237307
435500
341707
228742
429464
341248
226738
449002
431369
435920
342335
341462
335617
019133
123832
342239
331492
404260
018791
342428
341075
124888
336091
331276
430277
018953
227425
124939
007266
124609
124963
332848
229001
227104
434720
332665
429263
228424
336139
449920
227080
125035
235831
019199
341879
336115
404515
341308
007677
341380
019073
335635
330721
228067
341200
341650
404347
237460
227470
342856
428732
124576
404413
342413
237457
332632
229166
331585
236779
341329
341512
341510
449548
235819
434108
125266
434591
429473
123955
331516
228253
342236
226864
229123
227707
226720
331546
405103
015374
330349
342133
336943
404428
342389
341728
342344
449911
331420
228178
341363
124606
018578
125059
342206
332029
341116
449908
229685
125158
404335
229874
331399
434147
429338
227455
021032
436238
431360
429524
341809
336130
021038
230177
342764
230150
237442
331327
341695
235102
330442
330514
436283
229868
113703
123448
124087
331231
433694
123235
336067
227242
123121
341393
342308
018914
341197
123781
405178
228871
330202
436229
331477
436367
330232
125257
341662
019289
342370
331468
331552
331177
335887
335782
228142
342284
123727
340840
436265
331780
124600
332716
236170
404488
341465
335932
428474
235189
236815
343304
014075
020354
430262
229408
124762
112494
022106
336931
127572
021563
235284
122294
020009
227876
112953
450448
428573
020657
337333
129291
123059
007092
234748
127188
127038
233097
336484
336490
330838
229997
113835
234981
337882
228719
450124
435326
403651
021365
234333
234921
008184
112632
233190
006228
429818
236680
014564
228770
405940
229235
235993
429551
236836
237286
430226
228068
335566
114345
430049
229484
449068
018668
124558
342143
114969
022157
124759
434144
228892
235330
020819
018443
405421
428621
122792
450577
018212
113781
007116
122951
121277
006474
127095
342107
129636
234631
120659
234234
405391
014360
018005
020846
341636
341396
341432
228860
113319
121805
127224
125599
448321
020894
014375
404872
128013
449722
021950
341231
128697
448774
235339
341330
120704
430811
341324
230201
331219
122762
006468
236647
449395
431219
428990
235333
121349
005811
124300
236881
008298
405535
022262
429137
014525
007911
114894
340471
021002
022004
127650
115017
015296
448210
342832
007083
015440
234510
020582
235870
335545
127779
005679
128208
228952
128757
341156
428336
228473
020978
341848
237076
127593
115356
018521
113286
430379
337468
125338
020390
236104
229442
128088
128709
124990
236503
341066
124858
405376
127836
120725
227720
450694
113103
233598
122282
021071
234582
340615
021104
129285
336499
228079
431177
006321
343325
341180
114408
336436
343337
428879
007338
013115
428447
428783
022061
430220
431084
014594
228509
129465
229841
112455
237202
428372
405694
340342
020159
234414
235002
021455
121274
020927
127746
020627
342050
229340
429842
021875
236434
020117
232839
123589
017873
123619
235399
114414
014393
123634
235179
405637
405358
449143
007959
128367
120851
021533
122279
340627
022325
115074
447994
235270
121682
129336
330916
235071
236734
019616
235306
018554
019991
450391
229070
018752
123493
405097
236830
330961
227992
431288
227542
237232
228029
123490
234753
234957
128238
005802
234240
128376
229610
124780
431255
006384
121880
340240
006390
128079
429596
014255
121178
336568
125755
022613
113166
403942
429728
405013
123035
340222
428774
448345
340267
021326
114945
335734
228743
019913
403753
449371
340444
114054
335437
127929
022640
012842
228311
227873
405880
340360
228551
022583
127098
405163
007275
449602
434882
123068
335386
430439
448036
235164
403969
006774
449362
125251
125320
341758
405304
021827
123373
121640
127800
336532
228112
435062
235209
341893
121058
020891
449140
121052
448468
405232
234153
014423
233133
006711
121547
112485
450310
404578
021707
235036
336325
342112
237211
343424
335320
020618
020453
430424
405040
235425
237205
229220
449302
430013
122432
405217
227827
235107
006450
113355
127911
007074
236224
448204
450151
114300
125296
007668
112608
020012
431138
112638
434120
230285
341162
234705
122264
127998
120911
234711
017618
021254
236752
403999
340366
330844
129516
404518
021917
234924
127608
113640
228479
340381
341437
014345
335731
127263
123104
336526
340543
112497
128475
336934
014915
014495
122276
449653
233667
449083
235299
114639
340273
431117
120653
340192
128637
430535
227939
128022
114060
112512
337954
236326
435248
123814
403993
450466
342134
234378
233883
121838
124879
435296
114279
122420
234607
236167
429716
233901
020906
015518
428744
236443
007707
450589
429848
430769
122681
127083
121271
114774
021482
127689
120746
021989
006324
007698
121853
335404
015479
237226
232827
128607
127563
128919
235194
449824
127692
330937
340252
018167
405457
337942
429587
335278
021362
237034
018488
335353
121445
229357
430445
448591
428912
013124
235510
007728
235018
127194
129492
429593
228644
127989
007659
019646
234798
335293
236962
227665
113133
342086
430550
021944
128169
335275
019784
227986
020750
236791
129696
020339
336553
114816
403522
022829
234868
006183
428429
448507
127278
430328
020771
430418
404902
122753
234447
018857
123077
335338
121244
007650
013127
020432
405280
112464
018608
343019
020645
405007
006057
227978
233376
404896
403564
234801
236485
020714
226780
448579
228821
121907
343115
128223
122204
342520
237334
007410
335473
018038
128514
021353
006864
228338
114648
448498
129594
235597
014543
330355
448705
128106
123886
112551
449479
128232
229177
021659
342118
007575
429056
336652
235678
449128
235570
429977
229595
342152
127749
124258
121733
450385
021686
448528
227966
234204
227968
405181
430202
020630
121070
229850
127968
341195
227828
114696
228344
236995
121856
234342
234195
235966
403927
234895
235062
127632
229270
232956
235591
430352
342032
337369
125323
429821
233382
430547
235303
405454
234357
449776
234903
449641
405151
336445
018227
022403
429041
120698
124210
018497
122285
450499
343061
340663
021641
430406
022022
335524
227801
121076
431312
019055
403906
430106
006063
014357
430796
448990
123478
121808
020255
021422
006693
021851
121310
236152
450175
127842
341911
237229
007428
007590
113049
228287
405427
128736
450550
330862
229589
405037
127569
234616
128574
235441
336616
022028
449098
115089
020210
405958
018725
005736
236854
429914
125359
336193
124834
020747
403609
340345
123044
430178
234453
235357
022247
018671
336271
234738
233025
127170
404224
227281
233094
114783
340294
429671
007716
228101
449041
019721
236812
336925
235395
429968
021344
341201
236278
232749
128424
405646
336427
234736
227863
121073
430355
235428
013766
229655
336670
021209
429659
123268
228044
404806
428948
234417
336646
228818
405985
450349
429956
228038
337495
112710
125566
127587
340633
122453
121718
014078
007725
337324
006879
021440
335632
342883
234669
232758
235056
335767
129453
236863
450508
019931
236344
450358
018731
018311
020690
235120
449605
021431
113895
449326
448282
121769
450553
114327
122921
128340
121454
330466
006036
018344
342971
236005
236614
405997
234961
341252
122456
124498
449593
006186
114642
234799
114741
113769
236497
335260
232905
020360
449305
235717
342094
341768
435059
434909
125254
235026
228815
430877
233646
234943
342137
129564
236041
330385
112533
114615
343031
013448
128160
014252
434159
403750
449509
430748
234528
406006
234945
018149
227726
113304
020102
430400
341782
121496
227767
341839
112404
404635
128346
127635
020696
229049
020945
021134
112905
341138
337339
122318
127149
127026
122849
340255
435290
227710
340618
113085
430142
019820
013121
449194
403870
020861
234567
341444
227846
113223
006231
115083
007059
128202
128172
122831
021008
120866
013388
434174
430235
428321
020126
235360
428345
405433
121016
128559
112614
228032
235633
013523
228994
228500
336448
121247
342700
429893
021539
121421
123415
335851
335323
120710
021425
007527
120635
020960
343052
404167
236263
020942
234276
113751
020855
235849
020801
121649
113028
127674
404638
331306
006948
017615
237016
429947
343106
121205
021356
114462
430007
405367
125674
342077
430913
342661
448975
403612
428450
234462
429560
228692
232908
227588
236095
227869
448549
236956
429626
121550
234900
229622
342164
340486
228881
430061
121193
342974
236524
237007
448363
123496
341860
430952
341428
234927
007746
013130
113904
450220
020510
114921
120962
337504
404791
234708
335578
121391
125734
227561
121172
007794
020027
337903
431129
434171
236644
342466
128442
127260
021401
331003
430739
120752
342448
335881
234174
019793
234835
430916
340606
014036
335737
450277
123898
122822
403714
430403
430517
429734
124018
229244
227983
234999
005748
124015
235723
012878
112695
014522
404812
127701
020111
430331
428846
227708
335746
120692
429929
008004
014033
113271
340474
428420
022412
428633
343508
232935
019982
123649
340279
113001
114903
448180
235219
230288
403579
336460
129528
430337
115011
343535
236926
228103
236335
450463
015542
114348
015365
007635
431018
430781
235621
018050
337894
227713
340708
342571
340973
014513
227951
228010
021824
121478
449350
228023
449458
128316
234426
450214
336355
128253
007830
342889
019997
237352
435203
404875
228749
128976
449731
007203
123361
113913
237184
342083
234726
114966
342691
019433
020450
022184
236719
125287
125620
341795
020765
233229
340621
403606
236089
228059
112395
449434
337885
021224
115068
128658
235945
124864
005922
007986
122780
229162
342667
335770
430967
007056
018260
006489
124852
237055
114387
435116
129621
227200
113139
235954
235143
022409
430676
232896
405904
435320
342022
227744
404020
448714
337861
236707
448045
114468
124741
235372
229448
227768
404809
128742
428876
127029
235618
405739
450286
007416
014591
123116
234939
128790
234372
336970
022346
428915
127977
120950
128124
124786
335713
429035
014690
449632
341857
227563
233973
121343
229487
017603
112491
020729
341435
127494
128430
341372
428954
125218
431198
236245
020843
335341
403615
449623
114675
015341
330382
448732
007923
013955
128427
014582
020051
017876
127332
450430
228013
405538
236857
228797
022232
343220
431000
331813
236773
234246
122807
122915
343547
021524
430280
448162
341426
429902
404665
405397
233670
020540
113667
448585
112557
340678
430784
336622
018032
403873
007860
429065
124261
018083
435344
005685
124201
020807
342646
342895
342577
228785
450439
129348
112956
007422
405700
123397
007788
232842
430397
233160
233166
431042
343040
228095
448609
228001
124615
007896
449746
237280
006519
430415
018905
022013
018719
021077
229616
236053
341755
235368
342559
006894
233907
449368
006750
429683
448645
007755
237325
430139
234294
121067
007893
449512
449086
006525
234255
450199
008256
403540
007953
129468
125173
330850
449422
122381
229814
014381
020822
405025
018242
340684
448525
429974
450244
128385
020792
235029
022070
228506
123673
331684
229043
121229
012857
403864
008235
020417
343205
121541
343280
022634
336643
113859
336778
428315
228979
021905
114771
021221
404794
428918
237172
235065
450406
233880
405514
113850
112779
123574
006327
021395
018896
448024
124024
017786
129417
430679
448708
006909
229847
008241
236818
404230
234765
122255
021590
450193
121658
234237
237595
021347
121886
405943
429911
449356
342029
006153
236257
336667
114888
234759
235221
122810
022337
128589
007737
430706
127233
228578
450370
128301
124921
235735
337879
230030
403843
449380
122441
014006
335413
449359
017822
235237
128298
335389
430949
450238
227855
121901
228296
449416
121295
237388
017885
235438
008301
228728
335347
123610
236203
237058
237304
340681
448636
114645
229285
337963
232965
430454
120647
123271
020300
331738
448183
237319
018728
227719
335434
127665
450136
449788
448147
428384
020486
234336
342065
405931
405202
234972
228053
229298
228662
235489
007680
007992
235498
018623
120749
343532
449419
450283
337855
122987
448489
115371
013517
018821
235942
015470
005568
022130
227728
128322
236398
017780
448996
335365
112530
448594
112611
229090
450304
337873
021965
431186
019994
403660
122744
430076
112935
235813
431090
450211
021206
128121
120623
228128
014270
336376
229499
015428
021239
020330
228497
430727
014600
430865
114753
236983
115080
235300
020297
450520
237601
228533
021998
229694
234225
235084
128796
429695
434900
404140
018224
430358
006258
015455
404650
234838
007293
232761
448270
122243
405271
128073
114282
125791
335758
450595
114948
340405
113841
430928
021449
114996
228872
429809
015509
127620
429926
428366
115032
124378
228292
335380
448198
449923
430808
017909
330460
227746
230237
125215
448390
233373
124810
450259
448519
449110
430814
429941
013148
124270
342119
018863
403603
431030
021284
448660
022196
233067
114792
005841
019436
343541
233328
127785
113091
020504
232875
014708
128409
020804
013520
405946
114759
448513
018869
123382
405733
121835
336610
123154
128082
125752
343277
127827
430247
335872
006471
430004
431009
430724
449164
233028
236710
233319
122882
235383
430757
234948
125626
114807
006417
228880
236098
430283
113280
123146
005817
405847
449758
343043
014498
341387
429557
013247
007461
115176
236740
335677
341111
021737
228518
228512
021926
430979
336982
227975
430838
450637
229658
448324
429632
235402
005583
236509
127893
123874
128703
115044
014309
013229
125125
019586
115047
128421
122885
429107
342146
113823
128394
429044
403552
127176
020762
448135
343070
017867
336529
007686
405574
342628
448240
013364
429824
123454
017765
120941
230210
343067
235185
429614
005916
017594
128505
019889
012968
022115
226783
017864
229261
235552
405832
006402
115053
236431
428843
429863
125746
022223
127965
114555
015368
449107
021245
120827
232941
450568
434981
015275
114918
006114
022331
129246
015419
124537
017708
341935
237589
337525
121061
403888
114951
017816
447991
122414
227698
112602
113241
449383
335884
337447
228836
006270
341039
124027
006204
429608
128178
404779
429905
014027
122387
020405
234871
020420
229240
228935
430478
121562
120656
006102
129525
340336
127107
428537
406000
237052
330958
450607
227984
020708
228094
121736
234898
227578
127878
335620
429032
430181
336628
428324
020870
127845
127887
121616
122735
014552
235918
120785
340201
128664
113391
021968
430964
336565
021335
019412
227762
431261
236212
235287
405511
007839
121031
229378
234735
228041
237187
017741
229249
227995
337492
449365
448228
007914
234489
112950
127656
232914
340447
429731
229820
404155
405529
114777
021653
405313
237070
342697
114339
405319
404611
336625
014138
007596
429590
006363
232755
435065
340369
430922
127167
123895
405925
124504
449386
121874
342742
015563
233226
236521
113202
340561
227933
018269
330373
018437
128109
129546
448222
121169
128733
112509
405838
234327
112584
227996
005757
405667
448258
430685
021410
405730
405877
228458
234285
337516
405820
428492
342056
229228
235095
018713
235981
015029
228380
405238
127722
235513
021890
235038
235645
228910
229210
114801
123643
005898
227783
021716
114432
121670
228011
020474
007512
235462
115101
020666
428927
429962
404149
228485
128466
228295
336487
342898
448552
342110
017774
021923
430991
235963
341845
404677
021812
234604
121469
237556
017639
129420
121466
337960
335317
020963
006426
340660
430217
006264
112914
236143
113559
020639
022676
235693
430091
233628
237547
128715
335530
228955
435539
236185
229279
014615
014363
235125
341261
020468
235377
123622
330454
008247
113268
330319
340303
237604
336319
007869
114711
234786
121034
448027
234772
430436
431021
335470
005739
234621
113313
236314
428351
342430
122249
112500
014237
112938
125542
448273
229159
233961
129555
235798
128673
005901
341018
342085
018029
340585
015401
125623
122450
123946
234817
227980
236638
227753
448540
018695
127119
022127
343286
129369
128136
336694
128100
127653
121661
335395
006852
115137
020483
431159
235915
448504
235069
020078
233979
430730
403897
236494
112683
403630
405766
020003
121196
129276
129444
405349
121634
235729
018761
020396
450679
014021
448663
115131
014243
403978
342730
020081
405907
120596
115050
336217
122714
120602
015461
405589
403705
405769
341615
017792
430871
005691
229073
234744
007776
022103
128418
020756
121220
114663
450316
120956
450613
020531
449092
337531
235897
229039
448600
429644
123529
236689
113571
018263
006888
236011
228683
405691
434156
021437
235341
007998
237391
125170
228542
405715
128547
128526
007425
236551
019973
113148
121097
229108
115092
124006
449167
022340
428426
122900
228139
007605
330922
341962
006720
449497
450418
128478
005574
017654
343181
343520
336703
342580
227918
124465
405586
341219
125584
018851
341447
113679
123682
235075
229856
448621
228122
428945
127917
236515
342652
007962
017576
006690
122804
405307
430541
121910
336382
233967
403912
341872
007770
342607
449329
234540
127839
236110
341780
342568
403918
113892
021230
122690
006147
228907
112542
343049
235891
235414
120998
404758
021785
122300
014366
341048
127101
122888
430136
124162
343289
020378
405763
123676
007647
122462
330817
405697
020042
124843
112629
235888
128553
235203
121481
018074
405955
428432
121004
112701
005730
122336
235714
021470
431162
235687
335719
450334
335377
129330
227734
237472
020600
120977
340489
128538
336784
006336
235405
229796
007929
129249
114066
449827
006498
020000
431144
121475
235501
331786
227807
342211
448744
234783
228560
234573
129366
015464
021704
120731
123125
006516
405289
428312
227867
020426
128361
236032
113106
128460
430118
123667
014276
124159
018089
021545
013790
235113
124267
236305
007827
236968
006444
405016
450682
008007
429797
405967
017831
123601
430466
429038
006048
123595
006192
228530
450415
127884
342149
018011
336184
127677
343301
233031
429599
007536
128451
228985
121472
343268
121538
404134
229799
448330
449662
335581
450319
021722
005856
017711
404170
237193
229183
122963
017699
405106
124873
428867
341672
234570
114939
435197
236731
405004
235450
430703
237247
112581
018446
007623
019637
235174
435356
124324
336352
114879
235324
013466
018524
234796
431150
431174
448039
340609
018884
236380
235525
431192
236395
123388
007617
450142
019619
019853
007821
120881
428936
021212
125137
331000
448090
229079
014612
128283
342184
404146
227900
127485
430844
229381
007881
234105
430388
236902
405781
013307
448465
430190
015299
125248
022109
405565
429020
450268
113721
448243
007758
020321
123053
113157
335314
448048
014504
006234
018698
014621
129429
114654
341135
429767
233940
124501
127080
022628
013286
123484
127131
431012
448756
341951
229229
428885
403645
342769
018026
228842
404161
448807
448201
235224
448639
128601
405439
236959
448696
115125
229180
428483
234847
125605
236035
122741
449095
229259
129303
236767
236023
021407
113073
234465
113013
013238
435329
021971
021329
342983
403924
237097
121316
336346
113766
114522
019043
342598
405109
007326
122291
234910
450451
428639
227800
227641
430526
122930
022328
232818
228755
450640
123685
123379
120860
341153
114933
006876
235228
229802
235327
340648
114756
020579
233148
228335
428858
120737
022355
336412
236026
014294
121049
128259
121064
235150
112521
113025
234733
128190
235495
235350
404761
021887
405286
403534
228104
337312
448246
021551
235273
128334
227870
228752
125758
227798
448561
342919
335521
127629
014417
430469
227638
128244
123343
234780
405721
405502
229300
120971
435377
337336
235690
006294
449464
448381
342088
330928
006912
018551
014987
022202
015500
335554
405052
234423
430211
228554
447988
019373
428318
114813
128103
430094
235675
450649
120683
112446
234354
342613
019529
020516
114660
449323
227651
021902
128199
112926
405160
128019
236584
230066
228149
342484
127068
235276
128724
341171
114699
021263
235846
404887
228283
234912
341774
429074
121325
020681
450481
121796
431003
014015
020987
428909
228208
236359
123820
113220
236140
335698
022016
234147
341303
021086
435323
435350
235750
448630
405430
127659
342712
235258
336502
450382
229327
235389
229253
121691
406012
403696
343505
429833
428348
113610
127071
431147
429005
014003
113142
019625
112590
125548
431066
236821
113862
018908
405352
341033
234390
450484
235624
113127
430253
228106
114318
113775
228869
236737
114732
006255
428714
342733
113301
337540
017696
123259
007851
236449
007938
337354
114867
449503
018176
022178
018674
236080
450301
404653
430370
122417
013838
235215
230060
448192
405571
124900
228845
341785
014630
228977
235771
021914
115038
405865
430457
021956
405067
021287
343511
430421
127914
235371
235672
233874
435368
232752
005892
113181
234820
121862
430064
112959
237073
228545
114360
405682
234138
229793
124417
341830
343262
235858
124918
449461
342014
229757
021107
233925
129411
449332
405547
236506
430937
431039
227740
128577
341863
021269
007524
405520
128331
236182
335287
228794
021473
340576
018290
122687
236155
404251
448612
021635
234393
450427
122354
404536
429995
235774
228016
121928
340213
121715
342736
237424
014372
015521
128826
227209
450478
449638
021560
128670
127962
341836
234777
234600
124042
428576
128016
233886
234627
404608
021461
403930
340288
019946
012863
113229
020108
237169
430184
341666
235345
232962
234201
121370
404587
021671
022679
340402
430772
234300
236875
234717
020909
017777
015512
341971
006477
124831
113760
122408
127644
007878
021929
237397
015089
336664
006936
343229
014261
019544
227969
448651
021743
121175
014540
121526
342101
341159
233916
008214
006882
128415
235123
228922
020015
450685
235243
430169
022148
007599
428831
431048
330841
431063
006696
340597
233022
120815
123598
331678
015473
403726
114582
343529
435251
121646
405058
124672
017810
448315
448300
122693
021521
335740
235309
022190
228118
448189
235141
403948
235486
018899
227735
429542
341327
114672
435053
020597
237196
335572
021602
405829
405736
021557
113037
006093
234894
450658
227981
236953
233976
330481
449320
228002
449806
227506
405403
228241
128094
429737
341144
229667
129684
123979
405193
233787
018977
007038
121580
128595
236512
404212
021320
129489
022286
234975
022343
121331
006378
340258
015482
428804
430046
229288
448462
234189
450535
331093
018188
227738
022160
429866
227764
429629
019985
335599
236416
123256
124696
404749
113826
405157
403945
448684
405229
330847
019940
237049
449452
403771
228124
450130
113883
127833
343175
015503
342880
017807
012932
122426
341717
123346
229250
435317
234775
434168
234579
121109
335689
448558
120863
234312
120728
449797
120923
340594
340675
021647
450187
020381
337888
233757
336781
234186
020672
006708
128718
428552
236938
015443
227627
236017
428444
227743
017942
341987
121868
431234
014012
449065
128091
020336
237166
429584
236386
404005
403687
123436
232902
124507
450676
228056
403666
113829
005703
448786
129480
228515
236125
006717
228833
124213
234651
019523
450643
430055
113061
123607
125773
236599
124471
113130
430859
112536
430580
431072
227942
124222
022076
127812
128211
430766
237379
336538
236581
128586
114669
007866
236890
125179
122372
121232
022100
335701
127401
128967
013133
330667
005625
227750
449038
335269
229625
113676
235315
235492
008253
237244
448819
008271
114651
236536
128349
236446
343079
228482
229271
013118
227803
341714
430778
120662
018092
020834
013454
018716
018035
021863
020738
007863
450565
233952
449443
235249
233136
022313
129309
113778
227872
022214
336421
330976
448255
008283
013496
236368
019424
232812
227711
234492
343088
340573
014954
021668
428375
236302
234841
124186
430172
341210
007920
020333
236233
229153
343397
007197
123733
430736
022121
129639
341771
129678
020813
428951
120992
006159
018710
125347
229054
234309
124144
228809
430544
120668
336514
018491
228014
430298
336331
236977
125629
340570
429812
237154
234891
123367
233211
006795
012935
336985
341890
228352
020522
008238
123325
235423
234165
127389
430079
340651
336766
234141
404815
021650
127245
229853
128808
335752
406021
127056
448474
022037
335266
120617
008265
112620
403516
006303
235347
128157
235137
005865
121604
448501
343055
113898
430862
450256
113322
127824
331816
020570
018041
018602
020099
405895
234270
005697
236083
114420
020885
228527
404605
429860
122927
121826
234606
234363
129552
020456
114435
114309
019049
403990
341938
336787
405541
403915
428486
337348
121799
120932
129519
342385
115098
449377
340558
428504
128583
124768
121283
435395
230240
233016
128481
336157
428405
236899
233214
341651
430943
122369
403963
229031
121742
123157
448810
405577
342182
435335
122534
015353
234516
234942
129270
122501
236677
430694
227797
336430
019397
122495
337486
129531
404629
235630
428507
235555
342574
129501
236470
018257
403561
434876
127302
228065
336571
235609
429602
007542
128319
228121
015302
405868
022244
430145
018680
429701
121502
229238
229348
123592
336316
341663
448072
341875
019643
114381
006846
431111
018218
127806
128853
127179
228130
340582
006174
124447
337501
448654
007902
022418
428663
428624
017600
112698
403735
343493
120836
434177
005844
235564
227729
340480
429578
236161
405991
228005
429749
127821
430028
127017
019904
430343
229084
227671
429869
228851
342739
234177
450205
343334
227908
233934
235804
112452
234771
228779
227552
113052
405361
429713
330979
430793
336544
121307
021302
341833
113163
343196
113175
021044
228857
237343
122738
235380
233037
018818
021941
336481
448276
020753
340693
342100
430715
114354
448531
015545
342116
228668
013139
236350
342158
337471
022154
341434
021257
020231
403951
343238
430394
019574
021986
340483
018203
125545
236728
404878
113331
235777
403996
007584
229234
336493
448762
014720
429080
021899
405883
007740
121214
435365
234781
129438
236596
236323
007965
121319
229580
128763
430040
125122
447997
122240
404575
405379
006357
228050
405724
114633
127140
228919
228772
128871
236410
020480
431207
127869
006066
228214
340534
007917
343352
450457
019943
234366
335596
234687
448075
128250
113739
430490
020594
335350
405187
007236
330457
017717
429521
228659
228638
018062
235588
019949
343202
228782
448006
405256
336454
123487
429875
018860
236401
121751
124555
450556
430577
014507
429650
235413
007791
114909
429740
227759
128745
123865
228665
450631
114273
342023
330472
342913
233370
237523
449779
021530
405970
123340
228328
129690
234745
127089
406018
123272
128337
429887
124870
428306
128685
227965
008274
450376
022034
340198
428441
228383
124132
235297
022292
113109
448099
331249
448165
337000
005889
235768
125614
020477
124798
015527
337357
341177
124738
128127
449749
124819
429665
234892
128643
229619
449149
343538
429992
005868
019232
228964
015380
342053
127077
236611
228973
113112
431225
007158
235807
007785
125692
006873
120986
428798
330364
340306
020798
227977
019592
404659
128004
236590
229246
227864
015431
450460
021866
341902
228970
235009
020312
128403
435035
448993
020675
020033
428810
448693
229307
336328
124867
342128
403732
123475
020573
430775
020996
235978
429680
428543
129264
227692
232800
430334
237022
404740
229601
342538
235708
124495
113205
234640
022094
125794
331735
428651
235366
112791
123370
430538
337363
235392
235323
233184
448750
229057
336661
234805
114708
235420
124744
020636
335671
234645
450343
022220
128463
229351
448339
121931
121025
403633
006165
007875
006783
124129
007713
405436
335674
006072
020783
017582
128247
115167
228773
450196
342583
128139
236251
229649
430919
336334
237484
434894
228812
114597
235171
122672
114423
405034
020291
228298
433898
121727
337456
121433
403987
405643
017585
236653
235363
450274
128379
341729
342131
429125
403654
342103
022058
128289
430907
121643
007308
429884
112962
449158
429719
450190
229064
114366
127566
448576
405400
020912
429014
429536
342676
018617
125731
404770
236944
405850
006168
341675
235351
114336
448336
236077
340537
228025
121694
227909
337909
235780
435260
006432
120701
403513
428555
434222
342478
341438
232797
228341
336790
124171
448648
019430
449791
448735
341690
112965
113802
228620
127386
450394
431036
121610
237505
005874
341633
114780
127341
113136
429053
020090
405484
121166
430523
121850
228901
229045
020447
125704
237322
129600
428627
337321
006915
232809
235240
233922
234597
121484
335344
129591
234906
430505
235879
125632
018395
021053
235279
018959
335710
237250
449155
449119
123976
020933
012950
230207
236809
449191
113763
405853
113070
234625
340324
405562
235003
233406
008223
228934
449764
015437
229436
128217
450661
121187
121115
228878
235017
021503
430925
340603
450619
114684
120677
128904
127326
234883
229232
234811
405652
235422
435281
127986
342161
127605
235435
450313
127737
235984
006225
122678
235335
114351
448723
235005
006171
128550
448126
237037
228674
448690
021980
112788
340540
235696
405499
112617
448987
228680
405841
235603
235035
124153
343523
435560
021584
405460
124612
127614
124825
020864
121457
019010
123982
120953
128271
450490
229223
230198
114384
341333
115062
114363
113310
121040
122267
113160
335305
113178
343226
022643
021518
232833
124882
006096
228299
020309
233943
006051
330700
228889
228536
405580
235444
404593
236287
235398
129267
114549
129327
234459
021317
120818
113121
234853
404131
236137
448159
342185
020849
450331
005853
237382
342916
405655
229076
342980
021242
405019
123364
235885
236407
122540
123113
021218
022043
022766
124468
122444
235762
430946
127113
448234
021443
013277
233145
405316
120770
227912
114429
430451
122246
234474
007386
122210
341402
014579
449656
020519
430382
227849
448360
450421
448537
234613
237598
330448
337945
021977
018254
018689
127575
021620
021854
428894
428780
229409
129630
008292
007848
112572
341851
235089
113673
017999
343190
405859
125341
341762
013205
123502
429746
228133
237064
335488
233001
342968
124561
128388
006135
125362
007773
022310
235876
021005
021299
448597
121814
015284
007047
405976
112566
430823
113022
113733
405556
340195
234411
006345
012887
112920
405670
128598
337387
430187
430460
123616
450337
114315
006771
448348
431258
428741
227572
234375
337678
121829
021575
235456
430511
112539
235579
121583
020981
448030
017828
228548
015446
019535
450574
235459
005745
021638
114198
342181
006849
124816
229297
336466
007566
128529
449131
007671
331777
335749
430955
121598
014549
227794
114294
405964
232881
428924
020837
127905
020465
121652
405685
341240
448969
018119
449494
233739
450604
123050
014528
449449
234513
335755
020123
233154
235600
428510
228806
020999
341977
018749
021290
435176
015362
129300
448132
125332
006588
235483
113328
430742
449413
121568
122876
430022
229406
121322
018815
123284
018413
020363
015017
404788
128520
021569
449122
236194
128163
431285
405718
342619
229219
114942
129513
233202
228301
021404
236974
018452
335359
406024
330478
236218
228290
430229
236884
005859
021683
404176
450160
006423
018878
018965
112575
122252
113817
128214
125767
127974
429104
121778
229225
125803
230204
233379
430709
235101
125356
121859
124192
113334
121400
019379
236422
403741
337900
429827
020411
233247
021911
020621
124150
128646
006288
021605
121871
021248
229267
235516
234793
021050
121001
228776
122711
335509
335419
020660
448366
429698
331732
234198
227275
227903
121790
122966
435632
114417
429620
020348
234750
120821
234303
429548
123652
336478
127920
015551
449761
233937
015320
129705
434903
229262
342892
431240
337459
120806
123514
233172
449659
128151
336523
403729
124687
006429
229598
018500
233892
235231
405553
337663
343211
020438
121619
341276
430037
022217
113754
014285
121889
020585
229069
428861
124165
129462
336388
127704
128802
227821
127695
005808
450154
127047
018017
113796
234634
112623
235852
428801
014570
336619
014414
341783
125329
237463
336562
404863
234183
124054
404179
404686
405481
404626
235348
007530
018764
121313
006177
120878
114987
428309
404899
128352
232803
228316
237175
405214
007608
337951
341800
337972
007761
021527
235786
234498
229583
022151
014648
121793
128115
228925
234723
430238
228524
405322
450628
235744
007854
112917
341237
021596
337681
020537
341711
015404
405922
342685
022019
114042
234763
448378
006924
021017
020039
227758
121556
340654
114738
430391
337507
404590
019553
237124
017579
343322
015359
021920
014984
228071
404752
428654
112443
341423
124141
234807
121877
017948
014369
121832
428396
449062
007602
233163
435083
129258
022166
448672
337876
448069
121628
233424
124456
114744
227558
431216
236014
114291
235465
227569
021098
020114
230117
405508
236887
020204
340711
227755
022145
112662
114297
430427
022139
335422
127053
404776
235225
448702
006201
228302
122486
335284
430472
341959
340624
335272
120854
449767
008307
129507
129669
449644
123020
123110
228097
237277
124234
448777
450562
403933
430583
127719
114459
405112
229264
121043
124492
121352
404911
228452
342008
021506
405049
337969
235326
021374
123098
021377
236578
006189
229337
128667
435140
335308
237019
431153
336556
341899
341063
404227
127074
013667
340696
121046
007824
430982
015392
405760
448741
127413
005964
115182
006393
234907
228796
127899
449728
229243
021398
113853
234168
007947
435284
428411
229643
236191
335518
449794
123014
128721
228115
234672
236530
428357
021587
018368
236722
228131
128370
015497
022406
227861
006705
232938
020303
237541
021296
123409
015539
235294
015491
014714
335329
007053
234501
114735
235021
006756
022073
229072
227747
233010
018179
113655
341165
235170
006507
020306
124681
343241
341174
341723
340339
405898
449614
120830
342841
430097
005796
233220
449071
448141
428393
122909
120896
114870
403549
123988
227752
006348
235471
337513
005571
236755
448207
017951
113265
449500
343496
236176
235104
227714
007578
449176
120935
006291
127755
331672
235615
236356
019565
112983
342802
114456
235909
342694
121865
122480
232830
228488
335542
404680
235152
227723
403543
235396
237157
234588
014264
014060
227948
122891
122783
430994
336559
337453
022055
341657
404596
405340
005883
341761
113043
005823
006222
450472
128484
234823
336979
125443
429068
021476
435446
127092
129294
113100
448759
124510
124216
229375
235020
429953
127536
236404
428645
428648
342091
114975
342673
404722
022172
237349
403966
127314
128307
237478
236980
017606
234768
430688
341425
232848
124717
114873
234751
233367
228368
020561
232944
337450
127680
129255
235239
014039
121748
020075
019934
228374
448372
449782
448801
125308
434123
343199
006723
021494
124156
430910
114897
430361
228916
234267
435089
340591
120641
006654
128280
430883
236377
124381
232953
122732
428549
021074
336418
236452
229040
121106
429026
120842
007515
122378
236935
123023
235119
335539
228827
113298
013196
128772
450412
120959
121226
114723
020435
430121
014609
341944
435236
337288
429896
430733
343166
236764
120929
236824
335491
335302
405949
448195
235144
343169
343514
121574
227971
020282
235230
228949
015398
229679
448738
124195
405295
127128
007926
429059
228263
125761
114330
007044
114762
122405
121823
125728
008310
020993
405787
430712
017753
021548
017642
006342
428459
006534
113793
124618
449059
337441
112974
450223
236923
112995
234732
020768
123017
342074
128781
007551
431033
403531
123406
112797
404893
429854
342011
021611
236908
006129
007974
448054
114993
336769
006699
430322
019421
233070
236866
234904
125353
228107
021959
235594
236290
129282
019796
123062
114900
022637
235663
128661
235332
450121
020651
237010
018071
006492
128382
404239
342038
430496
450592
449170
122459
021341
007941
113007
233811
127707
113682
127152
233100
336520
234603
340228
120626
341941
123670
114075
228883
340612
235426
342044
021878
228898
234282
405268
430019
450163
008226
234954
006486
404662
128235
343307
405928
449011
228854
006420
235996
127251
128097
021515
121697
121904
122666
007899
430820
120995
013328
021995
020429
021869
121589
449647
405028
125722
022169
335878
127203
429839
236992
228455
228686
018980
234525
229574
341866
405673
018983
123275
341801
403717
341947
128754
129471
020705
229055
330814
233730
449611
405064
233151
128541
020393
234862
343058
343418
235072
429743
430832
021233
022067
342106
228737
128499
337477
014123
008217
330940
405343
236743
233343
404683
229075
013151
125764
230039
448555
450169
007554
229387
342028
121430
404206
229255
335821
428414
340639
236158
129273
429575
019040
006120
113244
122705
005814
450454
341225
018560
404959
005871
341744
342910
431108
449056
021068
120839
336472
013994
015278
228413
007968
021662
403723
234243
336424
021881
428438
405115
343370
343391
403582
237091
129714
020225
123358
448567
121664
227816
341920
405784
341777
121592
123122
017597
403960
229034
450670
341045
128196
340219
429539
341786
127896
235006
236518
122207
430256
428636
450388
128268
228581
450622
234609
234405
020915
429638
013085
403546
112806
120638
335311
122786
114882
431075
232746
005706
015407
336442
430367
236500
429986
234321
430973
337927
234762
127596
128412
228830
229399
236428
123655
017879
229147
123985
021719
112686
112470
430442
235987
129318
448219
020024
233970
021371
234802
128241
236746
403957
430856
114576
237535
021578
235188
005580
336607
227993
404746
449425
449830
428522
337327
228020
229982
021200
235032
229174
113742
114984
228077
448747
449752
020702
341621
114333
405778
405856
237358
022205
234673
430802
450445
228284
123949
113172
127221
430760
008220
228266
233898
228211
017657
125299
229046
008244
428354
122906
127611
404572
235362
122924
022841
235416
015425
121676
018665
008001
121685
341735
430244
228293
018755
449407
228136
018722
429674
234678
428792
404989
112680
113871
405424
121367
015323
236917
428852
014273
122297
449050
430901
234930
448264
020852
234318
228446
128502
013160
405709
336508
431210
435332
227570
128262
018020
007662
113748
336394
228734
450586
340285
341207
428906
128751
340270
405934
429755
448171
006792
448666
021275
021710
128343
448477
020699
234339
018887
015449
237568
341408
234618
113784
021908
227731
021818
113907
019550
120812
405559
237289
127374
342604
234420
429806
341383
125776
014519
127638
330853
449389
403621
129012
405334
122438
337975
007704
006315
123026
236086
112578
235921
429050
020669
405310
430934
127623
018044
405910
120857
120968
341998
234822
448279
235321
114396
450166
123904
020495
112503
450436
337846
123811
019976
342436
405022
006330
233169
019367
335587
404233
114303
430799
127752
113064
120944
227987
019970
405220
228884
127158
229216
337642
428630
449017
234258
434150
448720
123817
431135
235200
020513
125509
123056
128493
228761
020882
113067
450514
236269
337345
006198
448129
007563
335401
018467
006435
403678
128304
336973
337309
127272
234585
430697
340354
237298
234610
434843
127209
428519
450202
234714
337891
129588
235843
128325
124483
125710
234126
236545
234297
125608
234219
228791
330823
121724
227579
020006
113295
020897
337936
429062
335362
236440
341699
450634
006411
235528
235666
430259
022079
448342
448357
340657
129543
343037
019808
341389
127110
229342
014351
128604
007767
342017
014567
014636
430850
128187
430817
127035
229339
015452
123520
020060
236479
124849
129711
018557
121334
342658
236281
430031
449581
335716
124801
007620
228008
227906
335332
403858
018566
429710
237130
342382
449635
430841
022349
235008
236365
019925
431027
005727
233904
112659
429932
431306
429857
403567
124804
234730
430133
007626
233349
234813
435056
227749
127182
125194
227963
450229
404209
019418
122384
125695
127866
342095
129627
448822
341384
448033
124705
235681
124126
336349
340297
017963
236566
006249
121553
343022
128814
430532
228007
235546
232845
123394
229838
340237
122747
123805
020489
227566
127161
237550
006918
007080
021446
005820
330316
006381
428759
403624
128592
228764
129474
115113
429635
341660
448486
431099
403882
128193
448042
234889
229700
129606
229111
123038
342944
331741
235759
449185
448471
236101
124903
228566
342622
235873
114681
121655
020318
235176
228788
448603
341980
127584
430085
233322
113592
336763
007950
450133
112803
342634
120629
235419
428897
428300
335575
237220
022289
405244
341779
448765
128373
342080
403537
020135
121625
006681
120680
236260
229844
020120
121709
342977
405292
007932
431189
227725
237217
006594
124795
336760
018902
234643
234387
122258
128517
006819
022118
336343
018866
235158
234856
229697
403939
021095
014009
405196
021305
237178
129000
237607
235867
228304
005700
235789
121601
403984
007419
127044
114720
129279
123107
228047
235050
227930
022805
128727
342125
014084
020726
403648
128457
018842
236686
129456
429959
114717
236389
125680
448303
014555
335761
229405
228271
234901
234159
008259
112875
405505
229637
450373
232776
234739
450292
430574
336373
121565
429878
228319
112476
127014
227960
113097
428891
428795
123505
124726
403903
234162
340642
020642
336547
233955
235359
113055
235312
228217
127464
122936
430127
020879
114636
341986
342748
229330
235296
340249
113868
405793
015329
342595
236467
122945
128391
115065
434849
449404
430559
234727
228022
128568
020459
121499
015536
449476
006105
007656
448546
227614
114372
450250
434837
342469
235134
341420
123457
115107
112911
236353
430364
235261
449401
229889
129297
114567
021251
112893
340630
435161
335458
006933
021713
007539
128811
430241
113289
125284
020567
129345
006387
123994
236371
405370
343295
227689
227695
340477
007098
020375
233421
018476
341090
228088
018881
021491
124342
428387
128799
430157
006651
124855
343223
429983
122288
448000
449650
115146
014492
449740
431183
342068
020342
341398
342703
018569
448354
006279
448237
450364
112527
341696
128010
121286
015416
112398
127881
341458
227654
020384
449713
430043
232821
006354
120713
237331
428999
018845
404767
450400
129540
335680
127599
342187
229273
235606
128487
404905
014018
014096
234690
233091
007749
121511
341186
021629
228437
020264
021581
431078
014354
128760
428729
018200
430109
430103
006219
343187
404581
007764
429554
232806
021833
127173
129687
112992
430763
450409
449587
449053
234222
235519
227972
404158
127185
007518
430433
336409
020165
405583
405871
121721
343016
018095
128652
234456
006861
229439
340552
340261
448729
227272
234135
450265
014516
228997
235741
342041
236674
450295
227716
006309
128025
005763
017924
430151
237067
228085
405979
228250
342005
435068
234228
125740
404614
127710
235116
114798
124135
237145
405664
341968
235122
020591
005577
430805
020030
429641
341429
122396
121493
233766
342838
405277
123481
448231
115056
128679
448480
123646
019568
450652
234918
430130
233388
448495
403639
403867
429851
121607
022046
429566
122702
337318
007569
330829
228392
129672
128295
020162
234549
020228
448564
020732
022211
229832
336403
122675
448813
020717
335374
341642
343163
234402
234741
237139
129321
020633
017744
122708
007983
113832
234369
330475
005694
228470
021359
430463
403909
112587
335533
013439
335686
125698
113214
019979
021842
015311
018707
341377
450355
405472
128565
122954
450118
335722
331222
124474
015077
021434
020900
448687
113238
121817
430568
430985
124777
114288
018170
449599
234897
435101
233946
428849
336511
341732
236668
431081
236149
234507
122834
122390
113910
232764
120644
429116
234865
020021
017993
122423
404137
005721
021479
236965
341705
228976
234960
121754
021065
115029
229000
121787
121463
235765
015530
114426
450148
113058
006138
112626
430721
021278
122969
112518
235000
124750
234291
013157
129423
006399
234789
430112
342745
006903
114306
341141
434822
342098
229661
006960
022832
235753
121508
337366
340669
403657
404689
020888
404671
129261
340579
022322
128274
341183
013844
014240
335257
405490
405550
125713
015485
020606
127578
233361
019952
227765
229670
431180
013415
125302
127794
448294
342418
228866
127602
124204
341198
127788
430895
228329
128277
428465
450340
234622
129426
018548
450247
341669
450094
341854
124168
233061
236284
430970
229646
227831
405706
017747
341126
340408
342757
343193
234840
403954
430898
341417
112467
236362
114810
235147
428768
340459
121520
228980
430997
229028
122411
123071
228308
018683
122918
234795
112482
336385
113145
114270
021332
124009
019538
129498
234829
121613
335494
342766
014426
121490
114705
115014
335692
405253
449317
405241
340351
129003
021614
233919
331681
124876
434972
020789
127980
330835
021542
120974
124177
123095
335707
405259
405355
021014
013898
123286
229652
121184
121514
007611
006447
342901
020327
021665
122933
112980
113082
235561
018542
234231
428933
021512
013310
127617
435386
128145
228800
020045
114786
233073
342047
125686
428456
006528
429971
435359
128433
228707
405796
015326
120719
022142
123469
006213
342439
129441
404563
429668
006132
236569
017819
233607
450601
229808
335368
125617
237499
122543
113724
022295
235212
331237
235726
006522
019916
123799
234810
342379
120917
335356
237148
435308
121925
120848
342679
022085
227582
007731
450502
020615
227924
228289
228725
020948
006150
405412
236221
450538
430208
405406
331630
021725
228904
237133
335683
020564
124444
234495
237238
227683
404203
405913
403855
128655
449596
237115
125749
341216
235404
014633
018893
128406
343235
014489
449887
428540
229703
236293
405325
124771
429704
123793
235251
122684
236758
336379
227564
007956
405775
113664
237190
429950
236248
336535
235092
123128
330463
335467
236275
017789
430787
341624
337498
124732
429815
128634
341950
112560
228116
019910
435278
235227
022187
429686
336337
128787
342202
021845
123266
020555
020810
450322
005895
429758
235534
121181
006300
236896
112923
127713
019046
007272
021617
448087
236947
235711
021962
227813
234519
018107
405061
236197
115020
429920
405184
006195
121766
235138
337330
021839
113757
343298
336922
431114
120707
429656
127560
021953
235014
404668
340300
124735
450667
430073
018098
112473
404569
448051
113034
113844
227812
113274
237481
337930
128766
233652
235401
448120
020294
020774
435380
405649
129666
236893
235537
022622
235386
428717
022091
019922
234591
005904
020918
124756
235417
121730
022415
005805
236146
434846
127116
227257
006282
342199
007467
007653
449506
430829
021815
237013
234825
228491
229613
129537
403876
234264
430691
125635
234546
018848
227212
340780
431141
405451
236971
403786
342907
124624
229562
234675
237214
234696
342835
331009
234681
403894
235344
015110
335410
448657
019964
014627
236296
227858
448573
229805
405823
342490
341279
227789
114678
431348
019406
341678
229087
405031
429623
235407
229634
124669
123826
343247
124000
403684
008262
449578
340687
428330
018995
019610
228074
341234
430409
006408
330808
015338
021110
018575
122828
021593
430148
341827
114915
112668
121448
015488
006276
021089
431045
234909
343217
017771
125785
448288
405688
449146
234345
114666
015383
128154
121505
435362
127830
448177
022394
403744
237001
020492
124699
343073
336655
128118
128313
428930
007065
120980
228416
450139
114726
405751
122957
341887
006267
342061
233400
017756
018086
403558
450367
343025
233889
007545
129435
234880
229823
237031
121028
229301
124231
234315
234612
007833
229282
403879
121922
449314
227524
127743
405886
448375
429677
017801
336634
449584
022052
229577
236413
405757
448003
007497
113685
237562
337483
127641
019607
233103
128571
125239
115179
114369
448156
341228
124264
235558
121037
236932
337462
235206
013142
430373
128205
404641
450346
020744
127062
006897
431060
235531
113691
127902
235651
006210
342616
018065
405331
121586
121688
449626
431201
128691
232773
019958
434852
229607
018266
128775
124384
006090
236851
124789
403921
431156
021809
336928
006870
236602
234966
235342
449803
341789
012938
005877
449161
235353
019928
128907
112677
233928
235063
233088
343109
341648
448618
124189
017804
128682
450559
234844
435374
429122
228965
235627
428789
007674
235507
127683
228746
234660
015335
021452
014378
237121
229066
020528
121820
123385
123451
448285
237160
019856
430562
014267
234693
128439
129603
120734
449743
236242
234624
234754
114153
404002
448291
337528
233223
330988
430499
014534
434873
340588
007581
013418
129510
018422
127797
022097
234598
115008
234804
112704
114342
236692
235654
007614
114765
018461
127041
122798
234766
021836
113337
448627
403738
234435
234636
235387
335569
007560
022193
228082
120743
228563
435254
335392
448624
233208
331015
405988
228310
228476
228740
335296
128700
335527
234273
006273
021467
019589
017795
405148
014537
123403
020654
124174
448138
449020
123032
234874
448060
020372
450493
015041
020957
235969
434162
236641
006780
021383
341773
021656
007995
123080
127803
015305
405661
237367
450403
228946
022838
006339
235186
235447
450571
006054
014531
404035
233964
450328
430214
121637
336226
430751
229372
129447
405517
021215
429017
019892
405919
128532
236671
235642
450475
121250
121781
236425
341411
006906
114960
430082
228943
121844
343400
020525
007533
128778
234849
430265
448015
127995
007857
005742
235114
015410
236770
228280
449335
234537
449455
430067
114276
230075
006939
127032
115005
007989
127137
448711
007842
020213
021767
114990
020471
236332
405250
237532
228017
448144
430502
123376
228569
128793
336463
229291
234450
342170
232770
234429
335290
235636
429113
229081
017588
430961
121841
120938
237559
121379
340438
448078
430175
018209
234729
020780
405493
336517
128358
007050
232971
228322
450241
235834
227822
115128
233199
429647
128706
007443
113046
123065
122273
125782
007797
017768
232884
128142
112899
123307
228886
229360
007806
236320
227560
021893
114957
115002
430493
128688
449818
022391
232878
014420
006126
448153
448318
006123
112947
228257
237337
121898
236338
007587
234757
235098
124489
020873
123835
227684
112569
331378
428786
236116
405442
113811
229241
448066
404521
129459
122375
114390
114690
125116
227891
124840
006285
236911
112890
233085
235267
229036
006726
127134
113079
233217
007434
235161
227668
227819
330310
228677
020711
236776
121355
124714
128805
114618
018221
429563
122813
020687
236173
435071
021413
405364
122942
234408
228449
235131
343244
405727
234963
228377
343085
330169
014999
128496
234213
342925
431195
428339
019034
121022
340234
020399
114195
342424
234348
235669
337396
341639
124564
234192
229664
128556
435614
429611
021113
124546
007887
020828
018545
125719
405679
340441
228281
449104
114552
340567
127728
429998
021983
342643
450235
429965
121916
127065
007719
336631
124774
120989
121211
022175
007632
123287
450271
428900
113718
018068
122879
237040
015476
449014
450529
405526
020936
403807
014618
129633
121013
341687
336637
228269
229309
113016
449344
115116
405043
434879
341684
123274
228961
429029
337837
341974
020408
018758
015371
449182
114687
233385
342589
007344
234774
006141
342173
235453
236623
228521
227999
005793
007779
342556
125212
127731
233079
021380
120632
435389
448312
120845
123089
127647
124426
343118
229165
022082
114624
235429
343112
405772
430529
450523
335773
448669
237385
114573
018008
237340
120716
129699
232872
335548
127125
235053
006921
448081
115140
234760
113217
128064
227536
429605
404599
448780
127230
227957
124408
237004
434165
015317
430571
405544
430892
342670
336202
113730
020063
234279
450379
021806
342706
121913
227648
228572
234531
015389
429899
404644
129597
006360
022229
021311
113799
343082
429722
428531
018911
124828
113211
227509
020366
404197
113553
431006
121223
235264
237028
430223
340666
229256
112866
337933
450547
121673
234249
121217
124339
405298
428942
337519
227500
341399
405994
233931
124846
123092
114972
120926
448252
112929
235660
112998
127191
236782
125536
342113
006714
228004
114375
340225
127809
227555
430349
448615
229592
337480
235855
235960
341506
342586
235699
124330
125701
020858
430325
