005742 0.06380991
449914 0.11923606
234258 0.11256409
447991 0.1161232
127233 0.19197601
232965 0.048711658
129228 0.039596453
232872 0.060837056
128895 0.09778867
449857 0.084626526
005745 0.028371427
450403 0.1280174
340834 0.0665515
235425 0.12357003
127875 0.105134584
449722 0.09683659
448273 0.09220615
234159 0.21895121
129633 0.05409918
341947 0.10742524
128418 0.1014468
449587 0.08931663
233592 0.020428417
450376 0.10455826
233139 0.09446771
233883 0.08265554
234753 0.11519467
233280 0.08993692
234063 0.3356549
342082 0.12541065
129480 0.22502573
340459 0.19982113
129012 0.04353295
127107 0.07729614
234924 0.09035033
340681 0.13736604
342850 0.07166882
008280 0.15778813
341104 0.076110974
449164 0.062115174
006756 0.022805803
127230 0.15829362
450127 0.12063444
450382 0.1216459
128733 0.06437837
233112 0.0876639
341959 0.12018058
234480 0.048322417
341680 0.10971528
127899 0.06847167
341215 0.08004979
234294 0.07842647
235149 0.10074952
341524 0.10403876
128931 0.07523395
234525 0.049247522
449305 0.10442479
128070 0.09435924
007434 0.14130731
449713 0.091448985
450172 0.113811515
449530 0.03485176
234450 0.06353609
007638 0.20442405
007293 0.030436376
128460 0.10116962
341713 0.10202492
340216 0.048381705
127224 0.10081346
449953 0.105038725
006270 0.058175817
342874 0.08405576
129444 0.08013859
128745 0.06518011
340576 0.12243232
006420 0.059381172
006897 0.06557434
008058 0.01108862
008274 0.17157458
448906 0.06003068
006264 0.07620281
342592 0.16223632
450568 0.09640602
235089 0.121468134
448498 0.14237384
448126 0.04808922
129234 0.067107886
341812 0.1050538
341407 0.08610449
233970 0.06423322
341254 0.08189862
128751 0.06401823
007788 0.05857559
341026 0.06965935
127857 0.052726224
007338 0.0945423
448312 0.13302907
007776 0.063761674
449893 0.11147187
233322 0.0935763
129312 0.072820894
232950 0.07047242
341152 0.07512152
449752 0.098411515
128904 0.0761721
341245 0.0830935
342469 0.006640036
234918 0.09827913
341092 0.061447028
340648 0.110542424
448567 0.102625795
127809 0.08784129
235341 0.109887734
233385 0.039360214
233148 0.08844452
341419 0.089481115
007917 0.17532045
341332 0.08909074
127806 0.096403934
006690 0.11490354
127083 0.08948831
448039 0.08630566
007614 0.14465448
128565 0.04807206
342016 0.11470156
448495 0.13191856
235206 0.073591955
128688 0.052658126
450583 0.09142576
005601 0.0075573884
342904 0.093102895
450208 0.11636509
129690 0.060592316
007740 0.065791875
006681 0.100564905
449392 0.063979104
234243 0.16151533
448918 0.05892085
341515 0.09678554
448513 0.14757626
450667 0.117922515
128526 0.061271
341512 0.10398146
341755 0.09590867
342103 0.12540974
006714 0.06137304
448969 0.064787894
007641 0.20406045
341773 0.10624451
007926 0.19228584
235242 0.039360084
448477 0.098449774
341920 0.1114886
005796 0.0965744
448387 0.04124512
128571 0.064406656
128754 0.061446745
449740 0.10241014
129084 0.026001459
449971 0.098879255
007554 0.052021977
341938 0.10842161
340660 0.0828342
005727 0.1376735
450004 0.09156239
128778 0.097985834
341998 0.117757626
127716 0.11628648
341200 0.07262812
234615 0.1430229
448015 0.08404379
342370 0.11504005
340657 0.1254864
341899 0.10759987
448921 0.05731462
341623 0.095673084
127779 0.08781821
448990 0.06256804
340849 0.07133768
006711 0.051007763
127593 0.10800353
234627 0.019960582
234228 0.09327721
234498 0.029331785
340822 0.06951713
234750 0.12445928
234438 0.0793166
450196 0.11671661
342709 0.11267058
006054 0.09388481
450457 0.14845383
127605 0.14224164
342697 0.07958445
342112 0.1278447
006876 0.042010084
005889 0.029343983
129711 0.09777235
007425 0.08113213
449452 0.0735978
129546 0.060056612
006111 0.08562036
341128 0.08374659
232803 0.07762896
007413 0.06281189
341809 0.10853358
127575 0.18439782
449521 0.04257492
449908 0.11537438
340438 0.028807227
006318 0.08311952
448690 0.12208908
127752 0.11001573
129432 0.11841901
342022 0.11322715
450199 0.124573335
342628 0.13481507
007893 0.0896543
340279 0.07126635
449512 0.049854282
128655 0.034607615
006819 0.03774614
448576 0.10667317
449782 0.12855943
128130 0.13232918
008250 0.12341067
342379 0.11734295
127680 0.10378436
341395 0.08783818
235230 0.054049578
008217 0.04790863
129705 0.09900647
128094 0.12516789
450460 0.14778697
340354 0.071384855
341569 0.09009238
449830 0.075751305
127653 0.09530402
235038 0.10401891
450256 0.101892
449323 0.13489208
448723 0.13722885
007764 0.066016816
340495 0.13419373
342739 0.13075137
127176 0.118369
128739 0.060117695
342745 0.09243444
006693 0.14792404
340516 0.091157824
450676 0.10787615
449758 0.09796915
342172 0.11464762
006141 0.08573127
234759 0.09850485
127302 0.019066617
233103 0.07274943
450106 0.1135115
234165 0.16369224
449200 0.04569723
448237 0.100194
449002 0.06125029
340711 0.07872405
007065 0.054302696
450154 0.111989744
007566 0.051099584
129342 0.053546038
128673 0.051128287
234183 0.08259852
008241 0.092778474
006879 0.04072129
341770 0.10217311
233382 0.030487949
006534 0.050653405
341584 0.08464711
341458 0.10334978
129339 0.0640643
007713 0.048345935
233349 0.10177254
234765 0.09462985
450334 0.1387463
449866 0.09791876
235386 0.098052755
341065 0.0712941
127977 0.07521698
448138 0.073573396
234147 0.14728256
006294 0.12536186
340435 0.03844499
342616 0.13703468
449500 0.048446767
127341 0.053739343
449845 0.06724544
234192 0.048966322
448141 0.073894694
233049 0.047507882
235356 0.07145468
340819 0.07056488
127893 0.08037355
128607 0.010454606
129291 0.0811944
234168 0.15021963
450388 0.11304666
128187 0.120262206
235098 0.12632416
234618 0.096959434
233313 0.09229163
450547 0.10782703
234279 0.06097904
234150 0.17852676
234420 0.112682946
235401 0.09464967
006219 0.08943947
448561 0.10671933
232986 0.080921836
235407 0.10752151
234909 0.088841714
448006 0.08835577
448699 0.121927865
234372 0.11332105
235041 0.121107936
341362 0.09042385
233799 0.12074257
340888 0.063224316
128265 0.11227516
342658 0.10127385
449170 0.061538592
233037 0.05917459
340204 0.057669614
340240 0.07140417
234774 0.07603982
233070 0.06252568
342124 0.11843024
232947 0.05286277
449212 0.0275736
007695 0.054634627
341062 0.07317947
342079 0.12410372
342385 0.11541951
449206 0.033635035
006225 0.03344461
448219 0.07364029
128919 0.083513565
128115 0.14891653
007659 0.09890024
007998 0.03997371
449146 0.10031102
450412 0.11412446
340879 0.069383845
007545 0.060315847
448612 0.08940625
341140 0.08269148
006429 0.0538186
342373 0.10862798
128799 0.056580134
007971 0.0830022
449800 0.08778781
341707 0.106543295
341263 0.08219286
450313 0.14574374
127749 0.110839166
128535 0.054310586
448894 0.061150264
450328 0.14693265
234990 0.08416787
341119 0.064514495
340858 0.060827598
341206 0.076583594
449416 0.0707998
234099 0.020493733
008292 0.15645576
448120 0.040218398
234762 0.09528094
232962 0.0618105
341740 0.09879083
450409 0.11678924
450343 0.12094854
448099 0.036285575
340840 0.07114635
448357 0.09392984
448993 0.056669984
006906 0.065029405
006276 0.115534425
449920 0.11934484
127104 0.07504269
232821 0.04607125
340231 0.058356203
129129 0.0048261224
449398 0.051853377
449308 0.08687133
234546 0.07958933
450103 0.1125977
129672 0.12378354
129696 0.07035915
232869 0.035500634
232938 0.035296716
127251 0.12843312
129708 0.09660342
127089 0.089387
128136 0.12965031
449356 0.100950316
450496 0.11733862
007668 0.07569794
449581 0.084480256
342478 0.006999521
007983 0.037486482
340621 0.15009116
449785 0.12164404
341380 0.08914631
450658 0.10889242
234729 0.1433117
341614 0.09282076
007797 0.06493827
342784 0.33660263
234387 0.14718622
342448 0.044192694
450481 0.13330768
340714 0.062377695
234972 0.079484604
128052 0.060478184
235326 0.07585439
006132 0.080970116
234624 0.021260627
448042 0.087205775
234954 0.08138241
232791 0.05741433
448888 0.0593397
128301 0.112039015
128724 0.06303379
233928 0.1496767
450022 0.10771328
128340 0.14090076
449491 0.02832608
006933 0.04675476
233010 0.08154673
128013 0.070838235
340507 0.094374724
128118 0.14234346
127980 0.085134946
128124 0.14092925
233067 0.058790416
235419 0.11203283
449458 0.09291497
450355 0.1225661
008289 0.16645685
449743 0.09256601
233955 0.05608523
127833 0.06739511
006996 0.038186323
006513 0.08724
129465 0.16633923
341377 0.088810936
342043 0.119310394
129597 0.11532729
341797 0.092027955
007011 0.08000325
341644 0.11645383
449725 0.12097674
232833 0.051122345
006432 0.057027664
450487 0.13400136
448543 0.11977918
007692 0.05948722
128238 0.113321684
007953 0.090376675
234747 0.12787336
342607 0.14458199
449359 0.10353424
450001 0.09308423
448582 0.10053318
127965 0.061373312
128592 0.068523325
448585 0.113659956
449542 0.03679606
235173 0.06662496
005862 0.0823603
005799 0.09915307
235119 0.12541558
340666 0.10844141
128772 0.09565627
449401 0.052542225
340906 0.069417536
450685 0.09947664
341803 0.09938028
448156 0.13707523
232764 0.035101376
448171 0.07790148
128016 0.05473873
449611 0.08903992
007203 0.04298493
128415 0.12869033
233121 0.08765165
342445 0.04368205
128283 0.101372816
342742 0.09941272
449533 0.031111231
128439 0.107766226
007044 0.13299537
342055 0.1178389
007038 0.106666215
234621 0.033348583
129315 0.073927775
128967 0.06938076
007512 0.08987708
007428 0.08742688
233727 0.052821226
341125 0.07812304
449365 0.10009352
340360 0.068390466
008154 0.047356073
448207 0.10857253
127566 0.14886089
234339 0.12250852
341113 0.07373086
129411 0.10153424
449548 0.046403974
006717 0.06207226
449404 0.052887313
127179 0.106739126
448054 0.086347096
128694 0.052084584
340234 0.06066982
234528 0.049087103
127860 0.058841914
006726 0.04684668
127650 0.13821308
006894 0.058667976
449017 0.06925956
342766 0.04098882
341587 0.08073371
449470 0.047085352
450241 0.099730685
234405 0.17786288
233202 0.09820403
448846 0.055680808
450454 0.14321208
341911 0.108132236
127887 0.08940472
340633 0.121745616
129525 0.03596773
006120 0.07625741
341839 0.10969411
234264 0.08731111
129132 0.002995879
448984 0.05151857
340558 0.14457195
450187 0.13415776
450238 0.10268713
340198 0.051535968
450013 0.09802634
234939 0.049963538
448168 0.08690664
127644 0.12975314
449983 0.1020312
233607 0.01936009
007956 0.09018189
449020 0.063451074
129039 0.0010278013
005964 0.018104509
448162 0.107789285
128424 0.116193
235152 0.09989763
233283 0.09063093
450061 0.10052842
233964 0.05206199
450592 0.11081152
340444 0.044971306
342589 0.16890484
006393 0.099226035
128667 0.042540032
234135 0.07287839
007605 0.11972678
233013 0.07860248
340933 0.0690799
341800 0.10348644
341497 0.10211863
448459 0.08222344
342100 0.12445753
449527 0.044701617
340579 0.12244515
007875 0.08501717
006849 0.07420826
342397 0.124406084
448669 0.15300623
007962 0.12920535
005694 0.09041289
127197 0.095238276
127578 0.19111922
127971 0.05604127
234999 0.10327253
234582 0.060068354
449065 0.08287816
233343 0.08918499
450277 0.10494678
341605 0.08843014
007596 0.12811027
342424 0.08674138
449617 0.08360556
006945 0.049166683
340693 0.07026898
007197 0.01663608
448876 0.062204063
128511 0.08542435
007839 0.05933446
232971 0.075642996
005697 0.102532186
449569 0.0850916
340810 0.082079224
342694 0.057602003
128274 0.10316966
449536 0.035496227
127641 0.1342355
127608 0.13576287
340843 0.07071295
128151 0.13110062
233667 0.0034610708
128706 0.043381594
450619 0.12196008
342013 0.11094662
449488 0.044095162
448252 0.1087691
127761 0.10144096
340255 0.05908311
342733 0.17307141
006396 0.09158257
448879 0.06287987
342094 0.13150191
448090 0.03980802
127185 0.18156075
129435 0.12483232
006435 0.06628199
341722 0.102896795
449881 0.091597654
127272 0.08461533
233670 0.0063189566
007497 0.15055393
233331 0.09454835
233403 0.02481445
129336 0.07410134
235212 0.05865469
234660 0.036198348
006012 0.0
340402 0.06261756
234204 0.06101045
449104 0.07899421
007884 0.08517284
340855 0.068056606
448675 0.12689327
006309 0.074590474
449626 0.09497862
006237 0.031235317
007533 0.06994634
127026 0.054138664
234351 0.098278835
127425 0.008999011
449968 0.09531746
234813 0.061633706
232974 0.0882189
127494 0.11819958
232809 0.09123015
006852 0.067709915
128253 0.110118575
341473 0.086969875
235002 0.09639065
341281 0.08778416
234210 0.06100859
234435 0.118682295
233079 0.08046585
235200 0.0847751
234891 0.035070855
341077 0.0666461
448318 0.12870204
450019 0.10060724
342580 0.15618174
005706 0.18176521
128976 0.06018148
449947 0.1045807
450169 0.11463967
449695 0.08975485
233214 0.10447297
341212 0.075551696
450427 0.14496349
233265 0.091040105
449683 0.09760428
340708 0.07317313
007686 0.041315578
006888 0.065339044
341242 0.0803017
128670 0.048025135
006138 0.08336024
341179 0.075953506
234597 0.056378428
127713 0.11181716
234687 0.08763539
448795 0.112902984
340225 0.06130352
449137 0.09607799
127134 0.043397974
007569 0.059541617
450559 0.09949072
006921 0.05597862
449197 0.044542193
234735 0.11868507
234297 0.0837574
341626 0.09867338
233364 0.044370763
340300 0.030865053
234390 0.1491747
342598 0.15848692
448027 0.083006665
234741 0.13367611
340567 0.09831147
128736 0.06506553
007461 0.1015254
340918 0.07000257
449551 0.063119866
128727 0.06215088
128244 0.1052639
007821 0.04657915
448255 0.10863986
128286 0.099442005
007923 0.16768883
007965 0.09510935
450595 0.11343535
233886 0.07809441
449335 0.13742575
128658 0.033170976
128388 0.14578621
340480 0.16285326
234444 0.082585
450100 0.10708316
450622 0.11910558
127119 0.058625467
127704 0.1269566
341785 0.1006398
129537 0.056494135
234207 0.06385202
449710 0.083366714
006471 0.18117358
232941 0.03522688
128142 0.13398819
128169 0.14810947
340852 0.06776688
128730 0.06292178
340585 0.11213751
128250 0.105723046
234174 0.1256978
005736 0.07170081
233973 0.06512405
233187 0.09909936
007491 0.14568436
128214 0.11689071
127800 0.08770837
340192 0.06891406
449833 0.08897009
127191 0.124086894
449674 0.0891304
127842 0.05301556
235308 0.061666753
233127 0.08623393
342034 0.11910243
341194 0.06905321
129498 0.12571225
450436 0.14671978
127635 0.13157855
128634 0.017822664
129564 0.24998266
006357 0.058044408
233250 0.09391721
342118 0.12865853
006477 0.11184247
450601 0.11402451
234189 0.09249818
448177 0.0874643
342019 0.11380041
005871 0.065774
232863 0.042301524
450625 0.103723556
449788 0.11313974
341266 0.080788665
448963 0.06821363
341035 0.0671528
128598 0.061879057
007734 0.07575169
340813 0.07749888
341593 0.08574733
127665 0.08791836
449545 0.043390274
129627 0.057294905
129270 0.11107159
341146 0.08490052
448735 0.120214015
232857 0.040276352
341701 0.105313845
129714 0.11708144
234276 0.057693522
448774 0.13635156
005868 0.08761183
128241 0.11195103
127068 0.10254614
450448 0.14686905
448873 0.05958426
449917 0.118065335
233943 0.06927204
006114 0.08770485
342871 0.07764881
449389 0.07194759
449062 0.07634466
449668 0.08722074
129540 0.045189753
128247 0.09403167
127995 0.090598166
007092 0.03968935
233259 0.09703898
127113 0.07029353
449557 0.06393248
342181 0.1209521
340363 0.07612158
448123 0.040905014
341137 0.08316302
449662 0.07551079
234312 0.13336767
232836 0.066922784
234978 0.05986427
234303 0.09167879
127617 0.12610896
234417 0.11795189
341479 0.09770705
127659 0.0918665
449083 0.08770831
128022 0.033506468
450163 0.11431731
129642 0.07371805
448435 0.056550484
450139 0.12348861
341278 0.07925238
448381 0.047590718
341050 0.06638334
235116 0.1293793
342892 0.09433228
006213 0.086933956
128556 0.04903292
449794 0.10180771
128433 0.12087419
128079 0.12104217
128547 0.051523644
341668 0.106266
342925 0.08470816
129162 0.035372984
449056 0.08124323
449602 0.10069367
127401 0.045469258
007578 0.056261294
234327 0.1318456
342856 0.07981544
448948 0.07055179
340477 0.06982317
007386 0.037302297
450067 0.10239454
128643 0.02231539
449935 0.11316969
341464 0.10606276
128223 0.1070661
234984 0.08711435
005895 0.037162527
342061 0.119494505
234087 0.33585766
007632 0.20049338
341431 0.10162286
007536 0.062295184
341566 0.09326503
128814 0.02402769
232824 0.058693204
233205 0.10240842
448783 0.12184391
233931 0.08771242
449680 0.092270836
129567 0.26892552
449038 0.052998587
341149 0.08189487
234921 0.10252932
235323 0.068763345
232980 0.08973783
342736 0.15746851
342490 0.02024746
448033 0.0765832
233085 0.08855926
006492 0.14161453
234315 0.15111096
342862 0.07882785
234309 0.11822026
128805 0.032798942
341353 0.084864624
128463 0.108978696
232896 0.21005502
448744 0.12268525
007137 0.014520031
342052 0.12899612
448900 0.06126001
448687 0.12471383
129276 0.09471041
128793 0.06242096
006450 0.30504316
341578 0.08611818
341941 0.11140738
127623 0.112405926
450694 0.082663916
006099 0.12038334
449440 0.075771935
127260 0.0886068
235392 0.10432622
007881 0.08057251
448564 0.10040772
341683 0.10731772
234717 0.17476265
448996 0.06424509
450589 0.10240968
008160 0.06454701
449443 0.078594506
233706 0.011373593
235344 0.119974256
448051 0.09350917
235095 0.12489446
006780 0.008108286
235350 0.103855774
234825 0.0683289
232749 0.035676215
341830 0.11042539
340258 0.057152353
233361 0.039408714
127758 0.12192037
450295 0.123833396
450661 0.11101723
007770 0.06443985
341416 0.08526631
129348 0.042675763
128532 0.05408012
232920 0.044538863
342130 0.11983129
450136 0.11892397
005793 0.07535816
128448 0.11303672
448957 0.07039656
128775 0.09624092
235377 0.08844873
448891 0.062043633
342202 0.11626496
233025 0.06163213
449149 0.10300105
342175 0.112840645
232902 0.1256075
127560 0.13949756
233496 0.0008195636
340369 0.11210937
005625 0.0146846725
127914 0.051925853
235275 0.05245066
232755 0.030140165
007083 0.05421439
233766 0.069518976
341287 0.08700133
127128 0.047289025
007890 0.068522155
232866 0.033432238
127728 0.13212265
234894 0.046229795
450520 0.117401734
340345 0.07094957
128664 0.04260846
340534 0.10015563
127092 0.08901223
232917 0.05095274
006366 0.046087027
127872 0.06987024
128040 0.042083465
006339 0.07288658
127701 0.124038264
340501 0.11006021
342142 0.113570556
235005 0.14971073
006417 0.058950126
341116 0.07006872
448639 0.114329346
234501 0.034979124
127785 0.08858912
234690 0.1046976
128100 0.13859765
128025 0.028679702
340561 0.12785237
008184 0.0
005679 0.055043608
448591 0.11461631
006345 0.070243314
341662 0.109210834
449431 0.08753379
340573 0.11697392
129321 0.07376717
448366 0.06385407
449479 0.041150153
128811 0.025147421
341848 0.10214428
340594 0.107030965
341968 0.12875302
129606 0.054131575
448009 0.078018226
341719 0.10192683
234936 0.04184723
448537 0.120105624
342688 0.068227865
448762 0.12489124
449428 0.08506819
450526 0.083118856
448372 0.055841245
127032 0.059679385
235101 0.12804814
234273 0.05867411
006867 0.042373702
127599 0.13442625
127632 0.14389704
128790 0.06513551
235380 0.0869509
341560 0.09451754
448345 0.12700723
128682 0.053601455
234162 0.16399303
233406 0.016564377
006912 0.078995526
235161 0.07946039
235176 0.079909295
128853 0.059173156
450016 0.10311339
450475 0.14041524
005907 0.038201153
005814 0.11544018
234726 0.14262067
129366 0.024778944
006372 0.05334737
450211 0.11154656
341905 0.10887286
342049 0.12273544
340351 0.070492
233208 0.09725846
450247 0.11038185
235164 0.07511489
005763 0.045623828
341527 0.105601214
235257 0.03842566
449035 0.05193606
006321 0.08293479
128826 0.026223488
233895 0.06769506
450193 0.10767133
449191 0.046295375
128379 0.14611919
341302 0.08664805
342007 0.11047655
235389 0.10077596
340447 0.08842984
449659 0.07809329
007737 0.076214075
340303 0.03066851
340288 0.07037714
007932 0.17319007
234675 0.0334153
128325 0.112882465
340537 0.09779211
450226 0.10945851
005586 0.024474723
340927 0.07832359
450643 0.13639975
342673 0.07836245
448201 0.11253535
007905 0.15226829
006858 0.039850645
127764 0.09521642
449638 0.09236935
007851 0.07564127
005877 0.06063799
128529 0.05729432
006330 0.06380876
450370 0.11005718
342067 0.13059607
342574 0.15613249
232776 0.041855786
128031 0.0374412
007902 0.15032123
449632 0.10589867
128088 0.12684745
448600 0.103932224
340894 0.06322446
341857 0.10683798
448069 0.059350174
006174 0.084517084
235413 0.11081463
128208 0.11785131
128760 0.08792813
450220 0.10488047
448630 0.10751834
449128 0.09240741
341452 0.10512923
005922 0.03642567
008007 0.02443059
448822 0.0787715
007914 0.18374038
233106 0.071826965
342208 0.119432546
450142 0.120659605
450064 0.10344114
128316 0.12927988
342634 0.13978606
449155 0.11052597
233367 0.040950608
006792 0.022172704
448036 0.07536177
128355 0.1711782
006984 0.05977236
129420 0.11346225
341017 0.06942875
341131 0.08608026
450337 0.12343516
128796 0.061704833
448720 0.13365903
235053 0.11338657
448306 0.14521722
006069 0.18683536
341047 0.0647595
128601 0.04318615
448645 0.11218802
449761 0.11000475
235227 0.06085739
341752 0.09482954
006285 0.17958528
128319 0.12717399
450538 0.10077515
448978 0.057500552
006183 0.083352275
234696 0.09662014
233946 0.051315818
450124 0.12696771
449584 0.08607744
450283 0.12305363
340342 0.05101247
448927 0.06358111
448684 0.12328366
006282 0.1617711
128709 0.04513872
341296 0.09170615
341974 0.1190911
005865 0.070406795
448072 0.048801683
448798 0.1140673
007116 0.0018714666
448198 0.099731684
234255 0.12658694
128268 0.10907463
342889 0.09357394
007275 0.03705827
342838 0.050421443
006135 0.078510314
007539 0.060072485
342901 0.095613785
341986 0.12121061
341236 0.073637836
448159 0.124955505
233370 0.04119262
129693 0.068576224
448528 0.11061824
341344 0.088127375
005859 0.087373555
128103 0.13314877
235383 0.09123773
448063 0.08386615
341983 0.1215189
234282 0.06206316
008265 0.16801986
006315 0.08217029
234270 0.063516445
448771 0.12798741
341788 0.10001178
129702 0.08870637
342898 0.095261656
341248 0.07292971
342136 0.11976045
341530 0.107237875
128181 0.12629178
235215 0.06286665
449875 0.10436519
449176 0.055049714
450424 0.14581418
127797 0.079984844
450445 0.15395337
128679 0.0526398
448609 0.0858749
006882 0.043193165
342091 0.1310018
341914 0.10856607
128307 0.11538255
450574 0.092483975
340654 0.13995516
341923 0.10979041
234930 0.093090296
006708 0.08922725
448816 0.086194046
232959 0.055588417
235290 0.053007334
448558 0.106896155
449467 0.054955002
129255 0.1859367
449131 0.093892954
007644 0.17844601
342085 0.1227194
340606 0.15050419
233100 0.08103271
128106 0.13831535
341428 0.10077794
449089 0.09978273
128361 0.15117645
450244 0.10368891
450319 0.13917397
128691 0.049851917
342832 0.034801368
129309 0.07888197
233397 0.023720829
449077 0.095065184
233178 0.09264654
005823 0.13032031
008286 0.14669727
341902 0.11017411
129669 0.06419742
342010 0.11904455
234492 0.030803517
006651 0.21454655
450112 0.10688741
341779 0.10117987
448468 0.084292114
233031 0.06607601
127911 0.05339526
342859 0.07714321
448693 0.11858207
449464 0.07708422
007794 0.06553419
449764 0.083268136
128697 0.050373208
006588 0.04375157
340882 0.06742819
449071 0.08520432
448474 0.09997811
127989 0.09100561
235395 0.102175295
341329 0.092117056
340780 0.091865316
341095 0.069383204
448864 0.057618406
233088 0.08364108
234819 0.06762646
234579 0.066166155
005574 0.022635734
341827 0.111306645
232875 0.05634586
449110 0.09374023
342907 0.09467206
341674 0.10804626
342145 0.12268933
450265 0.10452312
449647 0.081500694
340504 0.094657816
449650 0.08891034
340615 0.1540396
007053 0.122768015
450649 0.12894909
449938 0.10038867
234537 0.063085355
128457 0.10854965
005673 0.0
450571 0.089563936
006909 0.059304845
234678 0.044387735
008259 0.14247124
127746 0.13166408
341227 0.0808472
234711 0.109102204
232827 0.05443885
450331 0.14150392
127167 0.07468768
232992 0.09525048
341020 0.07029115
342559 0.07702232
233220 0.0975113
234732 0.12608556
007467 0.14318965
127740 0.1241579
448732 0.16500345
233898 0.08276929
127206 0.056225836
007830 0.061898723
342028 0.11154736
449986 0.10225129
128493 0.11166575
007131 0.011588843
235236 0.043330092
127611 0.121529594
340510 0.09875382
234495 0.029366296
007959 0.092861965
340603 0.14779976
128175 0.12616405
450451 0.14274336
449143 0.08425312
235224 0.07081319
233169 0.07386774
233421 0.028336188
342088 0.118902534
129621 0.034450173
129591 0.14526108
007719 0.055168718
449413 0.07147815
341326 0.09403593
129495 0.12884256
233400 0.019614022
128517 0.068296306
234345 0.12480638
233289 0.09468714
234474 0.047681373
450235 0.09828799
127023 0.02872866
234507 0.052030183
128550 0.047816027
006489 0.12566704
005820 0.13486291
448480 0.09434075
006468 0.19337474
007947 0.08096801
450664 0.11806067
341122 0.06951854
234681 0.08236955
006993 0.06019648
235347 0.11633489
128583 0.054522473
341392 0.089683704
235194 0.09479275
127923 0.06353454
233373 0.04103335
233244 0.09675023
233184 0.096507855
235131 0.13115445
233130 0.08503245
006942 0.056562874
450076 0.104793206
234357 0.08942091
340645 0.10949449
129333 0.07580692
006522 0.06912853
234531 0.052456554
007761 0.058655012
449509 0.05621986
341350 0.086694725
006696 0.16384754
447994 0.115879476
450511 0.12227785
449851 0.0757577
232788 0.054539368
448288 0.12140379
235179 0.083759874
233286 0.094209135
127755 0.11554529
128199 0.1091118
449965 0.09036632
448003 0.10338971
448327 0.14308745
008004 0.03232337
448267 0.0829414
341233 0.07875165
005901 0.037575185
233631 0.026078116
340624 0.12777783
235209 0.061686955
341875 0.10759794
007698 0.047456205
129588 0.18110502
006960 0.047100753
128652 0.025533594
005595 0.0055093165
007827 0.07159929
129636 0.068225406
007443 0.15466723
234573 0.071047455
006342 0.06663407
006198 0.08087832
234912 0.095106065
342160 0.11351029
450565 0.10351667
449716 0.101902075
006033 0.05804959
448444 0.06637459
235260 0.04055159
007806 0.06475305
340486 0.14308167
128190 0.11806809
450178 0.12404768
449593 0.08578717
448204 0.10741995
128646 0.02784077
128163 0.1324786
449158 0.10572925
129318 0.06719522
341944 0.109765746
006189 0.08216096
006381 0.036318995
340741 0.09572866
235092 0.11829868
342712 0.121340215
006795 0.019506928
007707 0.04682762
127614 0.12190286
006774 0.017502133
342823 0.039555505
007941 0.155462
447988 0.127163
007266 0.04737817
235026 0.110151954
127065 0.08857806
341599 0.08709374
450523 0.11537532
341821 0.09502271
006939 0.053976655
232845 0.042442717
449977 0.10186416
128604 0.027947344
234810 0.05195978
007887 0.09019259
007677 0.0646045
232944 0.038760938
127863 0.053511865
233040 0.052664466
235044 0.11070091
448621 0.097838044
341491 0.10695081
128370 0.14714162
128160 0.12932746
340639 0.114879854
341368 0.09989517
006150 0.083222024
006090 0.15824333
235056 0.10305255
448075 0.03843896
341410 0.09035872
127389 0.0410539
449014 0.06406051
128769 0.09093582
448999 0.062123418
340588 0.11968599
128133 0.12757248
005721 0.20706412
342829 0.03381943
127437 0.0
448627 0.1088477
129306 0.08306492
006444 0.15945086
450640 0.13199885
341182 0.07247094
235140 0.11047971
449923 0.116198584
235020 0.11339779
341980 0.1194863
342148 0.12157987
449836 0.081205964
448696 0.12212173
448060 0.06689506
448510 0.14662057
449203 0.037777092
234447 0.067971945
342619 0.13473871
234945 0.10856639
129468 0.1784813
449848 0.068997316
006387 0.04823827
341089 0.063721016
008235 0.06444475
128742 0.05635288
449032 0.047939073
128259 0.10317206
234177 0.10545987
234699 0.092498116
127485 0.060883343
128193 0.12298384
234219 0.06928252
340252 0.06374585
341323 0.08886795
449134 0.09259245
449863 0.093236245
340405 0.047558274
232923 0.04923435
007920 0.15359692
448660 0.113140985
006516 0.07634102
128019 0.050559927
233115 0.08743666
450652 0.12825353
234459 0.06728292
340864 0.067734815
127776 0.08772153
235287 0.04460778
449455 0.093899764
128262 0.10598389
449494 0.05998084
341845 0.103658006
341482 0.10030814
448903 0.056391925
340891 0.06425489
235314 0.061721426
234519 0.043264434
127047 0.07203778
449995 0.09915629
233172 0.083473325
007563 0.05375164
448546 0.118549764
340441 0.053012066
450046 0.100116916
235035 0.10694435
127413 0.04246331
127812 0.08923781
128349 0.13679925
234369 0.11879088
128058 0.07282406
129423 0.1059765
449872 0.10664247
233154 0.09841502
341851 0.100416176
340903 0.069455385
234222 0.05981659
234969 0.06871588
340582 0.10638886
340291 0.065445416
449755 0.101559676
234966 0.05976271
450391 0.10799326
450532 0.09283208
448249 0.1056964
007716 0.051739864
129294 0.08422062
007938 0.15347265
235359 0.06227356
340483 0.15749994
450286 0.12534116
006327 0.05185609
127536 0.30187374
128043 0.045165397
127182 0.18720107
341977 0.112194225
007662 0.07972901
450190 0.111807205
128427 0.12514834
235248 0.039690096
341164 0.07208789
127692 0.12068589
127017 0.036396
008196 0.018567229
449515 0.057253517
006291 0.15076256
005886 0.04488535
450430 0.14540267
450517 0.11427872
232830 0.055949077
448174 0.08687776
127152 0.02860414
129297 0.082590714
448831 0.05517769
235170 0.058398418
450598 0.11210438
233136 0.08841927
232956 0.06679416
127596 0.12558328
233982 0.04767531
235122 0.12618135
232812 0.08826599
234603 0.046775576
006861 0.040431958
007704 0.055923574
232752 0.028882014
234381 0.13243926
006303 0.093389906
127668 0.08564032
234489 0.03358677
341167 0.06796948
449746 0.09244509
234195 0.061983757
235251 0.04267891
449314 0.10428894
340273 0.07756174
007863 0.07544247
233238 0.09647088
340885 0.06263217
340612 0.14105023
128538 0.05472704
448867 0.054735966
341893 0.10820951
450535 0.09676418
127170 0.08529599
005733 0.082089365
234240 0.16928819
129561 0.23533802
449941 0.09711517
234429 0.1244109
006519 0.07487829
127869 0.063829236
448741 0.11684713
007680 0.067787044
450166 0.11373802
448912 0.06325575
128346 0.14914548
234591 0.064658135
448966 0.06524494
234261 0.10999576
127221 0.08221879
341518 0.09180706
232884 0.09550523
129453 0.14009531
233124 0.08705607
448945 0.06326649
006834 0.044363357
129600 0.07150024
232773 0.040768396
234645 0.025990559
341575 0.087114505
006072 0.20603223
450556 0.10706007
342106 0.1247467
341170 0.06895453
234321 0.19982906
341641 0.115207955
234267 0.062411007
127449 0.0
233076 0.08265747
128637 0.019767791
128085 0.13389327
007674 0.09593571
007635 0.19730295
007785 0.05297383
127683 0.10437608
342880 0.084671386
341389 0.09056778
341572 0.08805703
005904 0.02558862
233226 0.09077222
235047 0.101472855
129000 0.04478337
234348 0.1298142
234333 0.1245258
340471 0.2023748
127731 0.1494539
127095 0.090292655
341398 0.08496558
342715 0.13020496
128061 0.06962724
234567 0.07523404
449362 0.122043274
129330 0.06630345
128010 0.074007526
007689 0.05345969
341224 0.08153757
342895 0.08959538
448471 0.08759171
234996 0.09903751
340219 0.060288645
450439 0.15067217
129141 0.0011641111
341068 0.07101189
341617 0.09053804
232854 0.0404159
449950 0.10553586
006222 0.07419935
234642 0.019569999
340276 0.0612861
127386 0.03679491
233889 0.06730728
233376 0.04806862
007929 0.17801148
128586 0.056284975
234588 0.083768144
342910 0.0908417
233925 0.105334334
450364 0.11170446
341869 0.1074677
234465 0.058420632
233916 0.085746154
007056 0.094103985
340210 0.05098397
006096 0.1327495
234960 0.050664432
235125 0.12722597
128352 0.17162137
450385 0.112224005
006363 0.050133433
448807 0.10753696
342703 0.099647805
342403 0.118117176
342391 0.12316089
341059 0.07124921
234486 0.042807423
007728 0.073503084
128028 0.03735193
233625 0.021967176
006306 0.076453194
450679 0.10441917
235107 0.1265266
127269 0.06334667
342058 0.12080183
007935 0.16214044
127737 0.13590296
234384 0.12821522
233979 0.054336194
006771 0.015986523
235068 0.064790815
450400 0.11000495
233787 0.0998899
342877 0.08878582
128295 0.11113774
006075 0.23590621
233055 0.05024909
128403 0.13136883
341935 0.106905594
129501 0.13207087
449728 0.12280394
342133 0.11725314
127194 0.11572369
129177 0.07227513
233901 0.088134
234516 0.047503717
450421 0.14665052
450550 0.11025254
341764 0.09662332
235071 0.051756334
235353 0.09486645
005568 0.014050038
341173 0.073038116
006948 0.05924213
234975 0.080878295
341557 0.09581167
449095 0.100707985
450292 0.13589653
127029 0.061144274
448759 0.1263682
127677 0.09197468
007617 0.15609246
448354 0.10324606
006177 0.08345105
340309 0.029982986
448909 0.06360387
449779 0.13122663
235422 0.109273516
127059 0.08050709
234549 0.08912151
005700 0.12282266
233940 0.07840784
450529 0.085831106
449437 0.07887442
235032 0.10609291
449572 0.09153942
233952 0.063277684
450091 0.10130465
234693 0.09373142
448045 0.08543682
449386 0.05366177
007824 0.06023784
449677 0.091125995
448048 0.10947746
128514 0.073477395
341347 0.08816755
007833 0.065055616
128442 0.125981
234702 0.08585645
450607 0.11096652
234249 0.1472822
340549 0.13112836
129063 0.014310486
449956 0.10697654
341689 0.11623366
449839 0.078170456
342538 0.15152678
128406 0.1401528
005583 0.024240423
341929 0.111243665
448765 0.1359125
233181 0.09724477
449734 0.105373584
342808 0.02726157
448339 0.12987208
340366 0.10751247
127794 0.08372299
234852 0.02686189
128871 0.08836816
449449 0.07807907
006048 0.07244343
128082 0.11807683
006288 0.15774976
448714 0.1190448
342046 0.1166763
448348 0.11685899
007098 0.02359611
341989 0.12645036
340306 0.02402268
340450 0.096029475
232989 0.08962888
233271 0.09105491
449281 0.054071486
006360 0.062798984
127038 0.06297713
128391 0.15092546
007122 0.0
450466 0.14893544
233061 0.046755344
007509 0.1065738
448792 0.1161301
448024 0.08058863
449029 0.06236053
127710 0.12751487
232848 0.031173691
342646 0.22375984
128520 0.05275626
341671 0.11056587
007260 0.015831651
129426 0.104428925
006705 0.10738279
233646 0.0097883
342667 0.0854534
449005 0.06626881
448750 0.12641712
234708 0.12901744
341824 0.109597474
342115 0.1312013
341188 0.06520057
450031 0.10205069
127647 0.13815074
233328 0.09545536
235128 0.1270479
007758 0.059860855
448000 0.11655879
341218 0.08215132
129237 0.07775014
341704 0.1055458
341734 0.096124016
450049 0.09934619
128139 0.12886308
341371 0.08905226
128421 0.124700256
449524 0.045480203
449233 0.40672937
449623 0.08642555
450070 0.101214744
234798 0.037946437
232797 0.060219515
007080 0.041799013
449992 0.10130348
006273 0.09367053
232794 0.061122768
342700 0.08745511
006351 0.06335432
129285 0.09385493
128091 0.12364719
341638 0.10768228
234849 0.028639017
341659 0.11017769
235362 0.06431072
341521 0.10583409
008238 0.082359076
005691 0.07935579
006498 0.15682627
450298 0.12955332
008310 0.14663853
129531 0.06666524
341716 0.10259901
340924 0.07137863
006525 0.06680816
450232 0.106414564
128787 0.084521316
127839 0.058050375
234606 0.051565364
234822 0.06847262
007575 0.057697535
234342 0.12391272
127929 0.06658862
450025 0.105637886
341461 0.10488212
341602 0.08945591
127053 0.07425278
449368 0.07382846
128559 0.056665514
235188 0.08211328
341041 0.07151786
006699 0.15137114
450223 0.10716855
232746 0.03922047
006936 0.046235874
341314 0.08484753
233757 0.032379907
008283 0.1401965
007263 0.048670355
129684 0.067391254
340642 0.11367803
448240 0.10327999
129438 0.06982072
340465 0.2097843
233256 0.093025796
129477 0.18924002
006126 0.076088056
128394 0.13552013
342163 0.113109365
232878 0.08561548
341074 0.063772686
340861 0.07489603
127074 0.10350639
008253 0.12785582
006873 0.047348157
233253 0.08946223
128385 0.14554636
128907 0.07906327
341485 0.09947348
128358 0.1678331
129516 0.059546217
006312 0.0783154
006486 0.11124306
340750 0.10359001
448777 0.1551428
450562 0.10291354
448855 0.05857521
007326 0.09646117
233160 0.09325774
127056 0.077635475
341953 0.110629395
008247 0.120532185
128523 0.051655848
129303 0.078254364
234153 0.20543435
128157 0.12792498
007845 0.05268712
127227 0.14089791
448819 0.08785392
006003 0.014191475
341536 0.103029475
342199 0.12104364
006507 0.1078884
129483 0.20817159
233679 0.0
448951 0.07170562
450304 0.12356414
006447 0.20936753
450499 0.117925376
127902 0.06604886
008307 0.13270871
448852 0.06587272
341632 0.10529342
129066 0.0027437895
341896 0.10751042
233319 0.085889705
128376 0.14613105
341887 0.10704896
005730 0.13257724
006279 0.12769413
127767 0.09093167
342625 0.1577207
341308 0.09332692
341746 0.10046077
340597 0.12522295
128409 0.13720143
341239 0.07725666
234600 0.050767623
007074 0.0671829
007059 0.13772857
127131 0.04092448
448228 0.09951128
449329 0.1378771
007989 0.1095442
235371 0.08693526
449575 0.07574832
128304 0.1129485
341404 0.08786138
450151 0.114841856
448711 0.12595081
006192 0.083356954
449506 0.03963876
450040 0.10337933
234636 0.017156858
234927 0.099503644
234786 0.046736192
127878 0.08898308
448351 0.10400965
341950 0.10958771
007650 0.16799504
449599 0.09753319
128478 0.12422586
007431 0.12176904
006378 0.04968101
448294 0.13273072
129603 0.059664298
007446 0.1599553
232785 0.06199912
232770 0.03544496
448870 0.057816803
340399 0.06692031
128154 0.13331464
341758 0.093223564
127161 0.04475486
128343 0.15376069
233028 0.065218255
341833 0.10416791
006165 0.07748202
342400 0.12478156
234285 0.06593957
128298 0.117024794
341023 0.070285745
448657 0.09520311
233145 0.09312912
234375 0.13518667
127674 0.08454564
234513 0.040159214
127620 0.12704279
128466 0.10969693
449539 0.037228327
233337 0.08823796
233247 0.09782022
340222 0.0578213
006654 0.1907924
450697 0.081574425
341971 0.11575706
449770 0.08808942
449347 0.13075596
129447 0.1213936
340228 0.056653876
234363 0.10301884
127983 0.0833543
448066 0.06417852
128502 0.13572793
448933 0.05887343
340339 0.042550016
233811 0.11910121
128499 0.115269676
128700 0.042405095
342070 0.13029884
342418 0.115061134
450688 0.101834014
007653 0.16211675
127695 0.12077536
448231 0.09316211
006375 0.043009203
449818 0.073438585
448804 0.11528424
342577 0.17112699
342664 0.09042233
128685 0.054777697
448270 0.08335312
449791 0.11007189
448633 0.10745981
127905 0.06030762
448594 0.10985976
129666 0.05519684
449827 0.08398559
341554 0.0965446
448462 0.069385506
128367 0.1526319
449161 0.09772124
128661 0.034903735
007587 0.10179731
448378 0.04515696
234408 0.1273942
450121 0.12298431
006510 0.09571387
008214 0.040177014
234840 0.048153166
449059 0.06619406
342457 0.03660064
127077 0.09977009
340474 0.18398832
340201 0.047261856
341908 0.10652311
129513 0.059326403
234777 0.056324482
448987 0.057701074
128718 0.047228705
340900 0.06697773
233967 0.075664535
235263 0.040765293
340531 0.09870953
007911 0.18172936
450514 0.11602539
341728 0.10138839
449341 0.13709871
234738 0.11586749
448153 0.16626336
449887 0.11600244
006210 0.083386905
128205 0.1143226
341413 0.090296455
449896 0.116501935
449905 0.11608865
128055 0.0631383
005808 0.11042971
450613 0.120883666
129045 0.0037938405
008028 0.014504561
450637 0.12945361
127881 0.09212489
234744 0.13552003
448447 0.079490416
449671 0.09227291
235416 0.10980577
232782 0.05235095
448486 0.09679754
448858 0.059725884
448705 0.12251401
449932 0.10945586
233730 0.070782095
448147 0.15204978
449707 0.07736813
450082 0.10852877
233235 0.104274265
450610 0.122974925
007899 0.10457811
448834 0.04837818
342748 0.087000154
128121 0.1422683
233292 0.09123144
234075 0.3360132
341425 0.0988988
006147 0.08691506
129258 0.19209911
448840 0.052650295
450268 0.09979851
128145 0.12088867
005802 0.09290772
005892 0.027167303
234126 0.051195133
449605 0.09839442
449380 0.07909969
006528 0.06061931
448885 0.05651638
233334 0.08765452
448087 0.04161195
128766 0.10033059
341053 0.07445691
449371 0.07405242
007656 0.09669844
340627 0.12978756
448210 0.118967205
005841 0.10007344
341335 0.08846909
341401 0.08923587
127332 0.0399529
341209 0.07624034
128721 0.057565752
449497 0.04417532
448363 0.07725098
235320 0.04516678
449326 0.129525
342853 0.0812072
233391 0.036061127
342814 0.027819367
450010 0.08935168
448243 0.1016774
448702 0.122314475
342811 0.030445518
234234 0.12191872
341665 0.10917307
234411 0.122924395
005577 0.016178153
232761 0.040980242
341134 0.086392485
448729 0.15945795
342769 0.05384147
129675 0.119466305
450028 0.105586946
448165 0.09970278
129429 0.118902415
341203 0.07918441
449776 0.09136393
127098 0.089378044
129534 0.06432245
448507 0.15175039
127656 0.08527428
341506 0.104527175
340195 0.051342696
341854 0.10891364
128178 0.12299357
129510 0.059642546
450058 0.10284575
007050 0.14326684
006243 0.039867934
342643 0.13155417
008001 0.030806549
235011 0.15229657
233388 0.042062502
449692 0.093379825
341776 0.10519987
233211 0.10264404
235191 0.0952762
233046 0.05266472
235233 0.051510017
128397 0.13493305
233262 0.097493686
341710 0.103410676
234981 0.08080639
128541 0.053433698
232839 0.059870873
235185 0.08409283
448579 0.10021965
448234 0.08910964
233934 0.08340554
127071 0.11063496
129507 0.08756624
449167 0.07526128
006915 0.06925897
449731 0.12229922
341926 0.11226209
448258 0.11014721
341761 0.09858657
006156 0.07745026
232767 0.032994214
006204 0.07991186
007725 0.077514954
127263 0.058966838
341743 0.09799353
342178 0.11654857
448246 0.09584327
234300 0.08573812
449566 0.09528612
129492 0.14193027
448615 0.10042108
448132 0.056411337
449173 0.060238224
128451 0.11326227
448975 0.055951037
342757 0.03872158
127686 0.11325971
450316 0.14996815
233880 0.06894799
449140 0.09050969
449026 0.060636338
341305 0.08991606
234789 0.038991764
235221 0.06936728
448342 0.124657735
129543 0.05638458
005757 0.024654748
448375 0.05725062
340336 0.03600766
233022 0.06830936
448726 0.15744369
233961 0.05393494
234231 0.11744082
128097 0.13373986
007062 0.09570396
341965 0.1286423
449395 0.06118247
127830 0.06870534
129300 0.08592852
448708 0.1324834
342214 0.11585789
127629 0.13347067
234456 0.06649432
450250 0.113985404
342847 0.07365464
341110 0.07275942
340546 0.12796734
342604 0.14835265
127326 0.029819686
235317 0.055702575
129264 0.1526858
128382 0.14339821
449656 0.085038826
448504 0.15675166
342382 0.1150493
342571 0.13832903
233274 0.0909974
342802 0.21860452
448618 0.09823979
127137 0.04195423
450301 0.12976766
448813 0.095085114
342466 0.015007449
233229 0.0983313
448282 0.131258
006249 0.025431782
449182 0.050766636
340684 0.120443575
129687 0.052802395
007584 0.087631315
008277 0.16372783
006684 0.10666566
235197 0.08808029
450229 0.10623446
128166 0.13886024
450463 0.14385213
233199 0.099720314
007683 0.06625316
450379 0.11763243
007524 0.07092817
449596 0.09747295
006735 0.039990906
341293 0.09152502
340519 0.098973416
448330 0.13766597
450631 0.12640226
450274 0.11124244
128004 0.15670528
007530 0.08130381
005811 0.10458873
448843 0.058033753
449959 0.10171851
234453 0.069164716
341629 0.10469761
341686 0.115758486
449419 0.08202295
449317 0.11540222
234402 0.18035795
450280 0.11907063
006123 0.08099859
007671 0.06500658
449272 0.058951803
127464 0.071583934
235017 0.14973463
007308 0.0506242
006885 0.05778987
129552 0.13335924
341866 0.10823647
341884 0.11242829
449767 0.077446826
233097 0.09136197
341434 0.10220704
234156 0.20776625
006063 0.13867068
007473 0.13555448
129246 0.13007359
006438 0.081134945
233310 0.08773738
005739 0.065998994
235104 0.12825932
007623 0.14267051
340867 0.067348994
235428 0.12977901
449125 0.09476531
342211 0.11853168
235155 0.08219711
341098 0.073100306
128196 0.11751257
128289 0.1040095
340552 0.13150863
342097 0.12513664
342586 0.1747138
341677 0.10808711
232905 0.045042653
340396 0.08883363
007437 0.1430835
342706 0.10794115
234948 0.12755126
342502 0.074130304
127125 0.046044204
128310 0.11856458
450577 0.09209769
340930 0.07507327
342562 0.077482566
005883 0.046398416
448216 0.06828334
232911 0.054080598
232995 0.09345424
449086 0.09568684
129282 0.09267019
341494 0.10472399
450175 0.11298254
448438 0.039103657
234576 0.06250773
234441 0.07864909
127155 0.028173195
341374 0.091976486
128577 0.052501015
234771 0.07038917
342919 0.08503792
448924 0.057443254
448180 0.08903099
233091 0.07630817
233922 0.091577075
448531 0.121238045
449185 0.050128967
233223 0.08785354
007977 0.04885248
232935 0.031499807
341197 0.06782573
342730 0.1964472
340696 0.05676292
234933 0.047653317
448195 0.11318229
128049 0.049795516
128226 0.115251794
450115 0.12318212
449107 0.09504332
127173 0.088569075
232800 0.07905078
007560 0.05529068
234483 0.04710134
341872 0.10770636
008298 0.14874315
448360 0.08184781
449425 0.07754738
128334 0.13100185
127821 0.07729657
450133 0.123153515
129279 0.0963898
448663 0.15421766
450148 0.11637069
006903 0.06619827
008220 0.058464743
006336 0.0690527
008175 0.08248004
449653 0.09553967
340513 0.088436544
342691 0.060904212
449578 0.08305169
235245 0.041913945
234993 0.09178245
449050 0.06726907
340912 0.067941286
128475 0.1263881
448030 0.08126525
232983 0.07817104
128232 0.10933308
341860 0.10353224
127803 0.09026985
233175 0.07356096
340324 0.036365885
234291 0.07235426
006195 0.07624083
006474 0.096052915
340876 0.07045798
448786 0.12790172
234366 0.101636074
448837 0.05454731
129459 0.15773603
235143 0.10819525
234462 0.06503708
340744 0.09763317
448768 0.13278714
341080 0.06378664
341635 0.10754404
127986 0.0760193
006483 0.1024818
129267 0.10322456
342610 0.13330357
233424 0.032835346
449194 0.037251923
127248 0.16314803
342883 0.09373711
342187 0.124897055
342025 0.11087996
340213 0.039360426
233478 0.021147052
235299 0.045639686
127917 0.05640742
007968 0.09292946
342520 0.06734918
450358 0.12186296
128331 0.13289401
006117 0.09784286
449434 0.087875694
233892 0.066872306
007581 0.08855478
448129 0.05053077
449974 0.099255644
127569 0.15772775
232881 0.09441874
006783 0.030390682
234957 0.10217172
341647 0.113213144
342127 0.1214302
127446 0.0
450340 0.114678875
234213 0.07371712
448780 0.14763959
128127 0.1336473
341509 0.105183005
449122 0.11114672
127110 0.07143426
234906 0.08082294
008262 0.14726703
234171 0.121945195
005874 0.06786685
235368 0.090234935
234807 0.056629546
232758 0.03545805
128313 0.11612651
233652 0.0051130923
449560 0.071028925
008256 0.13315612
341815 0.09992171
341653 0.113562115
006864 0.048375852
006354 0.06159145
006426 0.17228112
233919 0.08567188
341176 0.07474064
342436 0.060570944
340237 0.062393334
342622 0.14303064
233712 0.02859511
340846 0.06893623
449869 0.10125492
449902 0.109988056
340747 0.096689306
449842 0.07904754
006093 0.13086888
233628 0.020615209
005685 0.062454514
340543 0.12453652
127062 0.08291324
007608 0.13006939
450604 0.106651634
128490 0.14381708
341782 0.10714265
127824 0.07398377
448300 0.13903132
234414 0.1313655
007158 0.025521366
340456 0.19602
234585 0.07544337
450628 0.09968244
449092 0.0948365
007344 0.040294163
235239 0.04073914
341260 0.07920017
006399 0.07553283
234336 0.11974363
234651 0.023335336
006411 0.08332558
448549 0.11003195
127671 0.10315633
342001 0.116995506
234246 0.16745088
448882 0.05813384
342217 0.11233017
235365 0.07910812
233007 0.08838719
005916 0.027937477
340270 0.06888496
127707 0.12960911
448390 0.034990318
008295 0.15234755
006870 0.0396683
233904 0.08746675
232926 0.037394103
448489 0.11474683
449377 0.089601226
128562 0.058969557
450262 0.1063086
450094 0.11092504
127638 0.13126951
006384 0.037490875
450670 0.10427065
448078 0.03766411
005571 0.019319475
005955 0.011325885
234942 0.049786013
340285 0.07478264
129273 0.10398173
448285 0.12355881
234672 0.049313344
450259 0.10683435
234105 0.023721451
449074 0.09484161
450418 0.12337212
448315 0.1223275
342670 0.07961024
450079 0.10855429
448573 0.108783
129327 0.056145318
449824 0.07526806
341083 0.065931454
448801 0.116167344
235014 0.14819914
127908 0.06055462
129471 0.18239325
234186 0.11084645
007272 0.030413939
448588 0.11628579
450352 0.12331048
235332 0.098226875
233472 0.07033942
006153 0.08087791
127374 0.011991303
234399 0.14059243
450052 0.10094591
233064 0.05424752
450157 0.11543199
340297 0.055194926
127788 0.089522965
233001 0.09548646
127014 0.03548001
340828 0.06783893
341437 0.1056921
448954 0.06834368
127581 0.17393756
129207 0.0
341794 0.09349327
008244 0.10764355
340609 0.14057481
233598 0.016617902
450634 0.13005821
448525 0.104337566
008169 0.20876175
449350 0.11105699
128277 0.10431284
448915 0.060638104
127689 0.12448756
007551 0.06450947
341890 0.10586821
342685 0.071157716
127314 0.021730762
450478 0.13867743
342613 0.13914017
233241 0.09322148
234633 0.01749158
234780 0.039550807
129243 0.10557766
129504 0.13820238
233907 0.0860679
234318 0.18170449
007848 0.060654245
234801 0.03393102
449068 0.09068666
128373 0.14631777
448939 0.06533103
006228 0.03751909
235065 0.07233454
128454 0.10813031
128430 0.124596
128445 0.10986981
005817 0.12186866
128649 0.024228955
129417 0.09811387
449503 0.04763611
127602 0.13961902
234471 0.04978821
340408 0.033085424
450322 0.14440864
128229 0.10280006
007047 0.1053252
127848 0.046710737
128172 0.1364459
341737 0.10160097
127974 0.06192153
234570 0.084632754
448666 0.15510686
341311 0.097495794
449689 0.09456511
235158 0.072227105
448324 0.13552575
007974 0.066968866
448828 0.06907897
007992 0.045030583
340936 0.071252234
449476 0.038787622
234714 0.13590896
340540 0.12194078
341470 0.09204361
127563 0.13972291
340651 0.11087518
341191 0.06604828
006186 0.083375074
127920 0.05788375
448648 0.10902742
450202 0.12246613
129678 0.109573536
006390 0.06155672
234201 0.0527367
450349 0.12431075
007647 0.15408218
448291 0.13460007
233304 0.09945338
340630 0.12439926
233379 0.03449044
341488 0.100066654
127245 0.1968695
341863 0.1063501
340261 0.06445024
127080 0.097519934
007749 0.04827878
128202 0.11856012
129003 0.05902675
448651 0.1044734
007572 0.053509183
342835 0.0484268
342913 0.09316638
006258 0.06778162
341836 0.11074027
127035 0.06733265
235203 0.07293811
234705 0.08339315
234225 0.07671401
448222 0.08369999
234609 0.06289528
008271 0.17016274
449353 0.11032624
342064 0.12634888
448756 0.12423011
448981 0.0549624
450088 0.10825615
342916 0.08905612
342040 0.11636318
007410 0.04006383
128496 0.10713689
127587 0.17134368
233958 0.05723236
007854 0.06536776
448597 0.10444046
006918 0.060806774
234084 0.3356334
232953 0.06742247
341383 0.08979189
450271 0.104087465
232929 0.04354086
234534 0.06049844
449860 0.09549962
006255 0.05102167
128781 0.10216004
449320 0.12985699
005856 0.09403806
449485 0.045928095
233277 0.0878726
007626 0.15801981
448501 0.147527
008226 0.07281956
128235 0.11066433
341563 0.09725711
007515 0.07924516
127209 0.046501096
006324 0.09743572
233217 0.09203917
127044 0.073063225
234306 0.1086633
448081 0.05293979
129261 0.18869461
450472 0.14368011
342583 0.15390377
128481 0.1430356
342430 0.06411885
127827 0.07687527
342631 0.12629123
128064 0.08862304
007878 0.06680382
007779 0.067356445
006057 0.10469725
234783 0.03500368
233739 0.03069357
340618 0.15133582
129231 0.05339602
234423 0.11582923
448624 0.1073592
128469 0.11289561
450394 0.10891253
232908 0.0443664
128589 0.05574269
232914 0.052009847
235293 0.039507583
449407 0.060954902
233151 0.09088332
007791 0.059096597
006171 0.07972227
006105 0.11941838
234393 0.13537812
232860 0.039973132
450097 0.102937594
233190 0.092554584
006720 0.061306443
234897 0.046715327
007896 0.09789025
340897 0.06689765
127116 0.06567728
342820 0.041843254
234723 0.15457553
007731 0.07632438
449047 0.066242315
006207 0.08340475
127188 0.13772072
450184 0.13003789
129441 0.08192987
448135 0.070385516
007866 0.06622782
007548 0.068162516
233436 0.0
006924 0.050051875
234540 0.06370795
005853 0.09438996
449101 0.08599777
007869 0.06753687
342676 0.0766579
128271 0.096840315
340669 0.14093824
450307 0.12707476
340525 0.09532057
342568 0.11034292
449797 0.08780503
234903 0.07515668
341533 0.10406905
447997 0.11199882
006414 0.06597022
233052 0.046399694
235266 0.04452775
129594 0.13163453
448654 0.10254176
235134 0.10122649
449614 0.08463211
234816 0.066623956
342652 0.18551917
128046 0.048289526
006300 0.097822346
234900 0.07776469
341284 0.08401584
340570 0.10818223
235062 0.10256254
449563 0.091547884
233019 0.07387361
235008 0.15259781
005703 0.13076441
005844 0.1001518
450043 0.0995023
341962 0.12598427
449884 0.09939381
340591 0.10847163
006051 0.093771
129474 0.19212627
450484 0.13514115
233073 0.07142556
006162 0.08578056
234612 0.0869365
450130 0.121987276
448084 0.050711513
341476 0.09162355
449806 0.06711319
233340 0.10156476
448321 0.1197476
340816 0.07797687
341650 0.11120261
340381 0.1512036
449041 0.05413682
449698 0.10105714
005580 0.019143702
233133 0.083817825
128280 0.105060406
129489 0.14529884
448849 0.061735183
006408 0.08850856
005898 0.047746968
448264 0.07252487
449644 0.088403836
233298 0.09216561
127845 0.048204802
450346 0.12825538
340264 0.05930244
235050 0.10631601
448942 0.067202255
233166 0.07987775
341695 0.113245994
007620 0.14012323
448279 0.12700039
129555 0.20883676
232806 0.097041205
128574 0.06056419
235029 0.10814126
007755 0.053922385
340249 0.06270704
341230 0.077817164
342376 0.11758642
449911 0.11636415
007416 0.050186217
127851 0.05645636
342484 0.019698547
235398 0.09915738
450673 0.104706615
448465 0.06774892
007842 0.055749513
234198 0.059152965
449641 0.0914762
342661 0.08564431
007986 0.038949687
128109 0.1400437
341056 0.074193634
007419 0.0634078
448441 0.06459205
127884 0.10367699
450442 0.15082145
128217 0.118618995
128322 0.10553256
340690 0.08466425
006723 0.04315827
449344 0.12318199
234804 0.054329734
006687 0.102310106
234141 0.115570694
341818 0.102017395
448672 0.15969248
234237 0.108169295
006750 0.024703505
005973 0.0014327156
341455 0.108688794
450682 0.104990184
448144 0.12905793
341251 0.07993482
449803 0.0724365
234477 0.047514353
233937 0.076911926
449473 0.036832724
450406 0.11213247
341101 0.07425482
340675 0.13226113
235311 0.051738467
449113 0.10205572
341275 0.07809232
006900 0.065367945
342556 0.103808865
342184 0.123575374
007590 0.11867076
448636 0.1088486
450367 0.11228512
450055 0.10046402
448747 0.12757868
340522 0.09593998
233910 0.080932096
448192 0.11390179
232998 0.09122064
233094 0.08233746
128763 0.07783118
129345 0.046347685
449023 0.06398701
340294 0.03831343
448276 0.10419097
128568 0.04711381
128715 0.053256366
449929 0.116964616
006159 0.083380334
005805 0.088702194
007602 0.12696773
449302 0.08358733
129240 0.08545279
234354 0.09071481
008223 0.046420205
235296 0.036230303
448183 0.080107704
235284 0.03911534
007767 0.06237251
342076 0.12357156
450553 0.10818945
450085 0.109336875
007518 0.08942946
128412 0.1282871
342439 0.06118831
128553 0.05121777
341086 0.065902606
234669 0.04634519
129213 0.001240628
128802 0.043214876
341749 0.098822646
007236 0.033059716
007611 0.12993118
006234 0.042809475
341290 0.08865293
234081 0.3359148
450502 0.116886154
341611 0.081810676
449383 0.062640816
232818 0.07296716
235137 0.10089201
127140 0.03384515
449296 0.07361017
449179 0.056038477
129369 0.021729067
234963 0.05363586
449944 0.10352742
006036 0.017565344
340489 0.13610488
450493 0.11457129
234330 0.13257836
127572 0.17625721
448540 0.11641464
127725 0.12507166
341725 0.10086379
234138 0.07542883
340555 0.12815225
234510 0.04445106
007995 0.03656641
233016 0.08105955
448303 0.14060187
007746 0.06617849
341155 0.08240399
128487 0.12458076
128595 0.06336679
448309 0.13567762
007527 0.069853894
449989 0.09962872
450205 0.12133224
007857 0.066714816
340687 0.1042094
450508 0.114463784
448018 0.08111629
127896 0.0720521
127836 0.061190803
128703 0.046471257
449635 0.10285118
127743 0.12654841
008301 0.14376304
450214 0.11267999
448189 0.10953872
129699 0.08041229
007773 0.06381418
006402 0.07846925
448603 0.0993874
450490 0.11793716
450415 0.12656432
233109 0.08482711
341032 0.0702995
234795 0.036962517
449749 0.096537665
006201 0.08208191
449620 0.0830388
127962 0.06934255
129519 0.04403555
233976 0.075327724
128505 0.11048106
233874 0.07752591
006231 0.03960479
127584 0.17844066
007599 0.122820824
342841 0.045632906
448555 0.10588215
448810 0.09444963
129456 0.13925456
341548 0.09483869
006423 0.069359235
449098 0.093046285
128808 0.034470253
128073 0.09994719
127719 0.12299105
234378 0.120198175
235113 0.12376032
340678 0.13537432
129123 0.00492484
007422 0.083199486
235329 0.078388795
449422 0.08439146
449899 0.11503427
127866 0.06920302
448552 0.11102224
341551 0.09698888
449878 0.10103929
341500 0.10440392
449704 0.09359443
129249 0.14104097
006066 0.16672188
450034 0.10300367
234768 0.08240987
341596 0.08386704
340498 0.104533486
007860 0.07041096
006594 0.06332996
449719 0.097408704
129462 0.1700646
235335 0.094656825
233466 0.060645934
006102 0.11530276
448483 0.10392452
342679 0.067316286
340267 0.053440217
450310 0.14399576
006348 0.063459545
449011 0.06997913
005748 0.043340575
449686 0.0929424
127278 0.06810702
233295 0.09102832
127203 0.052671526
128337 0.13862152
232977 0.08351419
005676 0.008486023
449461 0.08109058
450586 0.09683307
340462 0.21054894
448519 0.111449055
340663 0.097722664
128211 0.116024226
006930 0.046635747
127158 0.040756755
448336 0.13501857
342595 0.16103132
232842 0.05647278
128757 0.07119649
129630 0.052967127
129549 0.06601377
450373 0.106453
006531 0.057130665
127101 0.09708842
129639 0.067709655
007950 0.09130994
450160 0.11446669
235167 0.07998623
449332 0.12857004
127041 0.06353561
341338 0.09335769
449053 0.08562433
235305 0.04507817
006129 0.077515624
340312 0.032877777
448738 0.12159139
127722 0.12765265
449119 0.09790588
127998 0.097782105
127149 0.035610333
007542 0.06916604
234426 0.1218639
449980 0.106199056
450118 0.12590395
127968 0.047921494
342166 0.10673834
341608 0.08464388
006846 0.04691232
235404 0.10409688
448960 0.06757522
233163 0.09062133
341440 0.10678845
129528 0.065578446
128484 0.15460649
006168 0.08218988
006267 0.052282896
