005742 -0.11624684055203402
449914 0.055246947534429866
234258 0.016256702799157186
447991 0.17601666653050949
127233 0.261855514600604
232965 0.05894713982125909
129228 -0.0288036592017496
232872 -0.033838504870462305
128895 0.0073170711784526195
449857 -0.11480199514601183
005745 -0.23912120388794975
450403 0.052040118419536804
340834 0.041496127271436575
235425 0.071135974672034
127875 0.15323266429470134
449722 -0.011320856408775634
448273 -0.007375577540624704
234159 0.29627200426796035
129633 -0.06897833785278439
341947 0.06444893965742857
128418 0.12807493512592616
449587 0.08884604088682124
233592 0.06823232307197145
450376 0.010938104134054981
233139 -0.0025506806265349997
233883 0.15405725086715266
234753 0.03439337194884108
233280 0.14394445704466263
234063 0.32929429553803946
342082 0.03394091391577786
129480 0.1022035916651381
340459 0.1118607197169593
129012 -0.17652249840832265
127107 0.11995668448103201
234924 -0.023378594442575923
340681 0.11413653047530208
342850 0.10191520801698319
008280 0.16757770194327054
341104 0.058611884119722256
449164 -0.025453453526608747
006756 -0.06723217877671292
127230 0.21583903226439952
450127 0.003927857412712735
450382 0.02845739525869085
128733 -0.04515633672872814
233112 -0.009171680529276973
341959 0.04914013542399878
234480 -0.02068533965594435
341680 0.040866772920204804
127899 0.11335626717275914
341215 0.05052392262300675
234294 -0.0037634219770826655
235149 -0.042492764835986345
341524 0.04441113566403113
128931 0.1504191480181422
234525 -0.0501052945568448
449305 0.07252423891945489
128070 0.09474935853644345
007434 -0.008249032564984968
449713 -0.014789478988494606
450172 9.506031577414137e-05
449530 -0.1087278233277454
234450 -0.03384907498790874
007638 0.05154981812882497
007293 0.026607407639941065
128460 0.170062636448018
341713 0.03636644952140934
340216 -0.11708424655848709
127224 0.15489057143643933
449953 -0.0603626890968666
006270 0.13502077438620136
342874 0.06563754782725041
129444 -0.009602969971255978
128745 -0.03854523971410468
340576 0.13697846086555257
006420 0.1645406031892413
006897 0.09135323423095233
008058 0.05530481868320041
008274 0.14414945037373694
448906 0.11587144581212394
006264 0.10767643758649338
342592 0.21114579925762456
450568 0.04079071432167541
235089 -0.008306559529576865
448498 0.09121588155444278
448126 0.010025252391284831
129234 -0.013865672762757335
341812 0.05350571512740492
341407 0.040453344857160685
233970 -0.0034365282390580506
341254 0.030307508496133125
128751 -0.03089766033992763
007788 -0.03019304522879057
341026 0.09332731107981974
127857 -0.11553079774583272
007338 0.07044175249115056
448312 0.09556094739172195
007776 -0.030346149995031654
449893 0.026647702639629706
233322 -0.019483013758583682
129312 -0.07367656843631384
232950 0.0394896928583416
341152 0.10206613234877412
449752 -0.06405359071185246
128904 0.009055717440735404
341245 0.03626891031726422
342469 -0.07526653374313678
234918 0.008590962248619152
341092 0.053238790677064655
340648 0.06352923158776394
448567 0.05966387183143181
127809 0.0969607399468104
235341 0.08555273562990669
233385 -0.17373722991749796
233148 -0.002623072763062985
341419 0.041050235909569376
007917 0.024739129059357157
341332 0.054875905615121255
127806 0.08406008944659986
006690 0.11406744044851158
127083 0.23434908102210772
448039 0.15313711310189868
007614 0.14554925586260756
128565 -0.08090666385506246
342016 0.03634454148971495
448495 0.07269853821655617
235206 -0.004341675379284289
128688 -0.21695418695806798
450583 0.03374229423228027
005601 0.05074512012421139
342904 0.11126671646920636
450208 0.007856436826816018
129690 -0.07745424360374745
007740 -0.012780769175541065
006681 0.16737053949071434
449392 -0.01236133409467946
234243 0.21886234457008683
448918 0.09557876675068833
341515 0.02577881212160483
448513 0.1635194537301975
450667 0.0005371505407897875
128526 0.023403252031722284
341512 0.02184707732422656
341755 0.060076612493098466
342103 0.04225397091971268
006714 0.056386953244686386
448969 0.005089953012178082
007641 0.030165673612238285
341773 0.06840416221628114
007926 0.01858770643071072
235242 -0.00926530648982412
448477 0.16116914191897116
341920 0.06751023160407096
005796 0.04564286562940588
448387 -0.1447303342230526
128571 -0.06686632164310126
128754 -0.025718438428469298
449740 -0.004020608504473083
129084 0.2056619200914625
449971 -0.08462817849695813
007554 0.018122470367745076
341938 0.07325255839504333
340660 0.07576064150484782
005727 -0.01980562729427333
450004 -0.0756964547458966
128778 0.05422045645843693
341998 0.04289061481669294
127716 0.05132169471568809
341200 0.05621853632045398
234615 -0.10183729099607355
448015 0.12377076274560816
342370 0.040464185082498404
340657 0.07636821430895009
341899 0.07102550485808909
448921 0.055817317922202285
341623 0.03966962879026648
127779 -0.0382817702097505
448990 -0.03495623276661101
340849 0.06920561486495345
006711 -0.07893155402496084
127593 0.112783182397762
234627 -0.1944400137527241
234228 0.1619701726096017
234498 -0.03232141636156201
340822 0.03498986296844916
234750 0.05732588565215133
234438 -0.05027298568078159
450196 0.014993330014008575
342709 0.22103908128208588
006054 0.03126639820968606
450457 0.01581228543143964
127605 0.1054917980285043
342697 0.05608461281242493
342112 0.04040942013309307
006876 0.02577001276470366
005889 -0.10315203140560064
129711 -0.022501571847342597
007425 -0.03204070446186496
449452 0.13518288284169713
129546 0.11118036942707646
006111 -0.15795287497019245
341128 0.12600903578439013
232803 0.05596990668273383
007413 -0.036358854938256226
341809 0.05173248634338379
127575 0.04352579147838497
449521 -0.111725185772016
449908 0.04679018982568217
340438 -0.05308534735340182
006318 0.06121686615752462
448690 0.15541665042023362
127752 0.01837978718671399
129432 -0.004461748233487436
342022 0.035061026755988066
450199 0.0056615507601501525
342628 0.22010630735400016
007893 0.028563169507316626
340279 -0.1858254771340649
449512 -0.05762622003345435
128655 -0.2146633655851723
006819 0.0267108110158565
448576 0.06915510646152846
449782 -0.08037049423136258
128130 0.12193832429131984
008250 0.12415294169003484
342379 0.01007002116874376
127680 -0.018892792100462866
341395 0.039479772714837755
235230 -0.08018621758383698
008217 0.06912402804191406
129705 -0.03810902576364041
128094 0.1320308040968147
450460 0.01697195534686324
340354 0.13967943278293116
341569 0.038222575395455295
449830 -0.12591337293758473
127653 -0.0043284128726379005
235038 0.028620553474832777
450256 0.026389833195643666
449323 0.18404977122801397
448723 0.14558055785171772
007764 -0.02943473650461416
340495 -0.07117861761187375
342739 0.028494050769276722
127176 0.2637016306163142
128739 -0.05487628001135273
342745 -0.06140446026646902
006693 0.05966855581445279
340516 -0.06950085964705258
450676 -0.0070575491049069
449758 -0.06624466120566527
342172 0.053470795374372104
006141 -0.17687157537571338
234759 -0.006260410038873629
127302 0.014761137438344432
233103 0.0032039966450522956
450106 0.004341530462369161
234165 0.20313540216836617
449200 -0.2398574695551811
448237 0.05605651236739724
449002 -0.05185315906213074
340711 0.10898172739742085
007065 -0.07931633232898949
450154 -0.0011828680982158483
007566 0.02106469567543828
129342 -0.10797190713006055
128673 -0.23587660046661793
234183 -0.014709930652859565
008241 0.10720540532760509
006879 0.03357712555264455
341770 0.06461870813088871
233382 -0.15708804385782654
006534 -0.1743444999329357
341584 0.04268090967695609
341458 0.04505337830775321
129339 -0.08530488321748086
007713 0.00827253495574628
233349 -0.04735465049947117
234765 -0.06700365609835451
450334 0.0447197631610707
449866 -0.09535759161029346
235386 0.11958814319227107
341065 0.08761332277759301
127977 -0.13134625891877713
448138 0.0827715698452223
234147 0.15611469478652798
006294 0.1353174335694902
340435 -0.04556977776415692
342616 0.21482107078578686
449500 0.04126631915952862
127341 -0.13446631444194332
449845 -0.1314048515309239
234192 0.07244611183492088
448141 0.10256102590849905
233049 0.05124830632424817
235356 0.08744314483813109
340819 0.03884511341116847
127893 0.0918108398823167
128607 -0.15466769020871904
129291 -0.11143307745590439
234168 0.13435658569439354
450388 0.0280997292481504
128187 0.08864834922657813
235098 -0.01281187350367322
234618 -0.21822717718123794
233313 0.03925389815817667
450547 0.009971905837965539
234279 -0.001935936742679451
234150 0.18916975435360456
234420 -0.0022598344291209584
235401 0.0935010708683528
006219 -0.1840351281342683
448561 0.09336049697671477
232986 0.11482636199748426
235407 0.09625805858539264
234909 0.06712154889461354
448006 0.10999211911159873
448699 0.16015694548344955
234372 0.01502011390264622
235041 -0.0036843011897073085
341362 0.051030349939627205
233799 0.14200395839554922
340888 0.03771114280616636
128265 0.07561791079024519
342658 0.16917896386130668
449170 0.07998351272060511
233037 -0.03400296134112554
340204 -0.011273645331313866
340240 -0.06207359406702294
234774 -0.0632660149963427
233070 0.1786787336900534
342124 0.02668475314992749
232947 0.027650754265233772
449212 -0.2316464899708985
007695 -0.05170113578213235
341062 0.09307272140021136
342079 0.03765729463896536
342385 -0.009468183294478199
449206 -0.22350798725976725
006225 -0.17353427275305705
448219 -0.0870968033035575
128919 0.10412490626276542
128115 0.17867307292754026
007659 -0.041069791390682724
007998 -0.22512134031676012
449146 0.011928656456079998
450412 0.054757101099377065
340879 0.046936280288470085
007545 0.019673818566773554
448612 0.14451273917029203
341140 0.12777578311728846
006429 0.20734762882639704
342373 0.02706788898578364
128799 -0.15792847223893622
007971 -0.08682639444727225
449800 -0.11526680124646252
341707 0.030775665206089695
341263 0.010493862142211987
450313 0.057784789096859066
127749 0.01809692816517042
128535 -0.02610596829249276
448894 0.0841208317648934
450328 0.06988655877725392
234990 -0.08704406653952475
341119 0.08383328968094894
340858 0.06378196119463551
341206 0.051755450941623496
449416 -0.004482957730365417
234099 -0.0733611613791019
008292 0.2153207927510358
448120 -0.017793443687268717
234762 -0.0024317447815729743
232962 0.05190229325959574
341740 0.04913660739326762
450409 0.04870348568178086
450343 0.00747842120023677
448099 -0.16051136674962876
340840 0.06186168104939928
448357 0.11602735146636538
448993 -0.058739668207699394
006906 0.15650789126459946
006276 0.17965919548598053
449920 0.06004194815468835
127104 0.12389677129745326
232821 -0.15665803287017027
340231 -0.1618669714501035
129129 -0.06713281232843955
449398 -0.0642045542568926
449308 0.06602922507033175
234546 -5.570941275258614e-05
450103 0.0037149545010186167
129672 -0.1311106568173545
129696 -0.05750438002140116
232869 -0.09013757899134896
232938 0.12223946724118946
127251 -0.005529882547075277
129708 -0.028557545378951874
127089 0.19690198805506987
128136 0.10319049968347922
449356 -0.03562841380431592
450496 0.02856628701570182
007668 -0.08985336589743723
449581 0.06858133975613208
342478 0.017713857607709035
007983 -0.1699530943391124
340621 -0.05124076165062257
449785 -0.08440563653269385
341380 0.04152852434619896
450658 0.007177435726575388
234729 0.2052977879958566
341614 0.03073051839658587
007797 -0.032316551221458496
342784 0.19935785021100724
234387 0.0355151475104972
342448 -0.12769090167239103
450481 0.003994095517299385
340714 0.15356305287786723
234972 -0.0439912584311214
128052 -0.030124333614951312
235326 0.06533739398756626
006132 -0.17771339394242602
234624 -0.18652443247026082
448042 0.12280190065538958
234954 -0.03610606749877396
232791 0.004634589260714451
448888 0.07463340604715087
128301 0.05962949869483389
128724 -0.0786075418084816
233928 0.25057433738693813
450022 -0.07581674420281385
128340 0.1417761784389084
449491 -0.10808807769707873
006933 -0.1710985684149962
233010 0.09881223829473902
128013 -0.12589018271685937
340507 -0.0862728626778611
128118 0.17642957115533522
127980 -0.06915338073754465
128124 0.14855462399081912
233067 0.15300150127164902
235419 0.08172592057935978
449458 0.1792159249399658
450355 0.017427228221589954
008289 0.2290335178856052
449743 -0.03063872497659334
233955 0.07218541348123693
127833 -0.03838668848787036
006996 -0.056743395005933964
006513 -0.1989033750472889
129465 -0.06663590589834174
341377 0.04712912695196305
342043 0.035855270597115026
129597 -0.10626236697505867
341797 0.05256636420803451
007011 -0.05708188804303006
341644 0.044582460149457784
449725 -0.006767685680842058
232833 -0.20606369008810185
006432 0.06876672157324601
450487 0.014759034978451801
448543 0.07419886120981635
007692 -0.04907016281704782
128238 0.081968452448348
007953 -0.03325708538271614
234747 0.08125177189105148
342607 0.23090544702705262
449359 -0.05857236895960835
450001 -0.0768227192487189
448582 0.11970908958818918
127965 0.10736497402254765
128592 -0.0468592794008831
448585 0.13215873926698543
449542 -0.07844245279823879
235173 -0.09487841842408985
005862 0.022427314308134785
005799 0.055725165710595374
235119 -0.021505714875181277
340666 0.0569192315627153
128772 -0.003931848954449089
449401 -0.07060264176447682
340906 0.04167643391670591
450685 -0.012535996026941726
341803 0.049654478442264734
448156 0.1767968592797198
232764 -0.20464072113396903
448171 0.00046127829028758474
128016 -0.17668428582489176
449611 0.13013866716322967
007203 -0.23631731669108075
128415 0.12031265733274427
233121 -0.012305477177316811
342445 -0.11385631062002984
128283 0.06924356830593872
342742 -0.018188513107248738
449533 -0.09448456706435107
128439 0.15281783696887724
007044 0.34120375536591435
342055 0.035920357829737896
007038 0.3443721015132148
234621 -0.1550450390401269
129315 -0.06256303359220296
128967 -0.08638196398851813
007512 0.01555016280153235
007428 -0.018416596714304807
233727 0.09852162216390882
341125 0.11413224742468016
449365 0.004152644685098706
340360 0.1576591043001617
008154 0.12338555378110293
448207 -0.052770337673148725
127566 0.07742395863386214
234339 -0.008901224332394393
341113 0.0627101572075577
129411 -0.02129207863541548
449548 -0.0505583092998712
006717 0.03465178450524519
449404 -0.057150064846049675
127179 0.21066954920022432
448054 -0.06017008235651179
128694 -0.19935106411716583
340234 -0.15632486953276672
234528 -0.04729636654021248
127860 -0.030332307325875857
006726 -0.006030296165970015
127650 -0.00560677934575964
006894 0.08573186106212075
449017 0.0722349541703089
342766 -0.12584117244160364
341587 0.044301682375005404
449470 0.015323467143809173
450241 0.018201346655037268
234405 0.05880191158630894
233202 0.0744729010611416
448846 -0.0021807266268969827
450454 0.024886795685650873
341911 0.07002995025970851
127887 0.07034268973146031
340633 -0.028254873910267528
129525 -0.016352271609503456
006120 -0.17514632524005952
341839 0.05908310222004322
234264 0.00047396795172483295
129132 -0.11531986130608453
448984 -0.042376675528696714
340558 0.03703713754857325
450187 0.02496944832800296
450238 0.01953633279873671
340198 0.005333778978280054
450013 -0.08905648110877899
234939 0.06366406801607923
448168 -0.013531983416817533
127644 -0.010326383714740157
449983 -0.09424639128750802
233607 0.014367004852610844
007956 -0.036069620015820716
449020 0.11240341050510186
129039 -0.23328339107452878
005964 0.13707178823822733
448162 0.011968632130440585
128424 0.13232439421327508
235152 -0.04399347728025827
233283 0.1418975688295533
450061 -0.0035410023339241454
233964 0.04049796446048006
450592 0.0390339112529818
340444 -0.03977465893698748
342589 0.22068286563508666
006393 -0.005744972915360422
128667 -0.2311424380148112
234135 0.07817681584580694
007605 0.16156931581332487
233013 0.06550103731765085
340933 0.012661197998748895
341800 0.050174728152234394
341497 0.05593895981277245
448459 0.0735449308006192
342100 0.04003893975572978
449527 -0.10252942456677346
340579 0.11482047674707052
007875 -0.11772245029384956
006849 0.12951033856390284
342397 -0.02762784646265023
448669 0.17260337321598013
007962 -0.06104110708057661
005694 -0.006137600152771515
127197 0.06743457809875608
127578 0.04790232537389854
127971 -0.15081770759961743
234999 -0.011973595844729283
234582 -0.08489006891901446
449065 0.14482187077565217
233343 -0.04360723618010032
450277 0.024127043730213082
341605 0.04588889031512915
007596 0.14191031472788423
342424 0.04530539398347752
449617 0.12573937116304573
006945 -0.22572012885106169
340693 0.05631063034866231
007197 -0.2387919138348292
448876 0.04956986949290971
128511 -0.02201848773996084
007839 -0.08604507416440102
232971 0.05171779076840561
005697 0.012333444243385677
449569 0.033142503545489116
340810 0.0554883828687104
342694 -0.008576733725411555
128274 0.0760356688966341
449536 -0.08756470666070532
127641 -0.0036377420527024164
127608 0.11211547377857276
340843 0.06375533543129502
128151 0.07689697275370233
233667 -0.17887373954530747
128706 -0.06621263772894294
450619 0.039590520099250764
342013 0.04061131663123801
449488 0.025337289181693052
448252 -0.016994926330644766
127761 0.061000626203875065
340255 -0.06799690013597494
342733 0.12745286014191828
006396 -0.005111934757106518
448879 0.05580571202728611
342094 0.0419796266169319
448090 -0.22499882073532432
127185 0.15491944859127377
129435 -0.0031662067304492024
006435 0.0894014704814224
341722 0.044523565803866315
449881 -0.02347434265181399
127272 0.06044045208938538
233670 -0.150837230033615
007497 0.0404177602412105
233331 -0.030721440808135957
233403 0.03952751287443073
129336 -0.07224391514310041
235212 -0.0858218986222632
234660 0.10408763437674791
006012 nan
340402 -0.05653281438918341
234204 0.13911611829248685
449104 0.09364125901239025
007884 -0.040858572953007946
340855 0.06386993354669845
448675 0.16776333186446185
006309 -0.015730078629233406
449626 0.1562228849191031
006237 -0.19803948312954806
007533 0.005637193665880353
127026 -0.005131911842774947
234351 -0.0003180424741567017
127425 0.07982095839485288
449968 -0.08357353031331287
234813 -0.04774870931811094
232974 0.08078013564989543
127494 0.1042024155773183
232809 0.029199011670525434
006852 0.12393172907450838
128253 0.08043696119168095
341473 0.055569252890098564
235002 -0.01091163075998507
341281 0.01842252053825887
234210 0.13120538090902661
234435 -0.05895676165993179
233079 0.12502386534659712
235200 0.12375863554736596
234891 -0.060604339331583254
341077 0.07120477952024423
448318 0.09121026625198668
450019 -0.08490561637748667
342580 0.2363065983775601
005706 0.09190732419793934
128976 -0.10460903916290078
449947 -0.03658993782375927
450169 -0.0010410853874595384
449695 -0.030614287423471734
233214 0.16235641155159797
341212 0.05031507541416932
450427 0.05055266939425768
233265 0.13743857464919101
449683 -0.06977000454513012
340708 0.08137971756899288
007686 -0.03288979037522935
006888 0.04440036506869778
341242 0.03335820459792403
128670 -0.23317922105376945
006138 -0.17790366949137648
341179 0.07422733245433542
234597 -0.07976896640004366
127713 0.06239934623580328
234687 0.08445220007121634
448795 -0.048993801745927344
340225 -0.16054460557429104
449137 0.0552554941804036
127134 -0.08535237592994853
007569 0.07837782988630275
450559 0.023527771826181286
006921 0.0786598781297578
449197 -0.23067753126133095
234735 0.24109033209704397
234297 -0.006495069901058373
341626 0.04769769417071726
233364 -0.028908147692049618
340300 -0.2040122536389189
234390 0.04311952075535495
342598 0.21640086578990525
448027 0.1685356807257265
234741 0.1765632923614782
340567 0.11608578478879511
128736 -0.046814201441298504
007461 0.04899777879205172
340918 0.028915942071175038
449551 -0.039744743588045785
128727 -0.037862438770113784
128244 0.09009574200831304
007821 -0.0004270734741288635
448255 -0.03623405769989911
128286 0.06722019298799238
007923 0.013183714372882436
007965 -0.06278156814301275
450595 0.03685741638789656
233886 0.1664383137036884
449335 0.08468648854386869
128658 -0.21449430703030203
128388 0.13201617990887532
340480 -0.0273376476814041
234444 -0.05414108132559156
450100 0.001768548338969696
450622 0.03500910196570787
127119 0.07185029297886049
127704 0.04108675453160448
341785 0.0560375283529729
129537 0.026526504267951032
234207 0.1190891238432082
449710 -0.012190567643533214
006471 -0.16835425719342936
232941 0.13840957525660635
128142 0.09047710453238222
128169 0.11357139449748722
340852 0.06847169044702679
128730 -0.03910248459461176
340585 0.05079656690646484
128250 0.09159767697085026
234174 0.029447879744511022
005736 -0.0944367841998666
233973 -0.005943284366593692
233187 -0.00852714475122459
007491 0.07412786556940607
128214 0.07877386747080473
127800 0.07768705372069744
340192 0.0006492286570899754
449833 -0.12871202980242077
127191 0.09254170126385157
449674 -0.09316800626910998
127842 -0.09694150573554083
235308 0.09893869716142968
233127 -0.009304575083068966
342034 0.040731145913182554
341194 0.05665811878646062
129498 -0.10961915195010778
450436 0.044047733220294746
127635 0.010280643457343839
128634 -0.1941731050374016
129564 0.2408902990645257
006357 -0.0033612643990597138
233250 0.1538386520376456
342118 0.04043661644766631
006477 2.7180358458205752e-05
450601 0.03544085488791797
234189 -0.011538363180585357
448177 0.02462209789565648
342019 0.0355510226174075
005871 -0.06979637161930499
232863 -0.12962614352297086
450625 0.04045665518931544
449788 -0.09091751315923592
341266 0.016432153185881232
448963 0.018087594044999156
341035 0.09716157550293224
128598 -0.03419996089176125
007734 -0.021784917287622642
340813 0.0472435772152823
341593 0.04932871600398487
127665 -0.010847022252601675
449545 -0.06773409770313428
129627 -0.06565752730992541
129270 -0.06353254446304335
341146 0.11481513316754557
448735 0.1352891509703401
232857 -0.17576364193807908
341701 0.030544321983432078
129714 -0.019453919456552903
234276 -0.007819785346429816
448774 0.03603994974811827
005868 -0.0018861314077225928
128241 0.07106371731567639
127068 0.19506576642367784
450448 0.028439175677442755
448873 0.03731697489574244
449917 0.059500330017228306
233943 0.11054118249824942
006114 -0.17318752578070928
342871 0.06944500160556141
449389 0.05088759857187188
449062 0.10652100896052873
449668 -0.08995822863118842
129540 0.053694551135595917
128247 0.1072365386182851
127995 0.11659736801856939
007092 -0.24438500369954072
233259 0.12934503500395064
127113 0.10872572665761365
449557 -0.007780565200625242
342181 0.0464118144525444
340363 0.17194615927443202
448123 0.027347728500601177
341137 0.13540113282976896
449662 -0.081580183555641
234312 -0.010530747577745398
232836 -0.18291598813203913
234978 -0.06617099610964458
234303 -0.01105305734505071
127617 0.10902106094862617
234417 0.02473722765200207
341479 0.06048700940736507
127659 -0.0020942211230516516
449083 0.08829824462645734
128022 -0.20720116001164388
450163 -0.002717840154410984
129642 -0.0018042049746081193
448435 0.21730063109514863
450139 0.001183500628718103
341278 -0.00034557793480667783
448381 -0.07877135821521829
341050 0.10282819176845712
235116 -0.020858341609368305
342892 0.1226153075208722
006213 -0.17789244999131787
128556 -0.057733959328693844
449794 -0.09293239616574137
128433 0.12242540356783481
128079 0.1182240844294048
128547 -0.04755944614888206
341668 0.04572166421542518
342925 0.1204202936382578
129162 -0.0008403757302111287
449056 0.0498649594059801
449602 0.11773781054582254
127401 0.09118864429060114
007578 0.08755178647340785
234327 -0.1101737431068318
342856 0.1541790513881094
448948 -0.00954091629328642
340477 0.02524368324298032
007386 -0.243097466572446
450067 -0.00210153853774219
128643 -0.19973369948884356
449935 0.028251041876089622
341464 0.05028143211324614
128223 0.07260597927656585
234984 -0.12973003407061678
005895 -0.21541010935448793
342061 0.04069827926207805
234087 0.32678522382463726
007632 0.07589769223584777
341431 0.07078400943189883
007536 0.00933163655837668
341566 0.03910085743364012
128814 -0.16911876527510414
232824 -0.1992376608840389
233205 0.10213778166765038
448783 -0.030515642712644526
233931 0.180792520794214
449680 -0.09897389600439051
129567 0.2715987241925748
449038 0.05112770572641978
341149 0.11126864520316465
234921 -0.00145210628907002
235323 0.08455755645219161
232980 0.08196787957925127
342736 0.07396614330142638
342490 0.017210715241743352
448033 0.17061274353591305
233085 0.07377836138049813
006492 0.02709668796075651
234315 -0.005677485440462166
342862 0.10741939356597034
234309 -0.009323287088316324
128805 -0.18755150947524227
341353 0.04414291715234277
128463 0.16636771795453217
232896 0.18320893550676015
448744 0.14781692067675625
007137 0.02411555600544763
342052 0.039286448928012814
448900 0.098890380048688
448687 0.15924811249836257
129276 -0.1601504599921918
128793 -0.06816115156114985
006450 0.010284076257543844
341578 0.0377127843523091
341941 0.06863286730021463
127623 0.08585769191968393
450694 -0.0020677697574374163
006099 -0.07449633818856222
449440 0.04244401293709163
127260 -0.03690277951945284
235392 0.11163168309151555
007881 -0.08695817511624564
448564 0.07732547851946914
341683 0.04264561269415801
234717 0.11117948076400566
448996 -0.06509790199078982
450589 0.027846288840816975
008160 -0.1457662815927115
449443 0.039866297220181354
233706 0.2443939655546158
235344 0.09001193227127266
448051 -0.01500956849264928
235095 -0.010307145109465732
006780 0.07450996277824282
235350 0.04630201404112505
234825 -0.019625711761381143
232749 -0.2408059874998371
341830 0.08317099447248406
340258 -0.09258572273034468
233361 -0.021112843288192792
127758 0.058289512553624544
450295 0.04435983901925104
450661 0.005914442131743315
007770 -0.0329427518473043
341416 0.03320475443041569
129348 -0.12883515248370403
128532 -0.006253641351252457
232920 -0.10265922855340937
342130 0.012118829507374827
450136 -0.0009059699462893047
005793 0.052555215376755185
128448 0.16066240050230096
448957 0.0017388850149101648
128775 0.007799020752123538
235377 0.14295148216456732
448891 0.07899610725270866
342202 0.07911588150577203
233025 -0.03287567165438393
449149 -0.01043417299685835
342175 0.052929516873991514
232902 -0.006642728974165906
127560 0.08083052464766892
233496 -0.08346912595960829
340369 0.1548843158085303
005625 -0.2316525043585362
127914 0.18653503077010358
235275 0.19162145109258147
232755 -0.24095650853973533
007083 -0.24495105137900702
233766 0.08023415042469599
341287 0.034461198986728815
127128 -0.022934167202384698
007890 -0.009973036915213843
232866 -0.11645029902079747
127728 -0.012807122663412935
234894 0.11764010078102086
450520 0.03482874014104407
340345 0.0859295650570675
128664 -0.2306746685482652
340534 -0.028792561414392456
127092 0.18653842169908866
232917 -0.10780972854023536
006366 -0.039439668826650155
127872 0.15457878839490757
128040 -0.08860522159474678
006339 0.0903589900931161
127701 0.02368286712173088
340501 -0.0972577410582611
342142 0.020406529895648954
235005 -0.022703604500345108
006417 0.12585266305813714
341116 0.07144572525674668
448639 0.1704877967974089
234501 -0.010475520299442766
127785 -0.053912518438902386
234690 0.0913944488695546
128100 0.14634065814367078
128025 -0.20574199550997013
340561 0.06037802191361194
008184 nan
005679 0.003505815370906695
448591 0.12982966833954981
006345 0.08717908668026843
341662 0.04662242563601098
449431 0.009649742440301548
340573 0.11820810198437987
129321 -0.07822004005111435
448366 0.006563176175622392
449479 -0.029651992258754555
128811 -0.19694123049856913
341848 0.051835975580231626
340594 -0.01477166827082662
341968 0.05058965264466118
129606 -0.07229046787496972
448009 0.10786896312990485
341719 0.03961854966542113
234936 0.09490959121801833
448537 0.06832462325336308
342688 -0.07812558662286256
448762 0.14379315377336627
449428 0.011464284170324454
450526 0.04615359687460623
448372 -0.030401742137165587
127032 0.17615244081285267
235101 -0.015886222217174166
234273 -0.006291813277013121
006867 0.056723329352825064
127599 0.11000038758521956
127632 0.00868356555632723
128790 0.013271996012905187
235380 0.14604210747285795
341560 0.04403916862575663
448345 0.17843063044282562
128682 -0.23579025889088573
234162 0.2683142999618772
233406 0.021375443598236697
006912 0.13989097754095872
235161 -0.06742304286181129
235176 -0.07449100565140156
128853 0.03308567413805466
450016 -0.09114756497360968
450475 0.00918405802134956
005907 0.008295645789494592
005814 0.12984602456658215
234726 0.17932649674935378
129366 -0.0024721963459221775
006372 -0.043234512429523905
450211 0.003836786917683338
341905 0.06845425506426459
342049 0.03692103994016924
340351 0.11608209822932614
233208 0.1336576341537784
450247 0.019608466590735
235164 -0.08213043230278508
005763 0.14123431510395476
341527 0.05123179446310669
235257 0.0030420866650191
449035 0.07602237966824592
006321 0.036112099428923496
128826 -0.07587590578770245
233895 0.18381161955259148
450193 0.019923377123533936
449191 -0.20241912900780337
128379 0.15935291801927298
341302 0.04900630028695174
342007 0.033422669847315095
235389 0.1130844693779366
340447 -0.03482594795958705
449659 -0.07003140560916582
007737 -0.017108816350106373
340303 -0.200718691424718
340288 -0.22325040239519156
007932 0.01186615828343933
234675 0.11781565255896992
128325 0.15897444905636163
340537 -0.008975433182280636
450226 0.013688184261401237
005586 -0.12132497443334753
340927 0.00463525606157537
450643 0.022310766392320866
342673 -0.08993232794941017
448201 -0.0008889188276962073
007905 0.03634390908137637
006858 0.15727241265088318
127764 0.04368557004248713
449638 0.020443452776100466
007851 -0.12272530769987793
005877 -0.059200442818620184
128529 0.0007763704812986256
006330 0.051651833520924124
450370 0.024074077443894254
342067 0.04054730309336927
342574 0.24976832276969538
232776 -0.20145529033080545
128031 -0.15807076386374483
007902 0.037367106446712615
449632 0.08112705918862499
128088 0.12900640561532908
448600 0.13802999270147945
340894 0.04127233137836432
341857 0.048800392532823304
448069 -0.1916464444883009
006174 -0.17671636551145523
235413 0.08834349082669066
128208 0.09290412763907126
128760 0.026778348433890545
450220 0.015033443723940988
448630 0.1704879624790424
449128 0.12184708709514845
341452 0.051473492627416705
005922 0.007558830836123693
008007 -0.2275268177472691
448822 -0.12904366643437534
007914 0.027164462526022438
233106 -0.0008359100148836939
342208 0.09429067362007007
450142 -0.0006111026356142729
450064 -0.0051564071869259565
128316 0.10697039490314475
342634 0.22026915821819856
449155 -0.039564966477679306
233367 -0.07085970970208326
006792 0.09084807148686161
448036 0.16770737364051994
128355 0.19254453709905256
006984 0.15715420689708148
129420 -0.011967714775669895
341017 0.09817422658342448
341131 0.1354207052914029
450337 0.023678257630719197
128796 -0.11067301089189299
448720 0.14706963926590116
235053 0.0023158514454886788
448306 0.10872622506584546
006069 0.11923800599344751
341047 0.10190511019073738
128601 -0.04937656251540094
448645 0.16107133699977208
449761 -0.05945684198546934
235227 -0.09247403190327923
341752 0.06286459653908916
006285 0.319904989744924
128319 0.13475260632735983
450538 0.021032351443111982
448978 -0.015617085573788417
006183 -0.17635944414030663
234696 0.0687069535772286
233946 0.12919112192910343
450124 0.005438549096302613
449584 0.07650502407947375
450283 0.030344148048601163
340342 0.07667990523528921
448927 0.026585748854686633
448684 0.155130160514503
006282 0.2745971826135826
128709 -0.0676544770123228
341296 0.05403312528976286
341974 0.048085110246816054
005865 -0.04292243014573866
448072 -0.19954022815917818
448798 -0.06342086269212288
007116 -0.24343408857073104
448198 0.017871842247431352
234255 0.037798903548507484
128268 0.07507711470601079
342889 0.12157618176741923
007275 -0.0024513513444938597
342838 0.08372280646678895
006135 -0.17538914421305396
007539 0.012881117484805405
342901 0.11008221704481279
341986 0.04698325829269352
341236 0.03064783979588427
448159 0.0768316729196527
233370 -0.10965122616324209
129693 -0.08139730289574429
448528 0.09287860688817375
341344 0.058146125962774346
005859 0.04655276156888948
128103 0.15628054285639056
235383 0.13633515366415955
448063 -0.17467295438325092
341983 0.050768774419648735
234282 -0.0012649320259725523
008265 0.13568752835715842
006315 0.01922422091541493
234270 -0.005762197453830107
448771 0.047867402993264106
341788 0.05079447253317192
129702 -0.029635078374141918
342898 0.12333613305126198
341248 0.028206338991758572
342136 0.010639674285665422
341530 0.057743020445855164
128181 0.10955966781142128
235215 -0.10235689237368788
449875 -0.052657960964094225
449176 0.04750668483968515
450424 0.05027320124854616
127797 0.03715299431153565
450445 0.0342062040368475
128679 -0.23878050486402802
448609 0.14629495082699479
006882 0.035940692973652454
342091 0.040144671836575316
341914 0.07095656258220685
128307 0.07866145852312008
450574 0.041974409763210846
340654 0.05524606263449271
341923 0.06890429912517379
234930 -0.024787247636394307
006708 -0.1261485162331008
448816 -0.11855844240758401
232959 0.057070255147334145
235290 0.08938590230213272
448558 0.09508307254898513
449467 0.0463971376595087
129255 0.0906722138918949
449131 0.11785057852579574
007644 0.012648998897501708
342085 0.034720232440103076
340606 0.003521679445905098
233100 0.00791734138780514
128106 0.17091743788391195
341428 0.06368465341032604
449089 0.07688318279463077
128361 0.22027852836805925
450244 0.022268609165492465
450319 0.07768578412858651
128691 -0.21434761369432997
342832 0.10202757495747193
129309 -0.08241913006419227
233397 -0.12915881700076035
449077 0.13947764379998384
233178 -0.02853447850038574
005823 0.20043578709338236
008286 0.2101007618654913
341902 0.06786247626428957
129669 -0.08340360553300502
342010 0.03519562627494111
234492 -0.026131351877536096
006651 0.3121491605540879
450112 0.008473124873215488
341779 0.06258945852303205
448468 0.08499433654336672
233031 -0.056418774358200655
127911 0.14164060233064896
342859 0.15291920423498867
448693 0.1580426860069487
449464 0.08954098446927843
007794 -0.029468926638126433
449764 -0.07111474146600155
128697 -0.17434522166958033
006588 0.011362510408673967
340882 0.041958834210904794
449071 0.1780804991787057
448474 0.14178944866271656
127989 -0.026859267462588397
235395 0.09416920588854222
341329 0.04729264026477365
340780 0.08445787979607844
341095 0.06191759547531618
448864 0.01629226586520277
233088 0.05234378472557494
234819 -0.022551999897807106
234579 -0.08187572127761218
005574 -0.13813924595807126
341827 0.0847580526992014
232875 -0.014778249816380217
449110 0.08709896088020767
342907 0.11022545054279637
341674 0.04141476485352563
342145 0.028744711810402477
450265 0.032956988656050734
449647 -0.038133144939527026
340504 -0.08247092575961801
449650 -0.05131725479322185
340615 -0.03422165431389884
007053 0.28713048600117463
450649 0.027982209276297403
449938 0.010411435826491431
234537 -0.0496802645699827
128457 0.16880364141656495
005673 nan
450571 0.04065752009889852
006909 0.12975249176039694
234678 0.11932764493532746
008259 0.12500928026579677
127746 0.017485881583832862
341227 0.03976807424523619
234711 0.08242862491688635
232827 -0.19196044579003382
450331 0.05582639442821038
127167 0.17542682176743035
232992 0.13220883254540036
341020 0.09811094954269213
342559 0.19538057024102023
233220 0.1730246291582584
234732 0.2189865780306292
007467 0.07365374249809024
127740 0.0007659206253123714
448732 0.12675370444605663
233898 0.18668674153916762
127206 0.11987125965433885
007830 -0.08509249570363248
342028 0.039916424232653964
449986 -0.09806879253291456
128493 0.02412032144032945
007131 0.023674127128389146
235236 -0.06755465619216829
127611 0.11067319305473618
340510 -0.08669155519380431
234495 -0.03790914612203534
007959 -0.040469475476475184
340603 -0.01364628455127394
128175 0.13722139184696394
450451 0.02490133403905267
449143 0.029227550200541078
235224 -0.1118860755566018
233169 0.0028929944009497615
233421 0.05620090491106722
342088 0.0393202418048534
129621 -0.046035139755392016
129591 -0.03559030424584137
007719 -0.015899045533081704
449413 -0.00152083265314263
341326 0.03829383534259634
129495 -0.09995730645350535
233400 -0.08671936377327938
128517 0.03155895271519885
234345 -0.006515950651125572
233289 0.14079711459427743
234474 -0.012764707225874083
450235 0.018076851552468347
127023 -0.20919575794602474
234507 -0.09121471241929943
128550 -0.07562897256592357
006489 0.009685454442220198
005820 0.17025676391612796
448480 0.13688062246980262
006468 -0.1656678437258391
007947 -0.022213797436820133
450664 0.00571570497995505
341122 0.09158891719874394
234681 0.08809197904732012
006993 0.08449177595214698
235347 0.06872482411760501
128583 -0.034223951411285515
341392 0.041251734600677784
235194 0.0440639339649337
127923 0.17009443283372166
233373 -0.14108643616332572
233244 0.15167665850944465
233184 -0.029837435844507054
235131 -0.0009853662227521727
233130 -0.012310923888914672
006942 -0.21882501825109704
450076 -0.002042113507860397
234357 0.0033773885259368434
340645 0.04826172317696841
129333 -0.0671912554567281
006522 -0.2093334022092511
234531 -0.05270064876056716
007761 -0.013088111943077473
449509 -0.016940763938373907
341350 0.04901135302565797
006696 -0.005747792471268971
447994 0.17693464548716017
450511 0.032659499564162926
449851 -0.12325225570324268
232788 -0.011122075716654458
448288 0.09581846955442035
235179 -0.05209657987082901
233286 0.13848585600943808
127755 0.05316655410739481
128199 0.07578705906087985
449965 -0.07960026273359722
448003 0.10874826105635339
448327 0.08620217482418077
008004 -0.22697142208399546
448267 -0.0713218709846145
341233 0.0413668290322622
005901 -0.22236008492727127
233631 -0.06976563368068084
340624 -0.05543437682802162
235209 -0.039675383294075856
341875 0.0651316609000803
007698 0.06279299176540695
129588 0.004113795851428218
006960 -0.25366594407563847
128652 -0.2150591250040765
005595 0.05090424749586318
007827 -0.05983714343503464
129636 -0.030193554482213423
007443 0.0018474955609377554
234573 -0.06648831660317005
006342 0.10332170489275187
006198 -0.1776071926013651
234912 0.027088793907595946
342160 0.04518514456766429
450565 0.03454623094654499
449716 -0.01810877135149258
006033 -0.06846653590996038
448444 0.19966303060740592
235260 0.06469439034617026
007806 -0.006095644780170461
340486 -0.05268448995826997
128190 0.0782243233299276
450178 -0.0009642579423498586
449593 0.1068676422551409
448204 -0.02957259192004637
128646 -0.19817964594006102
128163 0.10546155088871749
449158 -0.041143635908762605
129318 -0.06436866200159466
341944 0.06741467896184385
006189 -0.1777417365232774
006381 -0.015139184654074371
340741 0.22126035452903667
235092 -0.015702767894047204
342712 0.2864324219770819
006795 0.09867311172744854
007707 0.03278122581442266
127614 0.1137503841895355
006774 0.019814730184172007
342823 0.13116181250942102
007941 -0.009638695285653656
447988 0.17376287085266054
007266 -0.05299210960733412
235026 0.013013125744936817
127065 0.19605981739740524
341599 0.0522105504285454
450523 0.038211555732437966
341821 0.059982762972480785
006939 -0.20759068949828072
232845 -0.20082656764630166
449977 -0.08999874297122598
128604 -0.04587418319194517
234810 -0.04994315341262663
007887 -0.01909228269091254
007677 -0.049867038137067554
232944 0.0994393862352408
127863 0.03286138713574496
233040 -0.047030308061185876
235044 -0.0052244776144840495
448621 0.16356431061002188
341491 0.0675525600919769
128370 0.2017614147874485
128160 0.09156419009218653
340639 0.029195936250048495
341368 0.06650996146111769
006150 -0.1763359345546385
006090 0.07630498890064841
235056 0.00497015817910889
448075 -0.2101951752478601
341410 0.03670030210857379
127389 0.034839081714859166
449014 0.04299008807217959
128769 -0.040548413580712324
448999 -0.07641217700988201
340588 0.031942606170537007
128133 0.11307306265776731
005721 0.1782163082206211
342829 0.10910034602652302
127437 nan
448627 0.17532009501700047
129306 -0.08445179237605648
006444 0.0030044251921417064
450640 0.031082699765114116
341182 0.06809100584346817
235140 -0.04798587717191138
449923 0.05575539309020908
235020 -0.011231802049643774
341980 0.04730667722282618
342148 0.03151649961429318
449836 -0.12997284027132988
448696 0.16284445777501108
448060 -0.1421838500768477
448510 0.18515912435484175
449203 -0.2305467785702109
234447 -0.033982405254983486
342619 0.21230962470580525
234945 -0.13563180826293997
129468 -0.06451824902305528
449848 -0.12577650614377467
006387 0.005723038130429397
341089 0.051274878944189986
008235 0.09005324867783851
128742 -0.05141908702648505
449032 0.09528933983171223
128259 0.08589249485014477
234177 0.026783745744793957
234699 0.08058707298845633
127485 0.13090645926339287
128193 0.08076280406294875
234219 0.16091105037496464
340252 -0.07597045367471639
341323 0.03823427774467798
449134 0.09182423652658141
449863 -0.10617382466042699
340405 -0.08281057853681316
232923 -0.08961265028094645
007920 0.01298451421485858
448660 0.17561771611812982
006516 -0.22111900657165828
128019 -0.1967209329086885
233115 -0.01068259685386627
450652 0.028240744656458903
234459 -0.025953430313925187
340864 0.06478187028030385
127776 -0.028809228199562945
235287 0.1066208433782543
449455 0.17082132088335472
128262 0.07612275083006562
449494 -0.09929831388860488
341845 0.05632097824306953
341482 0.05600331163368498
448903 0.1023451451610927
340891 0.03684310259241984
235314 0.1221330651530513
234519 -0.05029238393067052
127047 0.17464119131847097
449995 -0.08946950370948108
233172 -0.009917690813970226
007563 0.018813890711362073
448546 0.07651770579522214
340441 -0.057235440744744605
450046 -0.0036103109131114916
235035 0.030981236725639252
127413 0.13103929229248737
127812 0.1136684971125282
128349 0.15579182571834987
234369 0.017196948085524525
128058 0.019189681199090855
129423 -0.009657623683431064
449872 -0.06502859425343843
233154 -0.0004404923987974234
341851 0.047811148690817554
340903 0.03830161742477796
234222 0.15320523211260476
234969 -0.04267380379360649
340582 0.08130139850729884
340291 -0.22330677773337296
449755 -0.07657374761869389
234966 -0.07240673744833313
450391 0.015082143886329169
450532 0.033509768141332524
448249 0.004538714275501626
007716 -0.008234028436374583
129294 -0.10622145379604545
007938 -0.0023433084374700416
235359 0.10271241394438764
340483 -0.04937064788178283
450286 0.03399173173015402
006327 0.07236738392678368
127536 0.15973930879361534
128043 -0.07531960192778356
127182 0.20247640800607708
341977 0.04608733209747465
007662 -0.06595127156802585
450190 0.0199639133926186
128427 0.11954387075876587
235248 0.008116285083124392
341164 0.07487342313520325
127692 -0.0019037829769102082
127017 -0.19611143592804198
008196 0.08469268719646374
449515 -0.1091104398959528
006291 0.20342674647855027
005886 -0.07120531568512573
450430 0.04960777306961547
450517 0.03253744255000739
232830 -0.2047984999198887
448174 0.016051127726123448
127152 0.1246249736301483
129297 -0.09740037968383797
448831 -0.09181334720411444
235170 -0.12082128871985966
450598 0.037309310244055365
233136 -0.008519540261062454
232956 0.02854547572926532
127596 0.11319146551454429
233982 -0.019034624715800124
235122 -0.004187429843305735
232812 0.00030322130705074144
234603 -0.09204076079512982
006861 0.09042768457991507
007704 0.042868493346586115
232752 -0.2420966030610387
234381 0.02445915397758544
006303 0.014073067484938676
127668 -0.011475609775629971
234489 0.016593811363955737
341167 0.07834851278784197
449746 -0.051787205131941474
234195 0.07946688701551427
235251 0.059406032743908106
449314 0.1096933984899664
340273 -0.18412327191243563
007863 -0.15702687228178916
233238 0.16970013261763703
340885 0.03672971694582559
340612 -0.00860361207155523
128538 -0.004184377413540725
448867 0.011436060275381152
341893 0.07054278192654151
450535 0.02338859096516961
127170 0.23055960682874727
005733 -0.08383643498984715
234240 0.24035536059492815
129561 0.20671187786108064
449941 -0.006924903946953223
234429 -0.05382009149831767
006519 -0.21173952319848463
127869 0.1162285691306632
448741 0.15065348748025728
007680 -0.0734053143547659
450166 0.0002172339171251784
448912 0.11953909622050048
128346 0.14574033743159082
234591 -0.0883407045184044
448966 0.011994171826000197
234261 0.007505303235485031
127221 0.1372153291305263
341518 0.033100465926620484
232884 0.13048262477098982
129453 -0.0540231858528146
233124 -0.0071110875114191886
448945 -0.03237503384087448
006834 0.09067462961825114
129600 -0.10582062597216081
232773 -0.21018865192950265
234645 -0.027268502081105844
341575 0.03820850461798607
006072 0.15349388578694212
450556 0.01316571201753418
342106 0.04413550810379343
341170 0.08045999547835359
234321 0.038195756468584995
341641 0.04319641404041149
234267 -0.005686502668431623
127449 nan
233076 0.14658131068097463
128637 -0.18147372869426098
128085 0.13483479332520368
007674 -0.03332719488419245
007635 0.0627707425254931
007785 -0.0288547082311441
127683 -0.013221245148259777
342880 0.08288037958119648
341389 0.041451204305614026
341572 0.03627224813859398
005904 -0.2220206431976038
233226 0.1756546651500334
235047 -0.0020931909165677475
129000 -0.19246596414685826
234348 -0.00498224349143854
234333 -0.007971991582601631
340471 0.186278658813746
127731 -0.014101134948210138
127095 0.177354495038865
341398 0.03891739291358109
342715 0.31010994150325866
128061 0.04637267600869796
234567 -0.014098112005817882
449362 -0.03764407976658155
129330 -0.06689774699835874
128010 -0.041528557838367695
007689 -0.019621065245303868
341224 0.05240949484709359
342895 0.12115421087488873
448471 0.11640321107064289
234996 -0.017476588945021267
340219 -0.1524115797062725
450439 0.04043370640132786
129141 -0.23590667664058626
341068 0.07925054649958908
341617 0.030153427206060256
232854 -0.1869058692731195
449950 -0.045860946652912446
006222 -0.203336345389736
234642 -0.05321445999870131
340276 -0.1525948079006912
127386 0.015839307847026612
233889 0.16821172307124957
233376 -0.1726549626670332
007929 0.01681821138212813
128586 -0.04475142921883589
234588 -0.08762401325695988
342910 0.10374286889977888
233925 0.2087225395495969
450364 0.01911536693414809
341869 0.06528757416365698
234465 -0.025491026431501793
233916 0.18089604269450235
007056 0.29390676721693976
340210 -0.07573653228699215
006096 -0.03650393760851328
234960 -0.06078265918938611
235125 -0.01967704491308558
128352 0.18178730300701315
450385 0.026379645458599426
006363 -0.024856967199977046
448807 -0.09162419073874076
342703 0.10885863963708857
342403 -0.030183500901602007
342391 -0.025285480037301643
341059 0.09773965640887644
234486 -0.032232571672963777
007728 -0.025512250936372348
128028 -0.18119314611447462
233625 0.07333588726306088
006306 -0.02594330350121299
450679 -0.009957856570337093
235107 -0.014220137631160893
127269 0.0010476506254531645
342058 0.03614077996767907
007935 0.0033150347030086146
127737 0.0013053641922023886
234384 0.028575019323864123
233979 -0.022597897427345425
006771 -0.012181168166761958
235068 -0.016071484700380608
450400 0.03795758024237021
233787 0.1303863074376581
342877 0.07649123610117972
128295 0.05237579148927576
006075 0.20238673246882702
233055 0.06413908831120328
128403 0.09157157844454261
341935 0.07052891704623612
129501 -0.12159644298894065
449728 0.00310884294730912
342133 0.014020463672857282
127194 0.06836924481788587
129177 0.22530335210438307
233901 0.18734533986807408
234516 -0.0500524661107879
450421 0.05504189275083626
450550 0.012737295067008651
341764 0.05784631607947559
235071 -0.026620235694313085
235353 0.06687693551871758
005568 -0.259086680250103
341173 0.07753834605903166
006948 -0.2341144259013827
234975 -0.04438252399800504
341557 0.04960531382563521
449095 0.09509897602964461
450292 0.042287418971828604
127029 0.08133224058927789
448759 0.1465406892738137
127677 -0.004904911505482185
007617 0.13492466124173108
448354 0.14364161809605291
006177 -0.17902231757062365
340309 -0.15951579833906918
448909 0.11942457487720783
449779 -0.08704036468151999
235422 0.08849974889030475
127059 0.18406960459827104
234549 0.014885161032645339
005700 0.024126346329352396
233940 0.13823452698139047
450529 0.04481997691908383
449437 0.03647563355008209
235032 0.028501378869429512
449572 0.0380300529209702
233952 0.07885806157745742
450091 -0.004223933322223959
234693 0.08933530993900747
448045 0.09724284053837477
449386 0.11121160207148112
007824 -0.036664322460249504
449677 -0.09399634017857035
448048 0.054682551833466535
128514 -0.012226161016389975
341347 0.053644750611647835
007833 -0.10180941627653071
128442 0.16464247843384897
234702 0.08920570525876689
450607 0.03444881845873981
234249 0.12137356123776918
340549 -0.0011440265414123458
129063 0.18217863166143022
449956 -0.06473719074567917
341689 0.041614927097368734
449839 -0.12515180332611764
342538 0.11211810288605865
128406 0.09367102995223459
005583 -0.21306299444228885
341929 0.07326635738927717
448765 0.11833647947778146
233181 -0.02982601081588729
449734 0.020343014946358637
342808 0.21367863885519572
448339 0.14321629482406767
340366 0.1562717297334365
127794 0.012537150021550631
234852 0.03865063962127481
128871 0.0746549301320259
449449 0.09531397411497465
006048 0.018441838238920483
128082 0.12649123580763455
006288 0.2955344159084042
448714 0.1752163226516666
342046 0.037963089671802036
448348 0.18903901826035224
007098 -0.24215605087187117
341989 0.0522469492789292
340306 -0.19600562260321786
340450 -0.01949005934414356
232989 0.13038670037163455
233271 0.1395423057970873
449281 0.03127212346005602
006360 -0.020471087668892572
127038 0.14664439360300702
128391 0.1227234435381082
007122 nan
450466 0.015426699805987867
233061 0.08531745793801794
007509 0.02014440761361199
448792 -0.03853290292656812
448024 0.17139866040255303
449029 0.10518298257037433
127710 0.06090922926824886
232848 -0.20135374997180988
342646 0.295023244524759
128520 0.04283987989386833
341671 0.04171291657620458
007260 -0.1418133805081305
129426 -0.00511810647708083
006705 -0.15033774167355946
233646 -0.056274225156773966
342667 -0.004861529390647929
449005 -0.034012713503688445
448750 0.1409366744662088
234708 0.0675242473009535
341824 0.07019402512799719
342115 0.0420132218899208
341188 0.060769304783132895
450031 -0.008024344359108176
127647 -0.012252143476544521
233328 -0.03471627808569397
235128 -0.0003525846651314661
007758 -0.009980610547088271
448000 0.1135879625392293
341218 0.05299553645164592
129237 -0.00551191196555183
341704 0.030685002796382057
341734 0.05023183632899739
450049 -0.005311594723275709
128139 0.10145445838089265
341371 0.06261287334464967
128421 0.1370614631700983
449524 -0.10156666066911485
449233 -0.11446556057592834
449623 0.15234860244162537
450070 -0.0015944077841549015
234798 -0.0867375737099781
232797 0.027560588770229728
007080 -0.24420448000468908
449992 -0.09094366224655868
006273 0.15403343573394035
232794 0.02211526956350084
342700 0.11021503550013231
006351 0.043511103484324236
129285 -0.1255789818447583
128091 0.1284622317096002
341638 0.044807219635786044
234849 0.06727538728888655
341659 0.04497723547163658
235362 0.12217963977726823
341521 0.036891427743245685
008238 0.09177839944769281
005691 -0.008594259792313156
006498 0.1825742445156925
450298 0.04780417568647426
008310 0.10243340459274519
129531 0.06137185528897287
341716 0.03978283888374279
340924 0.016453856270329477
006525 -0.19714015743089103
450232 0.014854179793630351
128787 0.07637281654373049
127839 -0.09169967355849586
234606 -0.09139496323600037
234822 -0.021883783126858763
007575 0.08400333383775212
234342 -0.006646796024305209
127929 0.17817737691276195
450025 -0.060461735783895444
341461 0.046151987685185594
341602 0.0504184490882121
127053 0.18138701618900374
449368 0.054133587865485173
128559 -0.06812349383842974
235188 -0.01219173483699506
341041 0.10279642270860219
006699 -0.07669033509948933
450223 0.014843612929525093
232746 -0.2420283228834315
006936 -0.18894610626097227
341314 0.04653867859574091
233757 0.11224061572362505
008283 0.18716497581833655
007263 -0.0632178258394838
129684 -0.10240990111038434
340642 0.03925789382284776
448240 0.04211083016247795
129438 -0.010583482115442534
340465 0.2392955116350643
233256 0.13906843335232533
129477 -0.03380200121733133
006126 -0.1769325387856317
128394 0.1083729290372106
342163 0.046065037194388515
232878 0.04158890267055501
341074 0.083220242337529
340861 0.06128392129730696
127074 0.238826722781708
008253 0.1205675717603483
006873 0.02995668847380245
233253 0.15066477660077496
128385 0.14487841925414136
128907 0.013735996483705245
341485 0.06315050701195181
128358 0.20963708461141164
129516 -0.08510162424793871
006312 0.014575687600539304
006486 -0.007483031742156497
340750 0.2442916026307669
448777 -0.008844034646645535
450562 0.03192222259670157
448855 -0.0051357863549876944
007326 0.15167317125532365
233160 -0.014331921188926134
127056 0.19379703408459886
341953 0.05549672136471719
008247 0.1195339216400052
128523 0.04076086859188169
129303 -0.09349367555029017
234153 0.23176606017767076
128157 0.09131946606784816
007845 -0.12145804643972433
127227 0.16666986633433606
448819 -0.11448016861019353
006003 0.08620452199663434
341536 0.06678220439705053
342199 0.07135373830646694
006507 0.03331367382317156
129483 0.09692053932650031
233679 nan
448951 0.010234721995960127
450304 0.043969862340899654
006447 0.005643592146700045
450499 0.022402787317102556
127902 0.1411878658800709
008307 0.08513129284832638
448852 -0.0003660172284692537
341632 0.047134299612265174
129066 -0.11276188918522426
341896 0.06872401643163528
233319 -0.001167490031367848
128376 0.16937323837393534
341887 0.0724425907866457
005730 -0.09472831993554302
006279 0.22145359573490564
127767 0.016246066466755592
342625 0.21829653936325952
341308 0.04238054717451592
341746 0.05768596981429388
340597 -0.026100793868004016
128409 0.10401988821023668
341239 0.036032830462707596
234600 -0.08395046046672039
007074 -0.24318861815810053
007059 0.2157927662336907
127131 -0.05034091857716229
448228 0.032164866287515775
449329 0.14201276122895093
007989 -0.03852052174362482
235371 0.14641608576719656
449575 0.047636032817020495
128304 0.07232977496588273
341404 0.03964674679678036
450151 0.0012267841429815275
448711 0.16458165202865838
006192 -0.17882344144271883
449506 -0.0014858090902524458
450040 0.003543679781481478
234636 -0.12817613794014296
234927 -0.021027682191613054
234786 -0.10351966889966434
127878 0.13912969172360473
448351 0.17842881263248506
341950 0.05732996728151133
007650 -0.021064348327088343
449599 0.11516604815083997
128478 0.045982264183034575
007431 -0.006299950118757721
006378 -0.06391066536495231
448294 0.11846850052707618
129603 -0.08321834707347206
007446 0.01036845058791646
232785 -0.016310165964594423
232770 -0.2281532972157527
448870 0.020448543699502445
340399 -0.03193964243277389
128154 0.08798148374364834
341758 0.06011440830081894
127161 0.13897531553621084
128343 0.13468276326280254
233028 -0.03633653346443466
341833 0.07597013895655906
006165 -0.17623936416756392
342400 -0.03137390473954302
234285 -0.004353976788708437
128298 0.059970459455809755
341023 0.09778146262644585
448657 0.175228500071867
233145 -0.004661210657175819
234375 0.02902002542048889
127674 -0.022342532556599605
234513 -0.07640436802093646
127620 0.10919119751504379
128466 0.16237759317115225
449539 -0.09028021389477521
233337 -0.0216231124486173
233247 0.1531790073082345
340222 -0.15130273718045745
006654 0.3100500758597099
450697 -0.005080180942319417
341971 0.04901996973081519
449770 -0.08853839216393818
449347 0.02265673043888386
129447 -0.05921797887599041
340228 -0.15211898460234674
234363 0.008243399200421445
127983 -0.056104904156295106
448066 -0.1937666830447414
128502 -0.021715078677568046
448933 0.009235152463494841
340339 0.07073319503829002
233811 0.14677286225304387
128499 0.025517656326726756
128700 -0.12322828457244836
342070 0.04106605563452258
342418 -0.015008512567242793
450688 -0.012988386227623248
007653 -0.029316019783305263
127695 0.005467906349149102
448231 0.05507849022101606
006375 -0.05021907689527025
449818 -0.15355672689150904
448804 -0.08237957149265791
342577 0.23289642763590257
342664 0.050965962644981065
128685 -0.22299378783254126
448270 -0.03611703674702789
449791 -0.09178285110728658
448633 0.16539080384656413
127905 0.16750155023181748
448594 0.13360777309568828
129666 -0.03779091163067062
449827 -0.1275636655771715
341554 0.05140940217657863
448462 0.0533641718788696
128367 0.22141210469780417
449161 -0.03879328605994568
128661 -0.22242107973950076
007587 0.1121236459967272
448378 -0.07047086844488727
234408 0.076400056682702
450121 0.005538321838976494
006510 -0.10697126517831297
008214 0.06131986234553908
234840 -0.01936759441064118
449059 0.08697343758382942
342457 -0.15361655722955336
127077 0.23959859590681776
340474 0.11423451361008977
340201 0.01759335353676312
341908 0.06852753675632066
129513 -0.09757824612198761
234777 -0.060039129522111684
448987 -0.03269907551218759
128718 -0.05856193904163075
340900 0.04111823681661456
233967 0.005888785094090329
235263 0.08252340577024243
340531 -0.04110555129992566
007911 0.03822784415067889
450514 0.029756313648389265
341728 0.05479661202196708
449341 0.06513529001060582
234738 0.22130148739950264
448153 0.25216713148625436
449887 -0.0065253654306317525
006210 -0.17653234486136574
128205 0.0924972879701814
341413 0.036094895943319834
449896 0.0369782062189359
449905 0.045897306647801214
128055 -0.002750265436599093
005808 0.0874064056208506
450613 0.03741679535767184
129045 -0.1541285514831543
008028 0.03147683838327456
450637 0.03993880432598381
127881 0.11102643702791086
234744 0.12538862704585027
448447 0.22542936941642902
449671 -0.08946930661892045
235416 0.08500774250791385
232782 -0.037955098714325224
448486 0.0717528721785681
448858 0.009054584328976314
448705 0.1569480477586536
449932 0.036641727635506924
233730 0.06561880047447174
448147 0.16663830353544754
449707 -0.02379105450615051
450082 -0.007182704246042103
233235 0.17059900529879296
450610 0.03610845056600662
007899 0.035288383107746575
448834 -0.07621929996136959
342748 -0.08308752561934973
128121 0.16003861072919
233292 0.1391525408757654
234075 0.3295353329370892
341425 0.05507537972184487
006147 -0.1756293920362273
129258 0.15587157654331119
448840 -0.017184318959454953
450268 0.027409911363956974
128145 0.08529643992287653
005802 0.06017621103582988
005892 -0.16305524952585346
234126 0.07597171034460809
449605 0.12309934107746737
449380 0.1798534862812777
006528 -0.1679513713940471
448885 0.0726476162546231
233334 -0.02864850328692819
448087 -0.22103637161086256
128766 -0.022543938557251106
341053 0.10045010998358135
449371 0.12536340207744057
007656 -0.03366277360349509
340627 -0.053352617020101994
448210 -0.07866845525977134
005841 0.2118119317057392
341335 0.05918808318115436
341401 0.03976888060548598
127332 -0.048817961461960324
341209 0.045632463484045406
128721 -0.07190246732713737
449497 0.03720290510642144
448363 0.04159346942672769
235320 0.10644304362906437
449326 0.18973528887722613
342853 0.1271858155593045
233391 -0.17761810199069955
342814 0.1654908441139314
450010 -0.0743781996835056
448243 0.012334948432373446
448702 0.16616448912879575
342811 0.1848994301898139
234234 0.22266894505795065
341665 0.05039349022224486
234411 0.08406215169238676
005577 -0.10084473049307888
232761 -0.21570073548318963
341134 0.14202524045192225
448729 0.128243920499337
342769 -0.14212890114643675
129675 -0.14896634864558292
450028 -0.031475551239343626
448165 -0.008472564598870656
129429 -0.004684038578517853
341203 0.04759466814659132
449776 -0.0866486424829414
127098 0.16123199330695065
129534 0.014253063068988013
448507 0.19141222966334914
127656 -0.012222209809318428
341506 0.02838098555001572
340195 0.000189391776204489
341854 0.04940543460249817
128178 0.12360298313090042
129510 -0.10914066068240244
450058 -0.005236332743325799
007050 0.33665774968524736
006243 -0.19981293537719447
342643 0.24811663047346488
008001 -0.22582614298439427
235011 -0.02597603028936913
233388 -0.15943819219563282
449692 -0.033817497418377994
341776 0.06729640569430412
233211 0.15635296675428287
235191 0.006771718428518766
233046 0.06334221571255459
235233 -0.06158070447384078
128397 0.10647498653156996
233262 0.1220835980961213
341710 0.03478185562980921
234981 -0.12949505391236507
128541 -0.006099937503680112
232839 -0.1949718595411182
235185 -0.031404378778508255
448579 0.09609554611725007
448234 0.04487754609642352
233934 0.14252454387511806
127071 0.21271531759730916
129507 -0.1214512362743236
449167 -0.0038055139050212215
006915 0.1665720427982391
449731 0.011196065693266038
341926 0.06884810644740433
448258 -0.060016471135843796
341761 0.06072830149513146
006156 -0.1769030299669948
232767 -0.2279625375103957
006204 -0.17611936606719186
007725 -0.03611478412376986
127263 0.006743075026570722
341743 0.05508051461187417
342178 0.05151785755726309
448246 0.012634097559451099
234300 -0.008575280266382532
449566 0.022105316805575773
129492 -0.07202419687691049
448615 0.14882452791451178
448132 0.04069829381010391
449173 0.08207161548622316
128451 0.1617346433918765
448975 -0.007460450449924671
342757 -0.07915923130167188
127686 -0.014092205521746776
450316 0.062148137634746276
233880 0.1439013198245233
449140 0.032458387912924734
449026 0.10831647903445125
341305 0.04615233252384154
234789 -0.07925356668468342
235221 -0.11143297871036151
448342 0.17761329893656755
129543 0.1446491473300714
005757 0.015021124765986485
448375 -0.049918630802878824
340336 0.06153792587250915
233022 -0.01398983840643898
448726 0.13108225672559598
233961 0.056497886635008314
234231 0.20159257166383288
128097 0.13853069544091762
007062 0.06407948145790705
341965 0.0456136173902479
449395 -0.04731192930131895
127830 0.02253131956091616
129300 -0.10176375930727867
448708 0.16564408459388877
342214 0.07962912686094327
127629 0.02867175143152948
234456 -0.02935715541844562
450250 0.02073016299729078
342847 0.09081238342556229
341110 0.053549654071416104
340546 -0.009567492500484423
342604 0.22202229741801568
127326 -0.03715598015558151
235317 0.1229088537565825
129264 0.14412633504941283
128382 0.1527800145659015
449656 -0.06427333435025245
448504 0.15651390867826484
342382 0.0016839266176623608
342571 0.2534231221795012
233274 0.14192994071845302
342802 0.18848303764585464
448618 0.15911201009121173
127137 -0.11381031990682007
450301 0.04832428972816924
448813 -0.11347295751767418
342466 -0.1216494201117007
233229 0.16911480240109011
448282 0.08086175952264613
006249 0.10877835525879784
449182 -0.04310590271889921
340684 0.12391003689880804
129687 -0.0883556479289208
007584 0.11592728755308053
008277 0.1534549876484849
006684 0.14741668950840978
235197 0.09135683956118504
450229 0.016223480660719658
128166 0.11202835136070857
450463 0.017499394657850952
233199 0.057198886718426795
007683 -0.047807785174834035
450379 0.013830112989256982
007524 0.005510786121144836
449596 0.11536246218962161
006735 -0.04086774499224649
341293 0.05099211513959495
340519 -0.0629268501222313
448330 0.10436898740579613
450631 0.05014906680629593
450274 0.02861750567895108
128004 0.19579375817005712
007530 0.007535038729643876
005811 0.11473121587755625
448843 0.003971796231535528
449959 -0.06687532551018406
234453 -0.03865699707829159
341629 0.04587648412466067
341686 0.04288720038152446
449419 -0.009998960204380071
449317 0.09827234975783067
234402 0.046530264487655584
450280 0.025317642098133242
006123 -0.1756637405837172
007671 -0.08423658326347039
449272 -0.01677533495363104
127464 0.21690770810243312
235017 -0.01676707441446277
007308 0.028615197245777622
006885 0.04934396030435146
129552 0.1888184516030817
341866 0.061667274636924584
341884 0.07547074214723176
449767 -0.08306918333020848
233097 0.014782013052861021
341434 0.07665232741985137
234156 0.28207756319595617
006063 0.06913911306690591
007473 0.08053535740813475
129246 -0.001290794238510386
006438 0.054002032594189966
233310 0.06184034430122391
005739 -0.05472933299957759
235104 -0.01153113274143019
007623 0.11121867864645679
340867 0.06104221414952051
235428 0.0782771957003408
449125 0.11463188511797173
342211 0.09586771727103377
235155 -0.07419113471677237
341098 0.058928719152114895
128196 0.08118964738098317
128289 0.06485878790966099
340552 0.009908170387260527
342097 0.04133311440333681
342586 0.2201599353337746
341677 0.03948360148263078
232905 -0.08866838246516359
340396 0.006628888727897289
007437 -0.005540029946850483
342706 0.17790818050186874
234948 -0.14380683598781976
342502 -0.22180532994361307
127125 0.0013767922946384982
128310 0.09293044325126237
450577 0.04106625856218989
340930 -0.0037388529084932056
342562 0.2235666099048796
005883 -0.05187489305223737
448216 -0.09331447196925849
232911 -0.0921874965547285
232995 0.13040789946706913
449086 0.08561170629287228
129282 -0.1444206187388384
341494 0.06506307642644525
450175 -0.0008035582801431752
448438 0.1999566178707084
234576 -0.07929735584335534
234441 -0.058941402328910486
127155 0.16925527486536238
341374 0.0552582861697602
128577 -0.03793623566957044
234771 -0.06488903968600014
342919 0.1103797624946224
448924 0.04570346929018278
448180 0.02593526907225765
233091 0.04349137051436331
233922 0.12664845648638257
448531 0.07123736436306471
449185 -0.10480538626225094
233223 0.17211961805567136
007977 -0.15289092295078904
232935 0.11276538016886356
341197 0.06527070016995778
342730 0.1776950278541961
340696 0.03738406253683646
234933 0.05667040677799363
448195 0.03523544078886614
128049 -0.029551030854614236
128226 0.07155448548840189
450115 0.006860736731718134
449107 0.08936004720229201
127173 0.26196632166090134
232800 0.05872461970141889
007560 0.0187128092771695
234483 -0.005882396301609119
341872 0.06682271361569159
008298 0.14307420843028731
448360 0.06851877336387081
449425 0.0017719943468571364
128334 0.1513825579540637
127821 0.12353028510594588
450133 0.0013792929606572734
129279 -0.15129798805386124
448663 0.17956964594389707
450148 0.0009672573960929773
006903 0.11148000490424485
008220 0.08132587894943494
006336 0.09686388498767229
008175 0.06141178682823916
449653 -0.058869983480712935
340513 -0.07407984156495509
342691 -0.05074084453538542
449578 0.060053084072119504
235245 0.0009412018079606268
234993 -0.04884299704961219
449050 0.017405645134126246
340912 0.03620958945991192
128475 0.08006084893770266
448030 0.1669317995868734
232983 0.10586221065399713
128232 0.07563732134597544
341860 0.05289671010016128
127803 0.08531554860443527
233175 -0.04153319343569733
340324 -0.0336385055758169
234291 -0.00973217995151817
006195 -0.1773842963434401
006474 0.003660471580417298
340876 0.052194546563661834
448786 -0.03070336670343134
234366 0.006198205582741644
448837 -0.05755758416798688
129459 -0.057779270861209465
235143 -0.044995409551079925
234462 -0.03474116084315928
340744 0.23032299242253093
448768 0.0802111637293596
341080 0.08423722195530214
341635 0.04614165138096639
127986 -0.01766640568115934
006483 -0.008553250610422926
129267 0.0815772151496448
342610 0.2331722364252493
233424 0.06876396967305076
449194 -0.22518515505478154
127248 0.04660924383352783
342883 0.1004110664983292
342187 0.04764588548938245
342025 0.03938429849591875
340213 -0.10806998851351476
233478 -0.12042966286791874
235299 0.07743983079516699
127917 0.16161051814983035
007968 -0.06262500041030457
342520 0.17390548236786374
450358 0.012478381677837725
128331 0.14749020414403333
006117 -0.1775562754906844
449434 0.029381789211043757
233892 0.1749309143494992
007581 0.10954357468654002
448129 0.09570340130839346
449974 -0.08653290866668611
127569 0.06727383570183837
232881 0.08105285945062955
006783 0.10651601138779307
234957 -0.1462860895506301
341647 0.0419848867110424
342127 0.020468474144950552
127446 nan
450340 0.007875939977495703
234213 0.1974320621226971
448780 -0.03061744138441495
128127 0.131673369709075
341509 0.022006707265163915
449122 0.10722031269568492
127110 0.12065854486305914
234906 0.1253908202754582
008262 0.13573689607214953
234171 0.0686724672380271
005874 -0.032030233157374875
235368 0.15963128132939725
234807 -0.07196088547354876
232758 -0.23855571078244972
128313 0.09952094991026282
233652 -0.09904491838324009
449560 0.006463078767440678
008256 0.1351284089398206
341815 0.04923511028769284
341653 0.04717204131159383
006864 0.0688274471441482
006354 0.021373745092268196
006426 0.2308658736614693
233919 0.189861952268404
341176 0.07425949941340947
342436 -0.03723074925225977
340237 -0.14189879537101777
342622 0.22045784067439292
233712 0.19834530275631576
340846 0.07081946636439154
449869 -0.08597417854025148
449902 0.04380509141702886
340747 0.2459480847254414
449842 -0.12925093069312468
006093 0.010761079833621071
233628 0.029421371316152904
005685 0.009392220437141252
340543 -0.01024109401400127
127062 0.17280582295971372
007608 0.17330213555323531
450604 0.031232882808035878
128490 0.019260844877469943
341782 0.06169612313758299
127824 0.10817855614363334
448300 0.11631169841559112
234414 0.0675678016359123
007158 0.12035677276230726
340456 0.06360635601909234
234585 -0.08184877238190842
450628 0.03724200695590946
449092 0.08515727616929869
007344 -0.019422887017009904
235239 -0.04429114288393513
341260 0.02347071469231001
006399 0.004116949808029902
234336 -0.00804450452462886
234651 -0.06030517300486049
006411 0.06000722015275457
448549 0.08173088495005433
127671 -0.012308315625266426
342001 0.03532412158362511
234246 0.18190777683965145
448882 0.06561107895238137
342217 0.07174765850533431
235365 0.15932953051735646
233007 0.1397766589164352
005916 0.018199791983952593
340270 -0.146425311689137
127707 0.057856404138297506
448390 -0.15259259274462478
008295 0.17267025212904638
006870 0.07316414641324805
233904 0.21456054328252003
232926 -0.18920975119698963
448489 0.060578181456636494
449377 0.18626697408678
128562 -0.0723951425466001
450262 0.030303517611398396
450094 -0.004034526102037078
127638 0.005982378016971822
006384 0.011288614218862004
450670 0.0030787772161343665
448078 -0.21364409998499861
005571 -0.20719847339420314
005955 -0.12576827342376048
234942 0.0377406003736136
340285 -0.21596177078428724
129273 -0.12359048012309502
448285 0.08545248745250052
234672 0.1087719168445228
450259 0.03049559945715944
234105 0.05066948277609688
449074 0.15899115228875937
450418 0.05249037671732609
448315 0.10325693263651231
342670 -0.05131940055923851
450079 -0.0012551205353671102
448573 0.05535532910987813
129327 -0.05909707305923341
449824 -0.1305525065662451
341083 0.07159306329699569
448801 -0.07545960473151786
235014 -0.024037419360700956
127908 0.14495078051761115
129471 -0.06107914558186688
234186 0.0038256722057505945
007272 0.005100080393310775
448588 0.12923168303798693
450352 0.014665278596165648
235332 0.060380640552596225
233472 0.011141133090806386
006153 -0.17848314424188866
127374 -0.11704237640850128
234399 0.038295422625576094
450052 -0.002182334667268971
233064 0.09531030572553047
450157 -0.0017124743661182202
340297 -0.203552978757828
127788 -0.037630141756769056
233001 0.14542733208744069
127014 -0.20849892805938292
340828 0.028691799590865086
341437 0.07411149007129889
448954 0.02441356762428539
127581 0.05441205746417504
129207 nan
341794 0.04927440133912956
008244 0.11044383830989445
340609 0.014914064823566605
233598 0.029111085380229135
450634 0.052852650055479435
448525 0.09983266506458183
008169 0.22266544904540508
449350 -0.004973601844130445
128277 0.07347674590068233
448915 0.11053746848018836
127689 -0.004866173743656159
007551 0.01658491298995591
341890 0.06804233144165577
342685 -0.07988463422801838
127314 0.05806378901950896
450478 -0.0009425910359795931
342613 0.2228008505484148
233241 0.1688705447883085
234633 -0.15045149376376496
234780 -0.07957078663708904
129243 -0.00541416954996708
129504 -0.11806104745210759
233907 0.1996016626425311
234318 0.0061485067527766845
007848 -0.11616959735057664
234801 -0.02593929691920204
449068 0.19053948978109964
128373 0.18414081746529826
448939 0.005812673127758167
006228 -0.190527424285837
235065 -0.0066030207875707
128454 0.16357029616211796
128430 0.11305894797929249
128445 0.15609826166444382
005817 0.1503281646534019
128649 -0.1955470908943881
129417 -0.015772890413879716
449503 0.012484613125995988
127602 0.1079491204994057
234471 -0.031223999480444985
340408 -0.09959480700914229
450322 0.07931770812052998
128229 0.0821367523245039
007047 0.30655872605119183
127848 -0.13222455451843756
128172 0.1250394347276483
341737 0.048204630220809334
127974 -0.17637846322967043
234570 -0.03209557194566664
448666 0.1807544653986972
341311 0.04629570770913504
449689 -0.04268361855128863
235158 -0.06886891498668181
448324 0.08889864339408785
007974 -0.12113433739175844
448828 -0.10288092982297563
007992 -0.16851001166751411
340936 0.00748897628639276
449476 -0.009797059903504131
234714 0.09211255900316093
340540 -0.01307417028392715
341470 0.05449620402379383
127563 0.09280043174136865
340651 0.0874577312985119
341191 0.0573762685082055
006186 -0.17881836058601502
127920 0.13174801887403115
448648 0.16333801639960743
450202 0.004797856737620578
129678 -0.1505608895087067
006390 0.010907273516695726
234201 0.0964855387674598
450349 0.006461355472173414
007647 -0.006063708601578046
448291 0.11112008754503082
233304 0.10334914892032208
340630 -0.042168772416268756
233379 -0.17146129837265245
341488 0.06546636776743113
127245 0.13953179103975805
341863 0.056571886675927774
340261 -0.09493175872664009
127080 0.24800341162308664
007749 0.012480681744731019
128202 0.08211892513787038
129003 -0.1986164486109142
448651 0.16025921767815612
007572 0.08451066754412329
342835 0.09682832218972215
342913 0.10783981597265226
006258 0.08848185917687794
341836 0.06411779272144938
127035 0.17922762008757168
235203 0.05925870729559255
234705 0.08792630333381146
234225 0.15725337086848676
448222 -0.06969076566098305
234609 -0.10960396734078544
008271 0.1388118574064712
449353 -0.015279672701077017
342064 0.038427909007020186
448756 0.13980618989259874
448981 -0.04466284028850566
450088 -0.005532583391187785
342916 0.10675908956477434
342040 0.03913228052669193
007410 -0.03770171592143841
128496 0.028201834997901364
127587 0.07819274016559669
233958 0.052033867441896677
007854 -0.13402926123286413
448597 0.13560459925053095
006918 0.1555121676488356
234084 0.32715723249647355
232953 0.02699852148885886
341383 0.04532459372020937
450271 0.030838047225406607
232929 -0.06528938893959331
234534 -0.05682005912829669
449860 -0.11060654144267644
006255 0.08276450737769092
128781 0.08703153852432492
449320 0.1498273955503265
005856 0.001301542189576643
449485 0.0525212072836905
233277 0.14278104597089547
007626 0.1045568176637989
448501 0.12125077226555393
008226 0.07049389736831245
128235 0.07780419486500076
341563 0.040994292836873426
007515 0.006557173847881845
127209 0.11599464219511232
006324 0.09504881950234027
233217 0.16127530077351943
127044 0.16301758144968473
234306 -0.008911517671004345
448081 -0.19547032791330562
129261 0.16435479302426956
450472 0.014765650747612644
342583 0.22339453442616206
128481 0.028934400238004046
342430 0.03178636597499015
127827 0.0671450738726871
342631 0.22092280871307793
128064 0.08132358493559631
007878 -0.12763232212509137
007779 -0.04043467073571121
006057 0.04069269219240773
234783 -0.08423569235384189
233739 0.024277912929154787
340618 -0.040117959156723386
129231 -0.03553667059285654
234423 -0.021330323058015112
448624 0.1674962938261927
128469 0.1501845750620242
450394 0.02696624755408022
232908 -0.11141370848718249
128589 -0.038809900551634094
232914 -0.11968461182592617
235293 0.0789734084510447
449407 -0.04591575310538947
233151 -0.013871753801433379
007791 -0.03846454175112508
006171 -0.17869999227408576
006105 -0.1273234240502367
234393 0.03533064431101872
232860 -0.1452721483650662
450097 0.0003743222767495305
233190 0.006441429665196965
006720 0.014758180972405971
234897 0.13627970205301665
007896 0.03276609189280511
340897 0.037121098678428416
127116 0.08392385247072665
342820 0.14206138498857435
234723 0.15900508337391805
007731 -0.020438346947745354
449047 0.035116295093920696
006207 -0.17843371756763415
127188 0.12051554607966589
450184 0.01922664913974857
129441 -0.024599280073529198
448135 0.06005339088925348
007866 -0.15228740918375555
007548 0.013959329702010772
233436 nan
006924 -0.12570135893464898
234540 -0.05650613029439217
005853 0.04123224906948213
449101 0.09228650700846938
007869 -0.1442976653024376
342676 -0.10655981675405353
128271 0.07747916787466642
340669 0.07526807276193974
450307 0.049934069402225854
340525 -0.058677429167920556
342568 0.24889583092231254
449797 -0.10539385677333878
234903 0.19816654274402828
341533 0.06151051926991896
447997 0.15050037978110986
006414 0.08773742900008247
233052 0.054129764551803586
235266 0.08487163817495871
129594 -0.08726235914870789
448654 0.1707641197414424
235134 -0.0075634409809670275
449614 0.1228001419510671
234816 -0.024347349415346397
342652 0.2978090287803055
128046 -0.04805824606287022
006300 0.04050150747491369
234900 0.19633293125384124
341284 0.025466256578884103
340570 0.11603102517109025
235062 0.0004701633561199236
449563 0.012766013911761591
233019 0.004158289616156962
235008 -0.030169627772203122
005703 0.05647610512450168
005844 0.1608222706311223
450043 -0.006208772238482676
341962 0.0551947331896415
449884 -0.015899650199438654
340591 -0.011849194234429917
006051 0.024573602677105646
129474 -0.052843873199200704
450484 0.0077390660224113585
233073 0.18658240158139186
006162 -0.18065413123085383
234612 -0.07900720180876186
450130 0.0005546580682908417
448084 -0.19947176138485037
341476 0.05773373112721286
449806 -0.13570703041514595
233340 -0.04308749335969663
448321 0.08644052565150698
340816 0.045076429930612866
341650 0.044606662805142513
340381 0.09050396079567967
449041 0.04242483246521193
449698 -0.04051538302710352
005580 -0.19958022976401602
233133 -0.010581901125725799
128280 0.07604389824866255
129489 -0.034973201003383005
448849 -0.005800790683699937
006408 0.027164985702421658
005898 -0.21980592612287406
448264 -0.09397334419282324
449644 -0.019255388947325102
233298 0.13403630760799484
127845 -0.12733350747308825
450346 0.002346197684574106
340264 -0.11374563445725978
235050 -0.0009850104952615403
448942 -0.015055135391797127
233166 -0.005037927658505286
341695 0.03128199036343554
007620 0.11523920405412809
448279 0.06332566455588441
129555 0.15358990686421597
232806 0.05069802885514466
128574 -0.054174081787715656
235029 0.02447956951188403
007755 -0.0032782752484206874
340249 -0.0712979715860151
341230 0.03867905083359746
342376 0.011131250977008083
449911 0.05089106154710583
007416 -0.03858136020981155
127851 -0.12985826437542722
342484 0.052084024838560845
235398 0.09397704602233949
450673 -0.0032880516244811107
448465 0.07621499520551624
007842 -0.0987928699353805
234198 0.10318770199031621
449641 -0.0037958233176885324
342661 0.1141783921424905
007986 -0.17300683423801766
128109 0.17590442714555105
341056 0.09851299537175179
007419 -0.030393752369748017
448441 0.1885358702617299
127884 0.09253393241191252
450442 0.03772813182318312
128217 0.06836539381859173
128322 0.1608889769071277
340690 0.07861847731031299
006723 0.03735164441149233
449344 0.04337182701174635
234804 -0.04513189294469848
006687 0.1348000765151997
234141 0.1167913640968103
341818 0.05473670533038695
448672 0.17336183312285908
234237 0.2534828795065694
006750 -0.023704258667654687
005973 0.15161839742509145
341455 0.05358564811342442
450682 -0.006055656745657992
448144 0.11354175162693811
341251 0.021376115584779958
449803 -0.1281202757592959
234477 -0.018431482821159306
233937 0.1377311464339968
449473 -0.006327845941156019
450406 0.04849346907425926
341101 0.06321472914127499
340675 0.11850127728677483
235311 0.11522025640738086
449113 0.08347957555939552
341275 -0.011339287035753036
006900 0.11379634420817437
342556 0.1897358325879665
342184 0.05243528578901855
007590 0.13145077526600282
448636 0.1734108390034436
450367 0.02936644519536582
450055 -0.003628137418384243
448747 0.1391065254170165
340522 -0.056263533955909995
233910 0.2142970771147222
448192 0.029215048633555257
232998 0.1423243281918294
233094 0.03316229346153776
128763 -0.018960234381960792
129345 -0.11075686333117632
449023 0.13055426355677185
340294 -0.21520980431714828
448276 0.02884525817203752
128568 -0.06780837960012176
128715 -0.0676966404898402
449929 0.04588886833517836
006159 -0.17917699835468037
005805 0.06789045220697068
007602 0.15738379812249612
449302 0.05267886497793418
129240 -0.013212799298767968
234354 0.004429430106804713
008223 0.06806482856919105
235296 0.0714931921743872
448183 0.03834553387358574
235284 0.12438488810781449
007767 -0.024288211387031942
342076 0.039479108555792605
450553 0.011480929920052965
450085 -0.0043567841447378405
007518 0.0028955592113275126
128412 0.1068021719008748
342439 -0.06386835239840973
128553 -0.05345547314599564
341086 0.059674444778242824
234669 0.10007451795816842
129213 -0.14975240495469835
128802 -0.18579908469281603
341749 0.05882140397069384
007236 -0.2431958221253895
007611 0.15690496394964032
006234 -0.1609348724653691
341290 0.054391597002182934
234081 0.3241849778190492
450502 0.02376439139480565
341611 0.03547372302760491
449383 0.145530593549133
232818 -0.08965608152895016
235137 -0.02207104956022836
127140 -0.07704900890395543
449296 0.017492255935784604
449179 0.011725194115025032
129369 -0.00110902177143169
234963 -0.06578101319524747
449944 -0.024555949114702408
006036 0.0018209604989914668
340489 -0.04424524801769971
450493 0.03452160429591927
234330 -0.010213168837887088
127572 0.05670844449624426
448540 0.0747031027795175
127725 0.006222861667926598
341725 0.04948265330467321
234138 0.1055211235876797
340555 0.01915606243527813
234510 -0.07504272804379256
007995 -0.17608999953698856
233016 0.027726281586502706
448303 0.10718081372771884
007746 0.011180262162062422
341155 0.08459908037146557
128487 0.04958450987570179
128595 -0.033580288753746454
448309 0.10508205289813739
007527 0.004592388645051018
449989 -0.08898720593026505
450205 0.00433565662839719
007857 -0.1525953538864622
340687 0.10350666787226676
450508 0.027110344647556642
448018 0.15331649188718602
127896 0.09815888805013764
127836 -0.0677149977320177
128703 -0.08867956002044189
449635 0.04684245541082568
127743 0.014936440823179983
008301 0.11926779655594352
450214 0.0034907526762131915
448189 0.008971826584406475
129699 -0.031415623640187136
007773 -0.03598214629356247
006402 0.00967637266649868
448603 0.1411318423080237
450490 0.028676793941574706
450415 0.054293315269326084
233109 -0.010041192338809537
341032 0.09506400320366354
234795 -0.09586109433855328
449749 -0.054224814850114926
006201 -0.17744807569575305
449620 0.1361712583675653
127962 0.20919017531512502
129519 -0.05905449738125353
233976 -0.011252679446386912
128505 -0.035162981095144964
233874 0.11554754913923136
006231 -0.1879209280014038
127584 0.0734891444033922
007599 0.1579712761714602
342841 0.07688217505025902
448555 0.08927036053189755
448810 -0.09802130300321697
129456 -0.056669032298504146
341548 0.06440274516248237
006423 0.1841585992295065
449098 0.0920779828018073
128808 -0.20730624704600092
128073 0.10718765737557852
127719 0.032417580681143914
234378 0.023472223168684712
235113 -0.008315414305847224
340678 0.11309787288767283
129123 -0.07313200784107995
007422 -0.029612506323325283
235329 0.06283031384699073
449422 0.004590961239970381
449899 0.045801777932918286
127866 0.09413872142126464
448552 0.08129667593908212
341551 0.05569175437100937
449878 -0.034858781469289064
341500 0.04593994133194351
449704 -0.03245803546330948
129249 0.01557825917664066
006066 0.09155790650999389
450034 0.004819071724888835
234768 -0.07400114273657935
341596 0.049057744571998047
340498 -0.07147495461236915
007860 -0.15134312609831493
006594 -0.009192957636728045
449719 -0.011949092109331419
129462 -0.06050382790036195
235335 0.07586022213103455
233466 0.028453515861656984
006102 -0.10608081759574657
448483 0.10164451817844403
342679 -0.11924430975768872
340267 -0.1203780196063904
450310 0.05008169507947259
006348 0.04689556296944169
449011 0.01874513654458665
005748 -0.11571206855426504
449686 -0.04710222892431548
127278 0.041650050811946976
233295 0.13911239619708624
127203 0.0920457119965844
128337 0.1525644386816635
232977 0.07679926463638366
005676 0.2506632729182168
449461 0.15223283736371607
450586 0.025534381667930834
340462 0.170714915891147
448519 0.1270334854103061
340663 0.041344158105797814
128211 0.0910260493542745
006930 -0.15344916583220608
127158 0.1782488201559353
448336 0.12873053865001227
342595 0.21577588928239103
232842 -0.1908965942107918
128757 -0.005475162232797297
129630 -0.07378912976373248
129549 0.1561652293948789
450373 0.013755616269082945
006531 -0.16541817888380989
127101 0.1452176822113532
129639 -0.014686137493772908
007950 -0.030321694955411642
450160 -0.00300674625427767
235167 -0.10242349243061143
449332 0.11545452789176704
127041 0.1312199184302206
341338 0.06411713370117969
449053 0.0365659153915734
235305 0.0916767563611742
006129 -0.1778487477983747
340312 -0.14665031905335504
448738 0.13387636198899364
127722 0.020671391824479066
449119 0.08560707959451468
127998 0.20740924949053108
127149 0.09540377292368148
007542 0.011179095563102452
234426 -0.038944369920423105
449980 -0.09761283281207268
450118 0.008498463631181825
127968 -0.025872685832238087
342166 0.05295325413372196
341608 0.039449294781146324
006846 0.14892855660402624
235404 0.08627600275199702
448960 0.0034332183016327054
233163 0.0067355271058033616
341440 0.06820965118495688
129528 0.028043177020509447
128484 0.021933697629401765
006168 -0.17731922457677235
006267 0.12897079780058326
