005742 -0.08079339056069768
449914 -0.01388582872223242
234258 0.03178238529575275
447991 -0.06543221337790225
127233 -0.01655431206484519
232965 0.003961052037003801
129228 0.10877475960184387
232872 0.07575311249886511
128895 0.10012290131748397
449857 -0.007814153612674174
005745 -0.1170968585866241
450403 -0.06691486163372369
340834 -0.026421742986002698
235425 0.0006633477030455664
127875 -0.051411599776535366
449722 -0.037467338380280754
448273 -0.03760164363043649
234159 -0.06312535346066178
129633 -0.053617554658013336
341947 -0.004262171592524187
128418 -0.0016506606146847339
449587 0.059706902214673147
233592 -0.09068950116017345
450376 -0.04824506958123726
233139 0.00532188574708016
233883 0.0417894254055065
234753 -0.007181337770353171
233280 0.015991760484766856
234063 -0.05197818695552765
342082 -0.011504106736526668
129480 -0.05595487655828141
340459 0.039727344055368444
129012 -0.07829165367572749
127107 -0.06374595824538816
234924 -0.04427655772112109
340681 -0.045211024506576276
342850 0.0560125760220174
008280 0.00705265433952908
341104 0.03223697673378889
449164 -0.06971397943322713
006756 -0.07502296949460123
127230 5.372863540105028e-05
450127 -0.01705394239471634
450382 -0.05450381692436627
128733 -0.002462662626771816
233112 0.02674609712500453
341959 -0.005367860081747542
234480 -0.012819637768245727
341680 -0.002443738105846262
127899 -0.05634627413278573
341215 0.019946674250343976
234294 0.0987818697174294
235149 -0.01675605878271979
341524 0.005441700710313737
128931 0.04380878463232524
234525 -0.04398939567898947
449305 0.08803533769789197
128070 0.07396586136297977
007434 0.12911851860228044
449713 -0.020200147756849605
450172 -0.017995699765394706
449530 0.021653563366223184
234450 0.05655160121128729
007638 0.06691859100188538
007293 0.11758775559682696
128460 0.016625262739801985
341713 0.012239390213142019
340216 -0.09478087948743628
127224 0.011450268804826323
449953 -0.02032606962661457
006270 0.038318385649997025
342874 0.034372278615171205
129444 0.10575220133481093
128745 0.00824303578132044
340576 -0.01988896956218211
006420 0.012365485609523837
006897 -0.03004070198658513
008058 0.07258284281170557
008274 0.018857663745226586
448906 -0.024389988801793494
006264 0.0644072458647336
342592 0.013224395838650788
450568 -0.04396284863874476
235089 0.12798792805437476
448498 0.02888363335383386
448126 -0.04732200226926923
129234 0.12901374190552364
341812 0.0006533950819462771
341407 0.027366973861179044
233970 -0.09072097864488687
341254 0.013014223897468969
128751 0.009039093721550356
007788 0.036896161222264835
341026 0.04943461682594914
127857 -0.03079000210586285
007338 -0.0519347133856999
448312 -0.055376205789138815
007776 0.01733655475165449
449893 -0.020214281373462248
233322 0.01933270822115561
129312 0.049272197051386774
232950 -0.0006015892745675866
341152 0.03969027050247976
449752 -0.05767098899737513
128904 0.0898471453806425
341245 0.021394956586169425
342469 -0.09212834956994972
234918 -0.07060280769791036
341092 0.034096816337962146
340648 -0.026575716381951976
448567 -0.007749893392849599
127809 -0.03848641912941009
235341 0.021774704062720942
233385 -0.09449274664647313
233148 0.004105912788678941
341419 0.02801718228951822
007917 0.05938167947274151
341332 -0.0006839357697678834
127806 -0.04075042368313062
006690 -0.0880729297909579
127083 -0.08230217608995052
448039 -0.03313627027329944
007614 0.036238862331690984
128565 0.027603248119548326
342016 -0.012831998586674475
448495 0.033735293309116454
235206 -0.0706706245671196
128688 -0.1469498650180145
450583 -0.04542804152082441
005601 0.06745288438267177
342904 0.058399638521241574
450208 -0.05071737661294862
129690 0.03058566349704249
007740 0.0468456400744171
006681 -0.08268320047613102
449392 -0.06808332335321884
234243 -0.04574463959049947
448918 -0.042814989173445714
341515 -0.0035339514987472996
448513 -0.025991003566693125
450667 -0.018965044068226945
128526 -0.0658593810460226
341512 -0.011237161547083124
341755 0.008193089882813658
342103 -0.009102937355663173
006714 -0.0809734934512064
448969 -0.0818856232724646
007641 0.0733913830748699
341773 0.003498938535414043
007926 0.0674135178510292
235242 -0.02771148427861745
448477 -0.0028613969006292305
341920 0.006972400413185018
005796 0.06635800098181988
448387 -0.08861904329303291
128571 0.04363222107423907
128754 0.013334173976142226
449740 -0.06345964981485015
129084 -0.009933807074077546
449971 -0.03031046248880163
007554 0.11604281780766505
341938 0.003366890621320926
340660 -0.010725015340268262
005727 -0.10478195291257499
450004 -0.024336243664280523
128778 -0.03107845663948431
341998 -0.013128393398280206
127716 0.03751850742149967
341200 0.01714542412364977
234615 -0.03638035737352974
448015 -0.05319728273333925
342370 -0.0002238836478422677
340657 -0.013727736622826807
341899 -0.00014437394592761195
448921 -0.05548713808033886
341623 -0.005807832517621495
127779 -0.04559000497903078
448990 -0.061005550078708365
340849 0.002616359569408276
006711 -0.117178284376164
127593 0.025426266542940255
234627 -0.09932435201764173
234228 0.0017783759213649561
234498 -0.03161578802835374
340822 -0.0406901390857899
234750 -0.014863364005098767
234438 0.037836461760040026
450196 -0.04846710867072425
342709 -0.029435446537617177
006054 0.1243416249494016
450457 -0.04430408895390988
127605 0.04044316239311956
342697 -0.008040695698203575
342112 -0.006246793192077292
006876 -0.017181118758267198
005889 -0.09733165588851497
129711 0.07418924946575074
007425 0.10943514601628582
449452 -0.012774116442233462
129546 0.014517970090272465
006111 -0.1000636478796501
341128 0.03626498417829802
232803 -0.06990265683988872
007413 0.09967192750149284
341809 0.0022277984323955695
127575 0.05726533411084143
449521 0.007859841968653993
449908 -0.012035766386036326
340438 0.09329405156777756
006318 0.0008425462503536265
448690 -0.009868723765282163
127752 -0.028068842330858823
129432 0.12668109992504847
342022 -0.01066799308685798
450199 -0.05064488139907915
342628 0.011485280218655757
007893 0.03435842517337326
340279 -0.10043830655205545
449512 -0.016708427134358352
128655 -0.09644220934973823
006819 -0.017595866220437597
448576 0.004799692207203674
449782 -0.03412910179468927
128130 0.01690413943016622
008250 0.04480100877299911
342379 -0.00912717347533358
127680 0.08610022704293444
341395 0.031001780044284014
235230 -0.015098066501038794
008217 0.0823176361777045
129705 0.06832882733784704
128094 0.05199247292953461
450460 -0.04466099306308437
340354 0.024557181407073376
341569 0.004147769679468142
449830 -0.0762868002688578
127653 0.10008454145569864
235038 0.08720401761279677
450256 -0.05495988312722697
449323 0.029990725243961434
448723 -0.0023083609878701487
007764 0.013488178510351745
340495 0.01237792362725853
342739 -0.09213486235507795
127176 -0.06542469522992979
128739 -0.010778086259273555
342745 -0.09165648175846963
006693 -0.09170129030199549
340516 0.04684951030528803
450676 -0.00744682220009143
449758 -0.055499204664278906
342172 0.013182183714106246
006141 -0.09862341273188381
234759 0.002236999269462816
127302 0.03321458481170319
233103 0.013892662374348594
450106 -0.009651850414706838
234165 -0.08900870920038546
449200 -0.11446256701351316
448237 -0.03260007224002469
449002 -0.06098092699544981
340711 0.011949387393043529
007065 -0.07298058688205897
450154 -0.019002537543049196
007566 0.11399548804698424
129342 0.02075962761390578
128673 -0.11711458902510387
234183 -0.09641232248956413
008241 0.04586323561117043
006879 -0.016168548356811696
341770 0.0010513197513642876
233382 -0.08737300098551086
006534 -0.08105293174449547
341584 0.005063191728781985
341458 0.0062091138823078765
129339 0.04811107578765812
007713 0.07391959282072325
233349 -0.09198278881498807
234765 0.0016578102941478161
450334 -0.06199075059667504
449866 -0.005950071060507707
235386 0.008881394242483475
341065 0.039276092791210415
127977 -0.0442386328094816
448138 -0.02500429534028092
234147 0.012855924972116128
006294 -0.07330861055995681
340435 0.09799827330797964
342616 0.007185497467559963
449500 -0.02877112899610077
127341 -0.02903672753187714
449845 -0.04177375346566169
234192 -0.053162111300464214
448141 -0.02165874865348664
233049 -0.038924649187585154
235356 0.021368499013803756
340819 -0.043041653411259116
127893 -0.05862641853816581
128607 -0.04288963652988177
129291 0.01597286136550796
234168 -0.09612602934079706
450388 -0.06364625289764068
128187 0.01177644412344047
235098 0.12012247792557362
234618 -0.14118029491887465
233313 0.002519805409648083
450547 -0.044033276521984806
234279 0.048986197659685184
234150 0.007215055989444629
234420 0.018673985775784406
235401 -0.006840019375025181
006219 -0.09935166747481736
448561 -0.013438401049048478
232986 -0.027027252101013463
235407 -0.010399104771989116
234909 -0.07666999764210611
448006 -0.06262740856816408
448699 -0.014212419281829253
234372 0.08927272521588843
235041 0.10970027214275196
341362 0.012221104970371323
233799 0.06096218216986883
340888 0.018106743269683638
128265 0.0312261140806064
342658 -0.07462085604067695
449170 -0.07143546761496272
233037 -0.05897265747696364
340204 -0.10038940725365054
340240 -0.09868090713777838
234774 0.004811946016795211
233070 -0.02147269430788649
342124 0.0038393426110927974
232947 0.03177794330075485
449212 -0.12413757351971176
007695 0.04293401529974672
341062 0.03995500458470964
342079 -0.008471073558659569
342385 0.0011787680464559647
449206 -0.10824160958513801
006225 -0.06594400065285819
448219 -0.06181887196669589
128919 0.039337740473703676
128115 0.014208549984188037
007659 0.07196837252343607
007998 -0.10308158362396053
449146 -0.026598283222743442
450412 -0.060473095951723184
340879 0.01882803505878825
007545 0.1168097744810671
448612 0.010300879884238771
341140 0.03760693909892117
006429 0.002665904358791507
342373 -0.0059229683901663235
128799 -0.09509000962102379
007971 -0.05428195065510857
449800 -0.08496533867196257
341707 0.008911263083777382
341263 0.009751040828436907
450313 -0.055080978701701415
127749 -0.01386778084034127
128535 -0.06076470137515785
448894 -0.013212699827885723
450328 -0.06432066196163908
234990 0.01797579468159114
341119 0.0370567859031981
340858 0.0033034777799997987
341206 0.020053735502815424
449416 -0.0021471555921293425
234099 -0.03838231624701085
008292 -0.019384628649495073
448120 -0.055283043380164265
234762 0.011024751324752162
232962 -0.00851622680538817
341740 0.009628565070248908
450409 -0.06071325101470015
450343 -0.05395940241798302
448099 -0.08134362693258541
340840 -0.019219655520004996
448357 -0.07809248407703043
448993 -0.06694032739153295
006906 -0.02757318385264345
006276 0.018866623472229543
449920 -0.01687616526117118
127104 -0.08477574122826077
232821 -0.10675121661401785
340231 -0.11594563353926322
129129 0.05932998152636978
449398 -0.05587851762587
449308 0.09650656451579799
234546 -0.07778387453227889
450103 -0.006455012196850272
129672 -0.06680436366104839
129696 0.046630683352467776
232869 0.03673637341343396
232938 0.04417929544846435
127251 -0.08820652157143781
129708 0.07424994014934688
127089 -0.08767235378199062
128136 0.025349556400318343
449356 0.06503353357795438
450496 -0.040594425800410276
007668 0.012225037838287404
449581 0.06760370397922594
342478 -0.07398413571100386
007983 -0.11785063571592734
340621 -0.046002934866705654
449785 -0.043897927658898495
341380 0.03164252579403982
450658 -0.02648724886874818
234729 -0.004524382127219214
341614 -0.011173202403265605
007797 0.040712464929982844
342784 -0.06033178738185337
234387 0.0766459248436978
342448 -0.09403171190957445
450481 -0.04349298216958279
340714 0.01256473450781189
234972 0.03730130310120697
128052 0.06051448404955931
235326 0.0367055426495566
006132 -0.09926355597463087
234624 -0.11376773789148145
448042 -0.03839523901467168
234954 -0.039818376477001705
232791 -0.07387764468549442
448888 -0.006279512882099545
128301 0.01535543089468858
128724 0.003228522371065934
233928 -0.036868883115481046
450022 -0.03699165034487047
128340 0.03522879717281523
449491 -0.036380900243541334
006933 -0.0954861464323821
233010 -0.06607877234730582
128013 -0.05665573020807304
340507 0.030868409454356552
128118 0.006405618125088976
127980 -0.033924533091155784
128124 0.007198013776223385
233067 -0.01530322635457629
235419 -0.0003013002056578231
449458 -0.03180131066437941
450355 -0.05005961328139343
008289 -0.012983973225035332
449743 -0.06147514153907625
233955 -0.07964482099290877
127833 -0.04969085869475157
006996 -0.09559030680110199
006513 -0.08403042575064675
129465 -0.05287602005633836
341377 0.029744183702556194
342043 -0.00955438163341598
129597 -0.08549112244756896
341797 0.004202384675182584
007011 -0.09304340463198078
341644 -0.0017151651243684115
449725 -0.038199577086535326
232833 -0.10704254466688623
006432 0.05811690474733895
450487 -0.036960767878075
448543 -0.021621292897754846
007692 0.04117986729104373
128238 0.05019592419256417
007953 0.03267813898496789
234747 -0.026847872774623992
342607 -0.004124238047341229
449359 0.06524943942605368
450001 -0.02618985262821285
448582 0.016740224878312525
127965 -0.08860118131216517
128592 0.08218685756440361
448585 0.01641124024065584
449542 0.05846235776820304
235173 -0.08493307403743554
005862 -0.06394851563085864
005799 0.06310587243819799
235119 0.08097491963236138
340666 -0.01871969037718731
128772 -0.027403437805396055
449401 -0.0543573717402092
340906 0.02812646217089718
450685 -0.01031884719466452
341803 -0.0024786917082392267
448156 -0.07456280116832151
232764 -0.08847956479706379
448171 -0.08607182420177376
128016 -0.07121912966329584
449611 0.01865002672388694
007203 -0.10210930974280509
128415 0.0029182902380468704
233121 0.018427834361272405
342445 -0.0917591747536669
128283 0.02056487506571563
342742 -0.09118196196664607
449533 0.041545064987967235
128439 0.025719131664070555
007044 -0.06617432068555783
342055 -0.007294898766198624
007038 -0.057514356218026724
234621 -0.1076829886883168
129315 0.06197954754203005
128967 -0.02513194932129232
007512 0.0922011431601698
007428 0.12475301361280898
233727 0.08988620719266316
341125 0.03172941882703569
449365 0.01611494464818018
340360 0.01217563700601183
008154 0.00417979907764047
448207 -0.07326197791310886
127566 0.040593049670225825
234339 0.10809322105821711
341113 0.0255423005384416
129411 0.09770691584027001
449548 0.07956630181892355
006717 -0.0786766629123622
449404 -0.03407044100916671
127179 -0.07068013314062971
448054 -0.0918240068578851
128694 -0.13235183085425425
340234 -0.11501849685997426
234528 -0.03982756266518245
127860 -0.04233911033112435
006726 -0.08534412381839336
127650 0.10055291952601315
006894 -0.02105151780999016
449017 -0.03387881584601288
342766 -0.09334848844815814
341587 0.0018251721299006093
449470 -0.016108083634870304
450241 -0.047859517518075816
234405 0.04530055659954609
233202 0.01834925536514236
448846 0.028475974934955045
450454 -0.04561575430668545
341911 0.0014021424037108216
127887 -0.06921624102948608
340633 -0.052095025513581875
129525 -0.00447646193576695
006120 -0.09922325693898731
341839 -0.009817520590004016
234264 0.039957635450947826
129132 0.006558070107111846
448984 -0.07765823081450395
340558 0.06777099779115212
450187 -0.03117339140323163
450238 -0.04462246080836966
340198 -0.08836823951783492
450013 -0.03218263322587997
234939 -0.04891793372374399
448168 -0.08762197441645071
127644 0.09524853939850526
449983 -0.03822839260845551
233607 -0.08743042975479032
007956 0.03015286766677468
449020 -0.03263603854422263
129039 -0.13007204873221262
005964 0.028212608580769787
448162 -0.09083017492737694
128424 0.010317871917660136
235152 -0.021234577728642363
233283 0.015539290174922222
450061 -0.01906511641854099
233964 -0.08160158143957603
450592 -0.0421567452832109
340444 0.09899639242330345
342589 0.006740832248144771
006393 0.10983717034446785
128667 -0.10882067323697543
234135 0.041523278935016374
007605 0.02689961953542542
233013 -0.07202924922116927
340933 0.014013343471466926
341800 0.00045952461418544133
341497 -0.011678615875742695
448459 -0.044560891024442814
342100 -0.008458819565693778
449527 0.019351605615592026
340579 -0.02209341628356701
007875 -0.06399726803017317
006849 -0.03496130462947076
342397 -0.006588210913584554
448669 -0.0017199468883356153
007962 0.017136878510243432
005694 0.12630882506090674
127197 -0.08770997677283753
127578 0.05651291825363455
127971 -0.05510515103850779
234999 0.06261436692098812
234582 -0.04057924125923852
449065 -0.006377026608298018
233343 -0.06386503414243697
450277 -0.059678975911061395
341605 0.000730394172721844
007596 0.03478281011410786
342424 -0.09153950555888599
449617 0.014262044655427738
006945 -0.10120761603639836
340693 -0.028786160628911435
007197 -0.1108452660696847
448876 0.01762886647589127
128511 -0.09508311269993601
007839 0.01647278166126411
232971 -0.010972475564038313
005697 0.11922311782836914
449569 0.09477337729023326
340810 -0.03607525616656865
342694 -0.02424814330580747
128274 0.020855386198230342
449536 0.04936826655095891
127641 0.09202921507176588
127608 0.043829366758457604
340843 -0.014923786796456624
128151 0.02719765427819698
233667 -0.09397384098597936
128706 -0.0031807625964606467
450619 -0.03710509954679126
342013 -0.00961237679851842
449488 -0.05640506693659832
448252 -0.00589030020488522
127761 -0.068102450846995
340255 -0.10812576233394562
342733 -0.09499064785962322
006396 0.10511241072700138
448879 0.013816114775075397
342094 -0.007742100601377107
448090 -0.09879133446118575
127185 -0.08817420524404301
129435 0.12885725639516485
006435 0.043140621813746116
341722 0.007643916413885694
449881 -0.0213982742441903
127272 -0.038508825809768735
233670 -0.06456775297653648
007497 0.0821234618718014
233331 -0.0013399198941187868
233403 -0.050912758472491146
129336 0.062344189248754484
235212 -0.04997213015626201
234660 0.057948836416163774
006012 nan
340402 -0.1129226952874509
234204 -0.02823260423564722
449104 -0.019359462114488805
007884 -0.04988313927344622
340855 0.0036700202001954405
448675 -0.004768481956769924
006309 -0.06068387109562498
449626 -0.011858109318094856
006237 -0.08299275497337442
007533 0.11598724286620164
127026 -0.07940552056679548
234351 0.10993585228412317
127425 0.1393732545237062
449968 -0.030252177013116683
234813 -0.0519325152421609
232974 -0.006044475444967802
127494 0.05473621066074943
232809 -0.08570338332668387
006852 -0.027662439204397656
128253 0.03353197997197912
341473 0.0114968739786852
235002 0.04402235466834628
341281 -0.0027612549006267523
234210 -0.027305238954131568
234435 0.032744669841032
233079 -0.023291738358521042
235200 -0.06524968689711635
234891 -0.014235122976294196
341077 0.03501303741715851
448318 -0.051159835066922066
450019 -0.03660018572371202
342580 -0.0018962909558739608
005706 0.03547575815853049
128976 -0.06602948458259852
449947 -0.017519184602388094
450169 -0.018548498380675692
449695 -0.013758747116547955
233214 0.034581912541894334
341212 0.01624921876022674
450427 -0.05812574136465967
233265 0.02284784539142954
449683 -0.009336670529163404
340708 0.018674615958724355
007686 0.06655789760337923
006888 -0.010792360211883904
341242 0.017345306978969972
128670 -0.11163668986196061
006138 -0.09906987700602905
341179 0.018842829606940243
234597 -0.022596289946949434
127713 0.0398529636806234
234687 0.08618997332178543
448795 -0.03869832077769595
340225 -0.10997128670830825
449137 -0.024397506972672817
127134 -0.07596173330589577
007569 0.08670642853729309
450559 -0.04489949681244313
006921 -0.06972637347852333
449197 -0.10991665604826693
234735 -0.02227318409519478
234297 0.09283850751075737
341626 -0.009779637410804384
233364 -0.08647279166670703
340300 -0.11346382177859729
234390 0.07238654420361902
342598 0.010969481020992782
448027 -0.03140517848675313
234741 -0.025333988657954547
340567 0.027682521526455124
128736 -0.008436794823044215
007461 0.0815492679796335
340918 0.011127791092443884
449551 0.08294937967852711
128727 -0.0032309499484248307
128244 0.04669843263907227
007821 0.07945821413061295
448255 -0.000685280827676834
128286 0.01917147492917813
007923 0.06610902847250859
007965 -0.0021123830243122916
450595 -0.0414205812115773
233886 0.042852426169019096
449335 0.02166265021713953
128658 -0.09286370607885983
128388 0.0003789273186248092
340480 -0.0023919136627860724
234444 0.04279431007790131
450100 -0.004096778935728295
450622 -0.039366607104573306
127119 -0.07929795409286114
127704 0.05607360560651587
341785 0.003262240990032061
129537 -0.014698556565768857
234207 -0.03930353092498519
449710 -0.005871754833668487
006471 -0.11867763515511427
232941 0.04289129915046486
128142 0.026345059608780617
128169 0.0348722580641915
340852 0.001814710793917926
128730 -0.00323626627790381
340585 -0.027998502225130287
128250 0.04756691046128364
234174 -0.0939118926932498
005736 -0.07507215791558743
233973 -0.08950528982066992
233187 -0.009756133213944175
007491 0.08853971509054732
128214 0.03506641969460756
127800 -0.022562415713227587
340192 -0.09099307810544474
449833 -0.06412816843410739
127191 -0.09658426136956029
449674 0.004241363834088187
127842 -0.03716628151650755
235308 0.07356816336744829
233127 0.018880231872065563
342034 -0.010123705982870244
341194 0.019627579022360907
129498 -0.12356981238630445
450436 -0.056563993559789826
127635 0.0857255535536177
128634 -0.07528528769810994
129564 -0.02727886330236065
006357 0.03523750463160377
233250 0.0279725427845287
342118 -0.002411524895881539
006477 0.14949310335338625
450601 -0.039716823350293556
234189 -0.09163346500562757
448177 -0.08350269963332013
342019 -0.012118103109462559
005871 -0.10377685926113908
232863 -0.01151838371292554
450625 -0.041434309179662364
449788 -0.05652845840628141
341266 0.01609400731878464
448963 -0.07821230600541339
341035 0.051428307799124696
128598 0.08922626021505835
007734 0.04902630411076399
340813 -0.038603606926373386
341593 0.004909761375342747
127665 0.0975307640547804
449545 0.06465757034647607
129627 -0.03112173779106838
129270 -0.04241146594868711
341146 0.04122206164151121
448735 -0.013926934081427969
232857 -0.07117987619713803
341701 0.010600299474677898
129714 0.062312499064813516
234276 0.044969977474717246
448774 -0.01691111556637051
005868 -0.10529317686292859
128241 0.046434659289547556
127068 -0.04978497966046476
450448 -0.047742530394323135
448873 0.02398295466651782
449917 -0.015576640902459466
233943 -0.0835173078079778
006114 -0.09964036000536931
342871 0.032088275512170375
449389 -0.0671068458752118
449062 -0.007408398251096762
449668 0.004244663035076328
129540 -0.003258463893663498
128247 0.056652216565519976
127995 -0.014112573995692454
007092 -0.1051511847095572
233259 0.02223673034387678
127113 -0.054261867388144765
449557 0.10795912628570681
342181 0.015219538158617792
340363 -0.010505795428265545
448123 -0.037388659418829524
341137 0.03649225482141225
449662 0.019958157275951995
234312 0.013286398404582879
232836 -0.07966056878440693
234978 0.040782699494134815
234303 0.07875269356611983
127617 0.04510064769807935
234417 0.015844840447722504
341479 0.010660154651537539
127659 0.10614669472491889
449083 -0.027808555784697275
128022 -0.0817485737856434
450163 -0.019136350448739348
129642 -0.027195126485831656
448435 -0.0017537910127479218
450139 -0.012135478297884033
341278 -0.008664890358257274
448381 -0.08012434081884459
341050 0.040504291374101956
235116 0.08907446167278739
342892 0.05041183180031623
006213 -0.09898024472134817
128556 0.011308863102763446
449794 -0.0650769031626615
128433 0.01208795681698474
128079 0.06453109093417332
128547 -0.025938064727576586
341668 -0.010678226621932565
342925 0.07748837255028668
129162 0.05698758079892114
449056 0.00744093392183092
449602 0.03309267073011709
127401 0.05819067832023378
007578 0.07989372065184115
234327 -0.014244994707290378
342856 0.03577617845842859
448948 -0.07669815056863825
340477 -0.03083879976214465
007386 -0.1004971471024957
450067 -0.016852884437601176
128643 -0.08001267342340378
449935 -0.01555431007022527
341464 0.009094967043853059
128223 0.04399077124798509
234984 -0.04023839415771874
005895 -0.09594743970840697
342061 -0.005896133447712523
234087 -0.05515708620586093
007632 0.06369947302154104
341431 0.01584375319240869
007536 0.11992258575809744
341566 -0.0003335468456323145
128814 -0.06042607871613296
232824 -0.10020545963717344
233205 0.026916390869991483
448783 0.0006761326281821773
233931 -0.06153578319692033
449680 -0.0068458093651904105
129567 -0.05114028765713852
449038 -0.008554209630543598
341149 0.03999964310295754
234921 -0.05577200480405493
235323 0.045587982298160086
232980 -0.021234571801526634
342736 -0.08916760694515935
342490 -0.08431932324875391
448033 -0.028642672277549342
233085 -0.0037433156215053464
006492 0.09730516969147734
234315 -0.007467461305749862
342862 0.027790734400791106
234309 0.041747609013328905
128805 -0.0909089246803442
341353 0.008414955238847364
128463 0.01884741312283221
232896 -0.09262714958380139
448744 -0.021706171639213623
007137 0.11383554973299541
342052 -0.005069331711169303
448900 -0.020296097012636745
448687 -0.007605889445995525
129276 -0.04130856344659213
128793 -0.09575446405149601
006450 0.005742240964855011
341578 0.004098595523347131
341941 0.0015652393369369854
127623 0.04438901466963397
450694 -0.03345993729909357
006099 -0.10020212205113445
449440 0.006649663436980472
127260 -0.06644941449191626
235392 0.005175256379867141
007881 -0.05316124065332094
448564 -0.009676324788253693
341683 -0.0010802485633676928
234717 0.04928920833274008
448996 -0.06593081448091366
450589 -0.04473203813518095
008160 -0.13713125322756045
449443 0.011129264681754972
233706 -0.03409298502789184
235344 0.020090578595430852
448051 -0.08353411801407247
235095 0.12421511112754448
006780 0.07547210057576499
235350 0.02902209966345216
234825 -0.05013779327268462
232749 -0.108780037696492
341830 -0.007491646422078124
340258 -0.11576363256594802
233361 -0.09298249975329108
127758 -0.056625953856304916
450295 -0.053995525560792366
450661 -0.022953620996393417
007770 0.013065131216338186
341416 0.030750608614321714
129348 -0.004849540649112095
128532 -0.06527439363402822
232920 -0.057041901629042296
342130 0.004539753306200746
450136 -0.015720287534858293
005793 0.06909017556558841
128448 0.02331780117748835
448957 -0.0802693588868221
128775 -0.027366878759416603
235377 0.01867960245922358
448891 -0.009406525819640393
342202 -0.0017585800314176404
233025 -0.06231095842209926
449149 -0.01893325269523765
342175 0.012702789665817915
232902 -0.10428389657948933
127560 0.03203608937775021
233496 -0.11651070912679036
340369 -0.027731769727339525
005625 -0.10262908982124376
127914 -0.05913644000966714
235275 0.014762244425413807
232755 -0.11163583374212659
007083 -0.10833306894415902
233766 0.09209668419068172
341287 -0.0051216506824991
127128 -0.07325682404731948
007890 0.014939398955708094
232866 0.002307786093817815
127728 0.06223759031769968
234894 -0.010738180414535007
450520 -0.042967573633890546
340345 0.0514679878622621
128664 -0.10750600498040963
340534 0.09075257691768658
127092 -0.07883489344915487
232917 -0.0645411201192691
006366 0.04892986625820011
127872 -0.0610010317710005
128040 0.031184463725352444
006339 0.007338638424961068
127701 0.06038900389258807
340501 0.012933501582031097
342142 0.0036065964884131156
235005 0.009062553520494317
006417 0.026207510299152803
341116 0.03002299562818015
448639 0.006427216762037817
234501 -0.027404448564547164
127785 -0.038787444066855054
234690 0.08328729008057043
128100 0.045545362154241466
128025 -0.07805570054937293
340561 0.04567978366723386
008184 nan
005679 0.13490816437717762
448591 0.019072079442373914
006345 0.008664370748531327
341662 -0.010020643755146283
449431 0.0034231273630579086
340573 -0.012890110077518595
129321 0.044092359155994666
448366 -0.07036539779194068
449479 -0.049398734553679415
128811 -0.0840627170637793
341848 0.003936575019564716
340594 -0.038827032066242585
341968 -0.005289333755577794
129606 -0.025160964772177812
448009 -0.06280895248139078
341719 0.007933661427473274
234936 -0.06045625611045594
448537 -0.024588725812103758
342688 -0.03889182521433982
448762 -0.02584131459345643
449428 0.002713015831962905
450526 -0.04380729897585392
448372 -0.06934181388557803
127032 -0.05488161989242311
235101 0.1151521064160837
234273 0.04104302949275986
006867 -0.006175491587940235
127599 0.03647622157773146
127632 0.07511926656947925
128790 -0.09387955599858946
235380 0.017930274252187916
341560 -0.007600707432954075
448345 -0.052286849203224975
128682 -0.13583972121635554
234162 -0.09005920701556734
233406 -0.06856625518184147
006912 -0.05515158148928456
235161 -0.029347391485414022
235176 -0.08392838960463127
128853 0.12389813027885951
450016 -0.03533680634167478
450475 -0.04739728441782703
005907 -0.07896263783733724
005814 0.019049242216646448
234726 0.009571059679484835
129366 0.15339050028059217
006372 0.05135070571418252
450211 -0.04999680795811199
341905 0.0025185089388958908
342049 -0.007193689205774204
340351 0.03422780396838518
233208 0.03155169712747319
450247 -0.051044708928272696
235164 -0.03822463860792031
005763 0.02918159110205514
341527 0.0049935358968258734
235257 -0.04704665534194701
449035 -0.005767380645770137
006321 -0.0068785438686408806
128826 0.02388706870545122
233895 0.032976703430038126
450193 -0.04267779308668371
449191 -0.09139358798567257
128379 -0.004431299921585797
341302 -0.00612374984958411
342007 -0.01129115879683591
235389 0.004116581193559718
340447 0.08741751919768265
449659 0.023136163363831563
007737 0.04744606542180312
340303 -0.10945861898953951
340288 -0.11925241277513535
007932 0.06363753552831763
234675 0.051900443345605334
128325 0.025696928652239517
340537 0.10703495166517786
450226 -0.043021110604809405
005586 -0.03015133385237952
340927 0.004318184217804
450643 -0.022429503177296726
342673 -0.06523051320388375
448201 -0.059578893652062544
007905 0.05120857496619661
006858 -0.06558254664094368
127764 -0.061704987508379265
449638 -0.017548764330663224
007851 -0.018271893433967346
005877 -0.10315840857721598
128529 -0.06219529413582247
006330 0.0007037765080041856
450370 -0.044010903987207674
342067 -0.007164853238163365
342574 -0.0038036547806312338
232776 -0.09043489628490824
128031 -0.028454948032376054
007902 0.04794968440776017
449632 -0.022561682066481414
128088 0.054465466899687946
448600 0.013672504832726114
340894 0.02048206283596524
341857 0.006260089138362429
448069 -0.09812645950476144
006174 -0.09822296152812054
235413 -0.011145755136743004
128208 0.026593746827067444
128760 -0.007092452544267604
450220 -0.04893935418686373
448630 0.004229672307522939
449128 -0.027174215354791077
341452 0.004508995049591043
005922 -0.0502996833311441
008007 -0.10099241264078147
448822 -0.0744613300292213
007914 0.0612849092038539
233106 0.023926627444454944
342208 -0.011432977798069068
450142 -0.014688736457791365
450064 -0.017182794937665193
128316 0.014370102922190315
342634 0.008042178445923982
449155 -0.01017265275122723
233367 -0.09139541314226392
006792 0.0531004373358671
448036 -0.03110335720403501
128355 0.01209662635941523
006984 -0.013675287447340501
129420 0.11463455126042583
341017 0.05016587418451806
341131 0.0376623230431593
450337 -0.05793753723765938
128796 -0.09844388080244304
448720 -0.004249452241555682
235053 0.13246279572857
448306 -0.053201388698870054
006069 0.040659494060893274
341047 0.043566966100673774
128601 0.0715198374518532
448645 0.010505627495901922
449761 -0.048746115662593514
235227 -0.018270339451295806
341752 0.007351343912526596
006285 -0.0393634808791341
128319 0.012490098989357858
450538 -0.04657573953873674
448978 -0.07123475732372805
006183 -0.09860458536212947
234696 0.08920114923669338
233946 -0.08598933907018767
450124 -0.016179507746222094
449584 0.06511906233454878
450283 -0.05842348153158803
340342 0.05466076737277071
448927 -0.0597958344286313
448684 -0.005486369687740182
006282 -0.007095718769932111
128709 0.004195506252581752
341296 0.0006457574561248702
341974 -0.016039735932825785
005865 -0.10285985405519685
448072 -0.09835651108431603
448798 -0.04847509321677465
007116 -0.10826551346551805
448198 -0.06365400970149107
234255 0.010445465015196454
128268 0.025937608542531285
342889 0.0534395868518087
007275 0.1506736519027843
342838 0.0731383611080141
006135 -0.09827911194383439
007539 0.1156742844574723
342901 0.052864469569850574
341986 -0.0088153999119844
341236 0.012400482612920094
448159 -0.09289441771164793
233370 -0.09555784687631515
129693 0.027395474965257415
448528 -0.02769413413168049
341344 0.0031492446782317492
005859 -0.07871207046331646
128103 0.0385753946563028
235383 0.015563207597212825
448063 -0.09808309434748932
341983 -0.008971000780059609
234282 0.05965053393042841
008265 0.031596068660078566
006315 -0.009677775998792978
234270 0.039541786073860594
448771 -0.022182437616162873
341788 0.001662357829847377
129702 0.07455628752037007
342898 0.05463333269986625
341248 0.014483088265131689
342136 0.0019472943884985736
341530 0.003699513417039353
128181 0.011391975798082949
235215 -0.04322062410849298
449875 -0.01737472549326015
449176 -0.07583941341136993
450424 -0.05834593153678464
127797 -0.022133393878273795
450445 -0.04876696871500837
128679 -0.1305920186243321
448609 0.007976387859021541
006882 0.02336507230784555
342091 -0.007328745467394717
341914 0.0011669141570036631
128307 0.011520112999507899
450574 -0.048814942339807134
340654 -0.027947327732216018
341923 0.005025172348789123
234930 -0.039161894054461875
006708 -0.13486299150472117
448816 -0.08120225789808158
232959 0.000714420239411596
235290 0.07057164319687419
448558 -0.017952333466567022
449467 -0.02749992055882384
129255 0.058327422623156586
449131 -0.029290699502950445
007644 0.07983087939926332
342085 -0.009626315067267549
340606 -0.03624577507722363
233100 0.01409449469137412
128106 0.030750453798294865
341428 0.021798292403158774
449089 -0.020081761629510912
128361 0.00040251310520327704
450244 -0.04823898883100348
450319 -0.05659669621924992
128691 -0.1482961587605185
342832 0.06759195070244103
129309 0.038972386494026436
233397 -0.08942755585985478
449077 -0.02263171249639292
233178 -0.01702139171561935
005823 0.000656134585374755
008286 -0.003899615811360886
341902 0.00313497631683003
129669 -0.060104145179385865
342010 -0.012972733959434657
234492 -0.029806200034236383
006651 -0.01700908880751376
450112 -0.018015039736160445
341779 0.004874080847270725
448468 0.005597405779063464
233031 -0.0547474581106381
127911 -0.06388958804755449
342859 0.025702025131966306
448693 -0.011534082107289184
449464 -0.0401147029861871
007794 0.042034279365769554
449764 -0.05625653802096434
128697 -0.11729102594852288
006588 0.1407231691148546
340882 0.01584476252036016
449071 -0.010332926890769614
448474 0.010820351020045057
127989 -0.00672039529724005
235395 -0.0021642510455985786
341329 -0.004110847773076057
340780 0.006971261445708735
341095 0.039329950890204905
448864 0.020664863618553946
233088 -0.0008214400150064344
234819 -0.0532368060396208
234579 -0.04115399265364402
005574 -0.033919879192353695
341827 -0.004444200975657931
232875 0.07489711966106966
449110 -0.011512260136129389
342907 0.06179343449737515
341674 -0.006189858339053665
342145 0.004617069764641176
450265 -0.0554284468158758
449647 -0.007099267485643095
340504 0.03242888896405196
449650 -0.0012273216313058197
340615 -0.043841477662791915
007053 -0.04738311121157954
450649 -0.022105772580419264
449938 -0.01452071966741225
234537 -0.06081371431141151
128457 0.01923718973053329
005673 nan
450571 -0.0426196329610179
006909 -0.04227678046615672
234678 0.0526516394208846
008259 0.040073308497962964
127746 0.005881767332767501
341227 0.023016578119500895
234711 0.071649159193479
232827 -0.09343853418048784
450331 -0.06499619916069063
127167 -0.029998545301173584
232992 -0.03306192212735088
341020 0.04758402209885525
342559 0.01693028255658814
233220 0.01963532283741206
234732 -0.01798767889328445
007467 0.08851704394577248
127740 0.042697621418811386
448732 -0.006432179740619563
233898 0.0323998082245711
127206 -0.057278681711846725
007830 0.015126961614055842
342028 -0.00922631134723882
449986 -0.04016846914324611
128493 -0.019602700695840924
007131 0.11562438995119126
235236 -0.02686445316093268
127611 0.03587094218645599
340510 0.02940990892687966
234495 -0.027765129037800474
007959 0.02606147433084156
340603 -0.038836780922133725
128175 0.012832846156356652
450451 -0.04639472632083204
449143 -0.029338652846281517
235224 -0.031356855199925635
233169 -0.006795936918286933
233421 -0.07974422653786449
342088 -0.010809056183436276
129621 0.027357120043371028
129591 -0.0922466094409632
007719 0.06500938883866965
449413 -0.003984831851936639
341326 -0.009408294801640543
129495 -0.10856385169148264
233400 -0.08514230719306609
128517 -0.07825857929679482
234345 0.11000688206852155
233289 0.01055603841469236
234474 -0.002881090551323653
450235 -0.0466788441118678
127023 -0.08805345944365096
234507 -0.039422703352354774
128550 -0.027211858887877007
006489 0.11657458012799905
005820 0.005568264432359962
448480 -0.007390391603004706
006468 -0.15776723939953324
007947 0.03124664278111906
450664 -0.029133311706268775
341122 0.03194366539143444
234681 0.07674142915286801
006993 0.10006621545928782
235347 0.01764459156868409
128583 0.0750327900341749
341392 0.03128484793227196
235194 -0.03655283383053598
127923 -0.05544287255977682
233373 -0.09998697788837306
233244 0.030855361896602013
233184 -0.017871363841729864
235131 0.047022854352630726
233130 0.01570541358215925
006942 -0.09886416820105937
450076 -0.01517237935747419
234357 0.10565286557449018
340645 -0.03594825516011761
129333 0.06645061833288533
006522 -0.09754332292086934
234531 -0.04876054490770067
007761 0.02030099709592168
449509 0.004300495654537277
341350 0.00919032717676542
006696 -0.10461001366026894
447994 -0.06537072471012241
450511 -0.042784536091397304
449851 -0.020469783934240055
232788 -0.07247662112420919
448288 -0.04219429790173947
235179 -0.06056438162399399
233286 0.011147981903641172
127755 -0.03645428431974281
128199 0.02982646436416408
449965 -0.02847717588408362
448003 -0.07534280294319722
448327 -0.045730463571769187
008004 -0.10184013227561321
448267 -0.027878381099438364
341233 0.025070369204612836
005901 -0.10008906831546707
233631 -0.046584640360948615
340624 -0.061470955451543276
235209 -0.051542405887331964
341875 0.0035339365882418243
007698 0.04119937074841126
129588 -0.09340982792012595
006960 -0.11250194616598877
128652 -0.09648050836410095
005595 0.06705119622447504
007827 0.03567291740651235
129636 -0.03543558196415977
007443 0.10752656397301608
234573 -0.044334369280532006
006342 0.002556206268297328
006198 -0.09874564771002191
234912 -0.07852559846443699
342160 0.007454114148980935
450565 -0.04693191064263878
449716 -0.022658919122431245
006033 -0.09482336455995256
448444 0.0038827885526397923
235260 -0.03547979752369665
007806 0.06421533915114844
340486 -0.011386873358941138
128190 0.010581489458335201
450178 -0.020790708269721167
449593 0.044577079345401
448204 -0.07228739513590024
128646 -0.07785453691587343
128163 0.03230330590521445
449158 -0.026120037184559745
129318 0.060804035045482506
341944 -0.0021365460062666734
006189 -0.09842957599096691
006381 0.07730171910038701
340741 -0.006902001690108159
235092 0.119491625175639
342712 -0.03923336755963562
006795 0.04763841926375755
007707 0.08014076955762361
127614 0.04102901574378308
006774 0.02796841457517004
342823 0.04556423801690716
007941 0.06343343796045704
447988 -0.06937165421303047
007266 0.0735755346307707
235026 0.04222852151199238
127065 -0.0499619760399773
341599 0.0011005001961404443
450523 -0.044504789970681656
341821 0.00436012204156775
006939 -0.09707316436937877
232845 -0.09261159878775735
449977 -0.03484304674257461
128604 0.06811180962871329
234810 -0.04942301289194521
007887 -0.015198412566384744
007677 0.02452268583512811
232944 0.07268506106339213
127863 -0.06184425227352982
233040 -0.05052364714536983
235044 0.11431997272400102
448621 0.004675268813668961
341491 -0.0069832823668097045
128370 -0.004033776446316839
128160 0.02811922799751765
340639 -0.031228760797856983
341368 0.01742332113016489
006150 -0.09782944406781878
006090 -0.09742059409802684
235056 0.13158349242785009
448075 -0.09831075250280132
341410 0.031495182607795595
127389 0.05750170372699028
449014 -0.038663747999769446
128769 -0.03422202140368024
448999 -0.06352938197214306
340588 -0.033430258579694616
128133 0.01842028258088368
005721 -0.09965095504480845
342829 0.05911324313597408
127437 nan
448627 0.0015337422884330524
129306 0.03857451426044913
006444 0.029723907968040815
450640 -0.02339863951356902
341182 0.017081584824132693
235140 0.0044394354799609115
449923 -0.019335015304501383
235020 -0.002029218673827611
341980 -0.015502432917218817
342148 0.003547780091105942
449836 -0.05466416699173486
448696 -0.012768867992866514
448060 -0.09850648907360296
448510 -0.014287711101656421
449203 -0.1080422354292908
234447 0.05947336414649228
342619 0.0004663476051499614
234945 -0.12599840393558198
129468 -0.06121052978412499
449848 -0.029263199751563763
006387 0.11429265306667831
341089 0.03317124521037123
008235 0.059843637959900005
128742 -0.005792700823021944
449032 -0.027834435780615462
128259 0.030143359383404022
234177 -0.08984176495407528
234699 0.07797570566371355
127485 0.04992265663449726
128193 0.018860871355059476
234219 -0.0020435036391500097
340252 -0.09437554959438925
341323 -0.00885186422289917
449134 -0.03143392728064453
449863 -0.008149286451793858
340405 -0.11022582250392275
232923 -0.05690108459423143
007920 0.06197178777181402
448660 -0.0005455291068036837
006516 -0.09625046373292695
128019 -0.07696742976116508
233115 0.02738618508994237
450652 -0.02074286859965636
234459 0.048019665129413046
340864 0.004767053874924375
127776 -0.046036188540859335
235287 0.06542760641836966
449455 -0.019432178035288735
128262 0.029040503769986906
449494 -0.09688072274619333
341845 -0.0012968281407969228
341482 0.008251369147795623
448903 -0.02445832760075898
340891 0.019497958667488338
235314 0.06387007360202197
234519 -0.03959777631571569
127047 -0.057189216701665796
449995 -0.03339231658290813
233172 -0.012903673865519608
007563 0.1160608110495715
448546 -0.02409250856919519
340441 0.08699805774385967
450046 -0.019471098668271923
235035 0.07496855766973116
127413 0.05102710198041491
127812 -0.03743855673305708
128349 0.024728655501995857
234369 0.0917370039827049
128058 0.0573465072801942
129423 0.11870401461628038
449872 -0.010166683317206618
233154 0.004490598136004438
341851 0.005954729868003675
340903 0.026360071664079252
234222 -0.006688547622948704
234969 0.025819548722593372
340582 -0.025337362784428143
340291 -0.11832277334321685
449755 -0.058292140461384354
234966 0.001727236512763509
450391 -0.06683161215082822
450532 -0.04565649009050149
448249 -0.013801283698423684
007716 0.06904772058263556
129294 0.019294858571331317
007938 0.06212159443079702
235359 0.016482825783210073
340483 0.0007930866380179545
450286 -0.057342481371281964
006327 0.007649321400030743
127536 -0.012044316129592876
128043 0.03777692612568121
127182 -0.08005672552022326
341977 -0.014242902058491203
007662 0.0412958811672907
450190 -0.037922055700358205
128427 0.020997455382351808
235248 -0.03806978101452823
341164 0.021663606522994778
127692 0.07807649110418795
127017 -0.07892012429615808
008196 0.06001787293379416
449515 -0.043131848796182606
006291 -0.07841570923351174
005886 -0.0998183476027622
450430 -0.057879178314553976
450517 -0.042722716112491656
232830 -0.10502235703263438
448174 -0.08391320863098065
127152 -0.03168798323370453
129297 0.02789277918854651
448831 -0.021870225167074122
235170 -0.06638488321257467
450598 -0.0414325597343601
233136 0.009149043081121735
232956 -0.008491164199514957
127596 0.02978472557212852
233982 -0.08829064279431653
235122 0.08321109430215631
232812 -0.08996678990675877
234603 -0.03569365493834965
006861 -0.03370377386759029
007704 0.0745775220649583
232752 -0.10998545803945489
234381 0.08376179992514547
006303 -0.06160818029619742
127668 0.1002521527319038
234489 -0.026680567977475183
341167 0.02122755332371192
449746 -0.0626618534763904
234195 -0.04989609466553575
235251 -0.02951735294811309
449314 0.06204724717886854
340273 -0.11423018351601885
007863 -0.06380785229921357
233238 0.018120823775484882
340885 0.01859259707991061
340612 -0.040169139350189315
128538 -0.05462007750931176
448867 0.022322392766026485
341893 -0.002781175260851628
450535 -0.04122353265291565
127170 -0.03118925488702474
005733 -0.0803756047931013
234240 -0.027540431852857056
129561 -0.009274847802684241
449941 -0.014526179421275005
234429 0.027179995228901317
006519 -0.0847504444265994
127869 -0.06411197759101309
448741 -0.01855982587436637
007680 0.04534667616437195
450166 -0.01917531463670766
448912 -0.03524872675299396
128346 0.030329645132289328
234591 -0.02588398976520146
448966 -0.07969629301521736
234261 0.028951716064987563
127221 0.00883927196041129
341518 0.003038628950053516
232884 0.017048918785257716
129453 -0.038444024362793275
233124 0.021842795029579243
448945 -0.07781402040647079
006834 0.014240252120154239
129600 -0.06625059726827538
232773 -0.09517511674361087
234645 0.024318236817595783
341575 0.00500220670158577
006072 0.018791953171263177
450556 -0.04544831946727273
342106 -0.008534839285715086
341170 0.019763790566084745
234321 -0.047093663063490235
341641 -0.003382461832070867
234267 0.03899202431002269
127449 nan
233076 -0.02427390024131394
128637 -0.06611038407262024
128085 0.05283321905019551
007674 0.007214042799305429
007635 0.06764471061608522
007785 0.03460938262864698
127683 0.08406159752064694
342880 0.04051637837525319
341389 0.03329478462247658
341572 0.004450994542434466
005904 -0.09791643219185354
233226 0.019519310575849085
235047 0.12418050942495422
129000 -0.08592818768950805
234348 0.10896190579395867
234333 0.10802203994118639
340471 -0.043569261312561974
127731 0.06891659640541893
127095 -0.08712448046689128
341398 0.029453851193795937
342715 -0.06419023066236262
128061 0.07903317436148828
234567 -0.0445512918651467
449362 0.0493266389239683
129330 0.06346997863219443
128010 -0.06779658747566171
007689 0.055027347363244064
341224 0.029303948878396265
342895 0.050641397636695555
448471 0.010686056308473958
234996 0.07321895311784958
340219 -0.10825857907382891
450439 -0.05555302629204415
129141 -0.12690362476167225
341068 0.03634622228947758
341617 -0.010160420625835343
232854 -0.08297221635455009
449950 -0.01593012797303163
006222 -0.09958943911735212
234642 0.009314939748052812
340276 -0.09643774303401974
127386 0.043776049004840924
233889 0.03939236114061171
233376 -0.09916306467720003
007929 0.06717824424504723
128586 0.07216801152758039
234588 -0.020556750566166137
342910 0.06187789263971332
233925 -0.00090983182850153
450364 -0.04737171479159303
341869 0.0025653381953653982
234465 0.02541332322174998
233916 0.024438149583688385
007056 -0.08594071953779175
340210 -0.09589623254442972
006096 -0.10031505999538268
234960 -0.01184096042550574
235125 0.058787810347665156
128352 0.013891755820359543
450385 -0.058241813804583736
006363 0.05114246264476764
448807 -0.06974383612404401
342703 -0.020876860186085946
342403 -0.03190377203749369
342391 0.0059822080247437775
341059 0.038036941148008936
234486 -0.016147496490017583
007728 0.04842885157196017
128028 -0.049334520372329146
233625 -0.015035995460331485
006306 -0.06567751539368477
450679 -0.008720135872702523
235107 0.11161200289895924
127269 -0.052623526241773924
342058 -0.008022089614382095
007935 0.06773977199595979
127737 0.0517199229757892
234384 0.08181896746527607
233979 -0.08946298355804433
006771 -0.007659243470834615
235068 0.10876641808629067
450400 -0.06875724217543364
233787 0.06663350865286606
342877 0.04126621457101079
128295 0.014937261591076207
006075 0.007238731492494802
233055 -0.004947511349433805
128403 0.018414258617635206
341935 0.004170197582232217
129501 -0.11634693920044671
449728 -0.043619141739586274
342133 0.0023831858836784584
127194 -0.09328713164454461
129177 -0.07579864436536689
233901 0.03237571350970847
234516 -0.03589376431924326
450421 -0.05908800312619823
450550 -0.04302763511087186
341764 -0.00031104513423214144
235071 0.10053189858804495
235353 0.03155429492767283
005568 -0.11729854099334235
341173 0.015832643192433646
006948 -0.10400158164182217
234975 0.05280791738817856
341557 -0.00976354746457395
449095 -0.015231074496878244
450292 -0.05585825567591711
127029 -0.06942557492371172
448759 -0.02676326309754033
127677 0.09488964121177715
007617 0.041229872587155235
448354 -0.0710857924321288
006177 -0.09963727094689194
340309 -0.06500474874441091
448909 -0.03041828996821047
449779 -0.03772873451429562
235422 0.000994178066464672
127059 -0.05183755986926352
234549 -0.0861367228764986
005700 0.10343114036431268
233940 -0.08004562947206002
450529 -0.040844191058201536
449437 0.002627360808629972
235032 0.06759753763018062
449572 0.08978545327380093
233952 -0.0769407905959218
450091 -0.013337403661871954
234693 0.08258468971672202
448045 -0.04652924866864112
449386 -0.0604917217603818
007824 0.05190378320985926
449677 -0.00019644010662630312
448048 -0.06595071711216521
128514 -0.09460319188268991
341347 0.0070770935179092845
007833 0.0015316781356664985
128442 0.01992100687097805
234702 0.07337044071935991
450607 -0.04374630909983368
234249 -0.020885085587436118
340549 0.09333730525397306
129063 0.014119446395881592
449956 -0.022774221124202656
341689 0.003272235039054249
449839 -0.04545907702303282
342538 0.057672426183387714
128406 0.022073725522176055
005583 -0.09208599657551376
341929 0.0044130552600799245
448765 -0.02061716230142684
233181 -0.016887449068137276
449734 -0.05459810128505674
342808 0.004066637258260549
448339 -0.0419012636741405
340366 -0.013727262968533549
127794 -0.02283854201525478
234852 0.023824826592490782
128871 0.082228638733815
449449 0.003841023261200692
006048 0.13311163943911355
128082 0.05858586810985844
006288 -0.06950780522710132
448714 -0.018391059630254697
342046 -0.00739443024977464
448348 -0.06214779161881985
007098 -0.09912730893518172
341989 -0.008951395203746168
340306 -0.10710623754758528
340450 0.08771010347792735
232989 -0.028248413820992045
233271 0.020855214741200896
449281 0.06860710643316344
006360 0.04029414434447348
127038 -0.05981945594578628
128391 -2.4042664197601285e-05
007122 nan
450466 -0.0443133051103813
233061 -0.00711973015038356
007509 0.08635158732125918
448792 -0.019497612961042667
448024 -0.03276890875282793
449029 -0.026789651647037883
127710 0.04545491418805539
232848 -0.09791162305788735
342646 -0.028364480644618377
128520 -0.07814845567237949
341671 -0.008551552149029435
007260 -0.1064064706618106
129426 0.12568508999215233
006705 -0.1256987802149665
233646 -0.08904974801199778
342667 -0.07294803664797829
449005 -0.058821920686754514
448750 -0.020977527963613293
234708 0.07759756568801807
341824 0.0006589460175449118
342115 -0.004694736373594457
341188 0.020450709289443893
450031 -0.02730110885229295
127647 0.09303298211902859
233328 0.010140290625938929
235128 0.05837043008746017
007758 0.02226543547846282
448000 -0.07741534180567311
341218 0.01965228602892221
129237 0.1401868808837164
341704 0.00945912408932621
341734 0.0097828459738633
450049 -0.018516937331020594
128139 0.023315164511385458
341371 0.019478155725041347
128421 0.006370843641126958
449524 0.02427274363381522
449233 -0.01055141272826972
449623 0.0060548997024091845
450070 -0.015076066291611569
234798 -0.030410623446793964
232797 -0.07281937398803316
007080 -0.10367980866205125
449992 -0.03649179550986507
006273 0.028718095013863465
232794 -0.07150166144683248
342700 -0.00389379649522465
006351 0.022946996410397717
129285 0.006020317788974074
128091 0.05481062520832473
341638 -0.005769181049009838
234849 0.038092638255621196
341659 -0.006284322557901131
235362 0.026718650933335544
341521 0.0027643413520994616
008238 0.06022049752381447
005691 0.14185324864855964
006498 0.012136184865087279
450298 -0.052933110288199275
008310 -0.028034227303496806
129531 0.00405681636079543
341716 0.008258583540490508
340924 0.005562670945850901
006525 -0.09543588290138852
450232 -0.047266665570275895
128787 -0.08008013851743527
127839 -0.04714231685300409
234606 -0.03156888409157335
234822 -0.051021416629229877
007575 0.0835024471797899
234342 0.10702934554915308
127929 -0.049171147196224646
450025 -0.03669521263989308
341461 0.0055096406111993625
341602 0.00042287303095834905
127053 -0.045585597732237415
449368 -0.013138783638029223
128559 0.03271598194476059
235188 -0.034822856305253065
341041 0.04279937535618979
006699 -0.10620674505389849
450223 -0.04488126477193605
232746 -0.11072309490591155
006936 -0.09348120557308341
341314 -0.011669236186798772
233757 0.08786063913315062
008283 0.0018083856190000505
007263 0.058875576751013084
129684 0.004802915353490863
340642 -0.027380703710030346
448240 -0.03377968490754486
129438 0.11342845156784817
340465 -0.005096767288246695
233256 0.02208773746907688
129477 -0.08084687428618363
006126 -0.09778003465561641
128394 0.007635878055750572
342163 0.006010109190942765
232878 0.059623799469105156
341074 0.03862144393672379
340861 0.0015736268720481202
127074 -0.05598565024700694
008253 0.039531497260688886
006873 0.0021507985813101586
233253 0.029731868225851173
128385 -0.004232707844400986
128907 0.086678092345499
341485 0.005656229934133568
128358 0.005603160565724075
129516 -0.025061069421657336
006312 -0.03308395997758242
006486 0.12871959758940196
340750 -0.0214260960563773
448777 -0.0014416240929451473
450562 -0.04465088042201347
448855 0.03365624427550037
007326 0.008636855029784585
233160 -0.006020176010287107
127056 -0.05403764251634705
341953 -0.004478229262757406
008247 0.044097904526117476
128523 -0.06504191316642564
129303 0.029137485382710607
234153 -0.006480480657790584
128157 0.03168404846323209
007845 -0.014288312026717126
127227 0.000794484705256813
448819 -0.07282795298852134
006003 0.060065122634645494
341536 -3.7591712326686256e-05
342199 0.0021481974810246083
006507 -0.06456582431073765
129483 -0.08291088884060385
233679 nan
448951 -0.07708665241421253
450304 -0.05387512578802519
006447 0.016974214296775796
450499 -0.0403319336837899
127902 -0.05900708003109004
008307 -0.0321989643570402
448852 0.03532718914429443
341632 -0.006112643906824256
129066 0.009489786057245167
341896 -0.0025256338897550455
233319 0.010215713901170497
128376 -0.0062681873135742566
341887 -0.0018161984398189148
005730 -0.10584479607875992
006279 0.010956520546793254
127767 -0.0631880947553826
342625 0.012953313306001654
341308 -0.013148763905682323
341746 0.012722397247357018
340597 -0.038894851206960825
128409 0.027110542399890608
341239 0.020077644672099892
234600 -0.025419963478952725
007074 -0.10455880050597077
007059 -0.07668688973061351
127131 -0.07029571496381723
448228 -0.0504570686463408
449329 0.017049505470075128
007989 -0.03621626045412265
235371 0.02214769317506889
449575 0.08270886085645247
128304 0.012317241031556736
341404 0.029270038449892483
450151 -0.016537424075793086
448711 -0.012444475113983914
006192 -0.09820326201769769
449506 -0.027713665624715448
450040 -0.01870250105918664
234636 -0.022899527601103666
234927 -0.03556577193553494
234786 -0.07553906719557713
127878 -0.06710072081599987
448351 -0.06565857039775372
341950 -0.0028123802656543828
007650 0.08772226932625868
449599 0.03700329130688564
128478 0.004463955638287337
007431 0.1363788099370451
006378 0.02875278937217125
448294 -0.04335591878040416
129603 -0.03600115768694111
007446 0.10051843480535567
232785 -0.07174783697853138
232770 -0.10586838259688551
448870 0.022713520389944536
340399 -0.11538969055296237
128154 0.02972934088321647
341758 0.004780991428707566
127161 -0.03126534655348544
128343 0.03719912796357184
233028 -0.05101484135673505
341833 -0.008217593210828019
006165 -0.0991097797258724
342400 -0.014896913309599337
234285 0.070771030736881
128298 0.01907569985499951
341023 0.05130141333353123
448657 -0.001419869978802125
233145 0.0021148666615367065
234375 0.08293857608808905
127674 0.09351384717989314
234513 -0.035607360359421344
127620 0.03706097901796286
128466 0.013184761844038934
449539 0.04687864806859927
233337 -0.038337868392566476
233247 0.03288026902782107
340222 -0.10430186361038059
006654 -0.018899919516375274
450697 -0.04989167458116226
341971 -0.014253257978575925
449770 -0.041056974367661904
449347 0.03903548463681517
129447 -0.040479263443774206
340228 -0.11064145909539723
234363 0.10306234498175082
127983 -0.02315596374460638
448066 -0.09798927072118398
128502 -0.09166683064218534
448933 -0.06255997461909082
340339 0.06622141200324917
233811 0.059102984609285696
128499 -0.054712873816434755
128700 -0.08407067129791863
342070 -0.008668218065305615
342418 -0.08803581074410341
450688 -0.013029655928970867
007653 0.09168337493743882
127695 0.07327546104896293
448231 -0.06214001400251652
006375 0.047419612329147404
449818 -0.1136744588480969
448804 -0.059345078286366086
342577 0.0036303148346187464
342664 -0.07245590774166848
128685 -0.13965759079112128
448270 -0.035184061266754996
449791 -0.06004325157855106
448633 0.00675857721283797
127905 -0.05933749608506873
448594 0.016673765087113983
129666 -0.058623418001813525
449827 -0.09096926897733489
341554 -0.01089295843205388
448462 -0.0333514497676073
128367 -0.002892232319408243
449161 -0.05306334648173507
128661 -0.10167684120365987
007587 0.05923056003520487
448378 -0.08006365823637603
234408 0.03533655261564924
450121 -0.019457960877417635
006510 -0.06895010595689285
008214 0.08912564219621123
234840 -0.035174439523832035
449059 0.002890969718445718
342457 -0.09459885954856873
127077 -0.0632013609254887
340474 -0.0465996941394083
340201 -0.096024770446863
341908 0.0013973365209140258
129513 -0.03896382930868067
234777 -0.00014674640630209625
448987 -0.0698315958061679
128718 0.0197920325301582
340900 0.019545201383844957
233967 -0.09112967680076108
235263 -0.03496399926196815
340531 0.07793759122626683
007911 0.057461470786015614
450514 -0.04346259978174531
341728 0.012290854982840825
449341 0.030676263544020695
234738 -0.02899944674167073
448153 -0.05877822990064462
449887 -0.018481587253550376
006210 -0.0981703744183322
128205 0.02950384093313874
341413 0.03001489524677929
449896 -0.017529084473030417
449905 -0.010934196380777174
128055 0.06404363096190394
005808 0.041181396474998674
450613 -0.039298373575836536
129045 -0.03923102787562779
008028 0.10218236613976442
450637 -0.026433763468217058
127881 -0.05469805732411876
234744 -0.025667505331361556
448447 -0.007151131246407244
449671 4.430624353704055e-05
235416 -0.006640284579217153
232782 -0.08061581308264985
448486 0.02371153583403388
448858 0.03847496922890744
448705 -0.014250585768144136
449932 -0.019072637620831834
233730 0.10661367878961406
448147 -0.018061960128531732
449707 -0.016165504394433435
450082 -0.010640047435521134
233235 0.016365458196889258
450610 -0.037971485025575145
007899 0.0448714482017795
448834 0.003806242867121624
342748 -0.09207161018286893
128121 0.009439319332034546
233292 0.016346510790777757
234075 -0.04997138182322185
341425 0.023808365591929722
006147 -0.09805089272890798
129258 0.02062198438800213
448840 0.02742843206482705
450268 -0.05796450561726786
128145 0.031114024301375633
005802 0.05719133258803168
005892 -0.09928287856211059
234126 0.04347478068228671
449605 0.029929110221169845
449380 -0.06514958114328954
006528 -0.0717871523408032
448885 0.0015616243788818375
233334 -0.01732486751645187
448087 -0.09543079043191577
128766 -0.02900279523862258
341053 0.042527222993438425
449371 -0.022390096768447863
007656 0.0881950797558203
340627 -0.056943495981463095
448210 -0.0752974759226292
005841 -0.07693362664023044
341335 0.00039608960619691257
341401 0.030885919631173042
127332 0.03190383173170544
341209 0.017010860537285722
128721 0.009782843043298305
449497 -0.03548645007365377
448363 -0.06536038979589251
235320 0.06380859267650033
449326 0.010233355440543882
342853 0.04866131900203249
233391 -0.09316652152153629
342814 0.023945445300929465
450010 -0.02489789417811802
448243 -0.03624316008137828
448702 -0.013996224660299867
342811 0.0134230118156189
234234 0.0012819611654146898
341665 -0.010561507318415434
234411 0.026825516776448736
005577 -0.008543359822240368
232761 -0.09664377292590014
341134 0.03563037238006422
448729 7.995641927910921e-05
342769 -0.09381165886501967
129675 -0.05773652457859133
450028 -0.03048943987415091
448165 -0.08988663108260543
129429 0.127585585564311
341203 0.01766876810794988
449776 -0.03468454802353907
127098 -0.0848228202364173
129534 -0.015349352201318292
448507 -0.003353866315295323
127656 0.0969565022629475
341506 -0.013807857509709849
340195 -0.09247736401878534
341854 0.007466373451222595
128178 0.008384716530509342
129510 -0.03874190332107535
450058 -0.0187577975166772
007050 -0.07150044864333921
006243 -0.09181400632101394
342643 -0.0023944462733293966
008001 -0.09995810865450924
235011 -0.008823935641512558
233388 -0.09239127452141031
449692 -0.013220480395487259
341776 0.003181134077844724
233211 0.0333576574394537
235191 -0.037833656283162584
233046 -0.04776787353547328
235233 -0.013122866545093323
128397 0.008408821734626495
233262 0.0183258582486403
341710 0.009814327571229596
234981 -0.0658602865630371
128541 -0.054114750585610896
232839 -0.07986219656849974
235185 -0.03762167116924698
448579 0.01339538014312746
448234 -0.0491867398834664
233934 -0.06666248785865314
127071 -0.05018587330147819
129507 -0.052513702475321014
449167 -0.07023394449976716
006915 -0.054474270892521694
449731 -0.050098923433506484
341926 0.006350926914039664
448258 -0.004655026806980526
341761 0.002050781452022681
006156 -0.09890336617736442
232767 -0.10388338066406806
006204 -0.09903092645294038
007725 0.042817548158951786
127263 -0.05196986392171239
341743 0.012666393019293102
342178 0.014429516504251484
448246 -0.02458020059811084
234300 0.0910345595735827
449566 0.09946889045893315
129492 -0.1142922561074761
448615 0.011923707543627763
448132 -0.03763522282073828
449173 -0.07878415601655145
128451 0.023728302061430187
448975 -0.07857887810189326
342757 -0.08949030937155644
127686 0.08162074558918121
450316 -0.056842439340199724
233880 0.04806584798931869
449140 -0.03141910484791342
449026 -0.026274614876172834
341305 -0.00928134888741362
234789 -0.06543798636699068
235221 -0.034807093148399325
448342 -0.04472485546045857
129543 0.012514028871866098
005757 0.1146190986431465
448375 -0.0744187677469397
340336 0.0692503221221931
233022 -0.0686426744502762
448726 0.0020952515386301264
233961 -0.07939025207802101
234231 0.007485526163012735
128097 0.04841934779681017
007062 -0.0801197346522927
341965 -0.006418233696819471
449395 -0.06626587793667674
127830 -0.062466884113632555
129300 0.021289206429741876
448708 -0.012463969955813463
342214 -0.014547190920295628
127629 0.06781244191621978
234456 0.05543623171589693
450250 -0.052401204921814826
342847 0.06185141015967764
341110 0.023148930418958047
340546 0.09777940340803803
342604 0.0027495085477440852
127326 0.04024780490411022
235317 0.05843809866584588
129264 -0.0357937482477107
128382 -0.0030673031706491645
449656 0.018226522453490143
448504 0.013093616630338858
342382 -0.006696943109403371
342571 -0.0024786517768660274
233274 0.020582724086289615
342802 -0.07035871914454869
448618 0.007506196787121938
127137 -0.09069390061460894
450301 -0.052434154650853264
448813 -0.0797519517058335
342466 -0.09338741431273548
233229 0.019372004791146948
448282 -0.041247459350404955
006249 0.02243151693117051
449182 -0.07688026293567644
340684 -0.04901555155638866
129687 0.019350360962028433
007584 0.05994762030858843
008277 0.011963529186050398
006684 -0.08650149061343694
235197 -0.05264393768284221
450229 -0.04623082599284807
128166 0.03661464549353505
450463 -0.045697210485607515
233199 0.0037205597915551266
007683 0.08053185028824406
450379 -0.051830669692314126
007524 0.1149706969185481
449596 0.040729716226973606
006735 -0.08778463227656431
341293 -0.003333312574635716
340519 0.05401716276193472
448330 -0.046959497633771816
450631 -0.03155302495788634
450274 -0.05750779000018853
128004 -0.061508224695525124
007530 0.11783279199448841
005811 0.028024036019713015
448843 0.02606558425740668
449959 -0.02454274858871672
234453 0.05090874325471092
341629 -0.006652034516728772
341686 0.0006440270517260316
449419 -0.004184402393773489
449317 0.07736909941467628
234402 0.050982098493755075
450280 -0.059690139397703484
006123 -0.09940501577268683
007671 0.012693390920364034
449272 0.07506544265166791
127464 0.010497649510701498
235017 -0.009954326062174574
007308 0.1021466687545229
006885 0.009333068828637105
129552 0.005076622031360306
341866 0.004164441136612509
341884 -0.002207887290240681
449767 -0.053829968359305674
233097 0.00573313933859399
341434 0.010051912525197378
234156 -0.03215177097017803
006063 0.08382317768007141
007473 0.10054679656699267
129246 0.11951462746463223
006438 0.057872825313382795
233310 0.005601425308057597
005739 -0.06455812479184714
235104 0.11778523457217764
007623 0.04899078641476192
340867 0.007440562313105783
235428 0.003923011893013707
449125 -0.021599984128093677
342211 -0.013145413348025861
235155 -0.02856061080145457
341098 0.03891143949428347
128196 0.027550474201499246
128289 0.014426863071467877
340552 0.0869673641127401
342097 -0.00842989041353159
342586 0.010211495264630171
341677 -0.0040370878635339605
232905 -0.10436190131570205
340396 -0.11998124605802384
007437 0.12255922452107564
342706 -0.019308496818126433
234948 -0.13478384950565087
342502 -0.18377915810470905
127125 -0.06999219155690027
128310 0.006471271096752974
450577 -0.047743139663641486
340930 -0.004162880723154862
342562 0.009791981996524902
005883 -0.10110602303156777
448216 -0.06529594107459913
232911 -0.05475273999018872
232995 -0.03927527411452503
449086 -0.019550186536008273
129282 -0.014889678996837267
341494 -0.010499886132224983
450175 -0.019232446169456196
448438 0.0030233345451426423
234576 -0.0445565784683527
234441 0.034824489678429243
127155 -0.021557601220491857
341374 0.02737334515434523
128577 0.06851112274896531
234771 -0.008713442215775812
342919 0.07100738886201653
448924 -0.05614414311427362
448180 -0.08394872940406597
233091 0.008185881790060455
233922 0.02583728769841121
448531 -0.026409005125715115
449185 -0.06839936869142198
233223 0.01774730791873123
007977 -0.0773589399742308
232935 0.034771817762482005
341197 0.022684756727240945
342730 -0.100607187141425
340696 -0.011594338134198773
234933 -0.044012151247169985
448195 -0.058048732854701864
128049 0.06304495273767649
128226 0.050145165625864005
450115 -0.019423694669626845
449107 -0.016427459778824968
127173 -0.04925981600902559
232800 -0.06688138574606844
007560 0.11635911426846945
234483 -0.007999979348487772
341872 0.0011628584153638639
008298 -0.02601406684360845
448360 -0.07439566672079749
449425 0.00715153207082288
128334 0.03363051931020001
127821 -0.0552720015943121
450133 -0.013203186750613093
129279 -0.025195339741758218
448663 -0.0040209953781659355
450148 -0.01621809131608007
006903 -0.034834947112462315
008220 0.07125541588531706
006336 0.010220753568252307
008175 -0.11691150968036958
449653 0.011313456682947786
340513 0.04288844873494411
342691 -0.03273365511196021
449578 0.07532887951113257
235245 -0.035692621554647176
234993 0.05466812292265915
449050 0.002051644974300087
340912 0.02453467222718039
128475 -0.0011505737159767445
448030 -0.030738652270656894
232983 -0.02073246887993749
128232 0.042650583266507835
341860 0.005218424661018976
127803 -0.026568001427947668
233175 -0.01260361748023166
340324 0.041593920583679826
234291 0.09802336043297649
006195 -0.10002017730758303
006474 0.1525009876377827
340876 0.013868511563722553
448786 -0.003792481134990012
234366 0.0976374213227949
448837 0.03381216791202924
129459 -0.03872538405066431
235143 0.000766529440088962
234462 0.03192327999244386
340744 -0.008244249248517578
448768 -0.018066753116919434
341080 0.04117274966987497
341635 -0.006389491815633443
127986 -0.002923537856477074
006483 0.13870857044412435
129267 -0.06225744500330763
342610 -0.0018429693520900549
233424 -0.07804884371303376
449194 -0.10556870273916687
127248 -0.09443917350163536
342883 0.04247643402923953
342187 0.016438917093818284
342025 -0.011401665812387825
340213 -0.10241232965605698
233478 -0.12390473640424596
235299 0.08312624825371637
127917 -0.06042499634855074
007968 -0.038264286365499264
342520 0.019770362074412996
450358 -0.04837271934690625
128331 0.03782441459144688
006117 -0.09973494461050708
449434 0.011863793923289305
233892 0.025665121759095834
007581 0.06495067700967416
448129 -0.027838255392932873
449974 -0.03203918308552424
127569 0.04150977053102993
232881 0.04327289068978375
006783 0.04815134358784509
234957 -0.11870340762817114
341647 -0.002717349969439232
342127 0.0015183092899269841
127446 nan
450340 -0.05615256459878856
234213 -0.03390411012537325
448780 -0.0040287789561383874
128127 0.013993211440357242
341509 -0.01265815191068413
449122 -0.01209948898457246
127110 -0.05406743671797551
234906 -0.06848303341811478
008262 0.03680463200197891
234171 -0.09088514218531604
005874 -0.10575779641746845
235368 0.02386314724410105
234807 -0.05429884465802617
232758 -0.1120218744227495
128313 0.010818190580898805
233652 -0.09053757203319085
449560 0.1175373723846723
008256 0.03253961689014562
341815 0.0006009544702559538
341653 -0.006943616141486743
006864 -0.010977324620327494
006354 0.032104832173284255
006426 -0.008450208365362593
233919 0.012731592641540366
341176 0.018080422206653367
342436 -0.08899211603399405
340237 -0.11228666466379922
342622 0.010366842360374667
233712 0.01954788882302748
340846 -0.0039598655224578885
449869 -0.012288458563692787
449902 -0.014259719186358984
340747 -0.019195615360912334
449842 -0.04347654828421124
006093 -0.09787550305563306
233628 -0.013663705946907167
005685 0.14633055086489077
340543 0.10129151556226942
127062 -0.052734715374160246
007608 0.02090354166111024
450604 -0.04250506729738241
128490 -0.004978259448290832
341782 0.005003646561089077
127824 -0.058460807580935595
448300 -0.046458129552358333
234414 0.009902666301684043
007158 0.057645665004410186
340456 0.08014504248986141
234585 -0.02212702168447325
450628 -0.03803317657750557
449092 -0.017268346280467747
007344 -0.08762641261954615
235239 -0.028888387219315362
341260 0.014850179248399703
006399 0.10405575843084426
234336 0.10785575534986414
234651 -0.0006670728648379777
006411 0.0648066187381464
448549 -0.023661877648949847
127671 0.09425888075715019
342001 -0.013506213808355389
234246 -0.038445839216967405
448882 0.004873211316811904
342217 -0.008154512203753751
235365 0.01935027581503034
233007 -0.061754722929611455
005916 -0.05583523579783578
340270 -0.09800691324822167
127707 0.05099485915527757
448390 -0.08927626532147875
008295 -0.023241505947853177
006870 -0.005845066877123688
233904 0.028304034350311404
232926 -0.07865274520147414
448489 0.029441582883266332
449377 -0.055295034705298896
128562 0.02642770108048054
450262 -0.05514658557817306
450094 -0.014264993586078143
127638 0.09114976923578225
006384 0.10985674647393014
450670 -0.016299573100993014
448078 -0.10020980833476852
005571 -0.08523316205581997
005955 -0.09010586869321001
234942 -0.04407154478496183
340285 -0.11503161744465902
129273 -0.03164422396489884
448285 -0.04281531631270775
234672 0.05813117504390188
450259 -0.05448871868342998
234105 -0.08311351518782359
449074 -0.018582712290417826
450418 -0.0563913282574074
448315 -0.05557098936575788
342670 -0.06444437839992906
450079 -0.01114391938682737
448573 -0.0019184729269432455
129327 0.06942040170942035
449824 -0.09866687212368222
341083 0.03781845807019837
448801 -0.05831080581191573
235014 -0.009754996900017385
127908 -0.06533624358679481
129471 -0.06811180466300441
234186 -0.08347291874740403
007272 0.15202720342522974
448588 0.019005207674924956
450352 -0.05190916798240826
235332 0.03126992343183438
233472 0.0357784544664716
006153 -0.09967921873211971
127374 -0.03380329362929813
234399 0.058568214648107256
450052 -0.018793104854415644
233064 -0.019895677212598863
450157 -0.018140655446189823
340297 -0.11396800593789574
127788 -0.03464175967377388
233001 -0.04436791511040924
127014 -0.087605789966981
340828 -0.02496172651778229
341437 0.006983790513383362
448954 -0.0757404086239285
127581 0.05343647015112777
129207 nan
341794 8.744044969965713e-05
008244 0.048412210357238694
340609 -0.037515297477761805
233598 -0.08727789243859058
450634 -0.030369100141946888
448525 -0.026804464107192394
008169 -0.12322978523502258
449350 0.04880409907448748
128277 0.02541722950380889
448915 -0.041415707964187705
127689 0.08498039740648766
007551 0.11756198519752137
341890 -0.0012866389450842217
342685 -0.036297265537973744
127314 0.11251071331992982
450478 -0.04592856652350194
342613 -0.00517056367020465
233241 0.025187726713653304
234633 -0.04593217733024756
234780 -0.04542434695838994
129243 0.12468262434532049
129504 -0.10088025459076325
233907 0.02675243709106912
234318 -0.025289246869974993
007848 -0.01290554439592871
234801 -0.03834186533771495
449068 -0.009139770041871682
128373 -0.008573330070770996
448939 -0.06795806497890756
006228 -0.08050186683038595
235065 0.11703340844541538
128454 0.022257588975217346
128430 0.017268826142759725
128445 0.02443405568422732
005817 0.010063234689775827
128649 -0.0797084985644041
129417 0.10864556945820965
449503 -0.03918119508122641
127602 0.043462914696490634
234471 -0.004294294192086671
340408 -0.1034271862800018
450322 -0.06108812535472168
128229 0.042746573612377846
007047 -0.049887734379941734
127848 -0.03747507290066224
128172 0.024241053765576698
341737 0.011928247583346032
127974 -0.05179552107501927
234570 -0.04281281335872598
448666 -0.003577375041321325
341311 -0.012041936896385623
449689 -0.01516486261490788
235158 -0.029812118075705763
448324 -0.05288435077892315
007974 -0.05450055021599709
448828 -0.04549075445565672
007992 -0.0996069455872654
340936 0.010031167646821776
449476 -0.029014849875926358
234714 0.0616345321654646
340540 0.10251980344021291
341470 0.009790938575380088
127563 0.030635257788533845
340651 -0.014223219680971252
341191 0.018171982986681722
006186 -0.09862514169308062
127920 -0.06228010647881458
448648 0.007291425418336714
450202 -0.0518729715230533
129678 -0.04864821561674631
006390 0.1083123359342489
234201 -0.04340939718066348
450349 -0.05502652257229652
007647 0.08474693770334822
448291 -0.040506820637005066
233304 0.014043549267056045
340630 -0.048547698707176894
233379 -0.09343356861161961
341488 -0.0027810312765740664
127245 -0.09706514614826946
341863 0.004981914125569764
340261 -0.11059178736672473
127080 -0.07240914486280046
007749 0.04595799690141772
128202 0.030771448947409588
129003 -0.09254734593053018
448651 0.0074752379818169784
007572 0.08311797525166485
342835 0.06847241867528493
342913 0.06422091799914587
006258 0.08175309272039503
341836 -0.01071406549385879
127035 -0.05456599345745746
235203 -0.066034508012934
234705 0.07123976362445368
234225 -0.0017882752127794262
448222 -0.05925003905431647
234609 -0.04559052132651195
008271 0.02342099308874148
449353 0.06150365439572436
342064 -0.006216217452548048
448756 -0.023168438950234932
448981 -0.07580523190723167
450088 -0.008226508141454416
342916 0.06870452972574943
342040 -0.0104917729028971
007410 0.09957741934155659
128496 -0.03484123608629619
127587 0.04191821507962636
233958 -0.08372474311803557
007854 -0.02747329661815525
448597 0.016079474740853437
006918 -0.0588334733445579
234084 -0.05125095163072858
232953 -0.0005284850122873311
341383 0.030871465737831772
450271 -0.057055585626911764
232929 0.03874079813666667
234534 -0.05557797102846651
449860 -0.006935964160702419
006255 0.0910633822556831
128781 -0.05254415112201514
449320 0.050506121723998446
005856 -0.07054942514208846
449485 -0.04966248005074768
233277 0.01941948632931021
007626 0.0526890328811335
448501 0.023615041270731593
008226 0.08228101553740326
128235 0.04809582876914876
341563 -0.001959902496584187
007515 0.09831296107666292
127209 -0.04522521074126367
006324 0.007531172521093977
233217 0.028491064456137125
127044 -0.05465195091616844
234306 0.06058641235779088
448081 -0.10099573733875292
129261 -0.01420641683642581
450472 -0.0460672609323362
342583 -0.0031898871874109728
128481 0.010989875331537884
342430 -0.08779882593760416
127827 -0.05775453969631807
342631 0.0029924258444776804
128064 0.08232604896199791
007878 -0.07543541006213239
007779 0.012310282724848987
006057 0.11655438575021926
234783 -0.07148310198761902
233739 0.12235226959147782
340618 -0.04686476380542667
129231 0.09825070310003271
234423 0.019534649240931342
448624 0.005448179311562539
128469 0.0030218765370161106
450394 -0.06986016231847712
232908 -0.0626340541009407
128589 0.08727133055746336
232914 -0.06394100996026708
235293 0.07865941802771931
449407 -0.030582542181507164
233151 0.0007781335238640496
007791 0.03495056007454455
006171 -0.09914119140256274
006105 -0.09936697088401604
234393 0.06956901630416275
232860 -0.03514105646856247
450097 -0.008483731043877544
233190 -0.01010596101163139
006720 -0.08113427950520767
234897 -0.020137237701095455
007896 0.04227109131681979
340897 0.019309332892196312
127116 -0.06392001400729155
342820 0.03709663991878857
234723 0.02348419003063125
007731 0.05440489045053563
449047 -0.002233278970954487
006207 -0.09876911559072481
127188 -0.09067781425657728
450184 -0.02646639888528567
129441 0.08985707146780833
448135 -0.029116103976132224
007866 -0.0671956399638798
007548 0.11903399898081411
233436 nan
006924 -0.09305140382848899
234540 -0.07451671193726687
005853 -0.07413319211325205
449101 -0.022446623644222306
007869 -0.06890490529840851
342676 -0.05853033356439499
128271 0.02881266904932589
340669 -0.047245892922967936
450307 -0.05267617714286861
340525 0.05677107554217899
342568 0.0013300225676224184
449797 -0.08183936967276445
234903 -0.06101565866074855
341533 0.0014291375960765274
447997 -0.0691027680191834
006414 0.040728446209069465
233052 -0.027010342775485217
235266 -0.037001625038657705
129594 -0.09338484531648285
448654 0.004299278896992696
235134 0.034928544093492934
449614 0.014438199015322893
234816 -0.05057352100270304
342652 -0.06661500462463923
128046 0.06026223019357851
006300 -0.06361837083391814
234900 -0.053894789088114535
341284 -0.004249565010938801
340570 0.0047339622724298785
235062 0.12480575205269366
449563 0.10946575687902454
233019 -0.07121015279400247
235008 -0.006602478210712645
005703 0.06867379423171754
005844 -0.08281370345020869
450043 -0.019496226008192074
341962 -0.006174457014623816
449884 -0.018626175690186358
340591 -0.04460933180459083
006051 0.1300126345938071
129474 -0.07233718849600644
450484 -0.038738372949103726
233073 -0.02913641605463299
006162 -0.09958287700353687
234612 -0.009769686248325811
450130 -0.01639115472342468
448084 -0.08930392320025328
341476 0.010495512816909528
449806 -0.11148073581621469
233340 -0.05433564489183371
448321 -0.05521106715269558
340816 -0.041450259947227244
341650 -0.005952031279985724
340381 -0.07462337781688784
449041 -0.0025758244267290037
449698 -0.018228311866852323
005580 -0.07973625435646405
233133 0.0096145411594735
128280 0.021276254156417634
129489 -0.1179972567904102
448849 0.038161654480372405
006408 0.08827447127593077
005898 -0.09884799309218713
448264 -0.027578978262679542
449644 -0.0053363600964231005
233298 0.012768658231391289
127845 -0.04630022727103384
450346 -0.056014663670692105
340264 -0.12245573464035735
235050 0.12994233963981508
448942 -0.07257569758884
233166 -0.007474802198165991
341695 0.009535810413180374
007620 0.04966290140852378
448279 -0.035665956069519014
129555 0.005754487498539144
232806 -0.07408025467740775
128574 0.05461324110330001
235029 0.05607042240296017
007755 0.02972019358616544
340249 -0.09641629656275663
341230 0.025444105857572025
342376 -0.010097500832553197
449911 -0.012977531213407893
007416 0.09883221829208577
127851 -0.0200900164509688
342484 -0.06815429541604011
235398 -0.004665977930029235
450673 -0.010382912595740363
448465 -0.004314680446680529
007842 0.003872020829081326
234198 -0.03882637460589845
449641 -0.00761318788692841
342661 -0.064171465722981
007986 -0.052569034669088195
128109 0.026210706655555083
341056 0.044610977653164845
007419 0.1085848629240657
448441 0.006427384630955473
127884 -0.059569613689694496
450442 -0.05240243719084979
128217 0.04073449892886955
128322 0.009684346618242867
340690 -0.028507335293930732
006723 -0.0816531294868106
449344 0.032291303139154605
234804 -0.05482023857400792
006687 -0.08137399978168915
234141 0.035169071516242184
341818 0.004722174544116753
448672 -0.001260574896397051
234237 -0.01671308859414939
006750 -0.042094498232744436
005973 0.0227426668954274
341455 0.004702485811705895
450682 -0.00713993200290288
448144 -0.019909396247258265
341251 0.010967806947240104
449803 -0.09932119757805467
234477 -0.007115755439943719
233937 -0.07284757766739998
449473 -0.03939210300734147
450406 -0.06068073752815306
341101 0.035051901069972836
340675 -0.06190385316885188
235311 0.06722878361006453
449113 -0.0068981394975421734
341275 -0.002057790108803414
006900 -0.029202913847878965
342556 0.01881106714669292
342184 0.014788944509933356
007590 0.04848366296196122
448636 0.002731674851504293
450367 -0.0447640785832578
450055 -0.018948054683346583
448747 -0.018468785140748796
340522 0.059906768757756884
233910 0.01972370489581569
448192 -0.06634703913693706
232998 -0.04030146817665052
233094 0.0013949853468494815
128763 -0.021004530127572602
129345 0.017607298554536032
449023 -0.03515781210562676
340294 -0.11371210510996564
448276 -0.03724506419655371
128568 0.04359204500241387
128715 0.011762666800994553
449929 -0.01812986232714003
006159 -0.09982975951127726
005805 0.05281067085589443
007602 0.02604114374910352
449302 0.10395631753815696
129240 0.12505744965108034
234354 0.10799556230258175
008223 0.08255589008331297
235296 0.08218343109530685
448183 -0.08092566341938248
235284 0.053721015652020775
007767 0.01781281868744305
342076 -0.006917164335957013
450553 -0.04433243887650388
450085 -0.007734521499429646
007518 0.10379139911858436
128412 0.019387267454318624
342439 -0.09087397503332131
128553 0.009001041802801457
341086 0.03228227106540241
234669 0.067211039887324
129213 -0.053654156033954924
128802 -0.0948689855609919
341749 0.01021374367519939
007236 -0.10174050217583067
007611 0.03184021702699381
006234 -0.05300800447110777
341290 -0.0024920540126336273
234081 -0.05560396777258979
450502 -0.042694486322857085
341611 -0.004818453445158808
449383 -0.06700298997081777
232818 -0.11188757234327833
235137 0.01511770528952799
127140 -0.07799874664872067
449296 0.12342064483122796
449179 -0.08082984763635762
129369 0.154991694859096
234963 -0.006568299858199683
449944 -0.014989721946237074
006036 0.14652994549463666
340489 -0.015055679676293277
450493 -0.040169459771020474
234330 0.10709803680188666
127572 0.0449389800266815
448540 -0.024898759914204337
127725 0.0602301086157628
341725 0.008896165647882214
234138 0.045341371787107995
340555 0.07794187609652821
234510 -0.0390004057743777
007995 -0.10090232894113665
233016 -0.07131341142945698
448303 -0.04726196315318153
007746 0.05888109278475118
341155 0.030183891120605388
128487 -0.010377758321465938
128595 0.09516917959914856
448309 -0.05313745458428303
007527 0.11643382323734344
449989 -0.03473762430568917
450205 -0.05144359974236528
007857 -0.04804201723467593
340687 -0.04458484864491041
450508 -0.04257189774569862
448018 -0.045539909232007424
127896 -0.05707266524378608
127836 -0.053248728865938635
128703 -0.03716883413969337
449635 -0.02095031746841955
127743 0.021254897691130228
008301 -0.03117243385609845
450214 -0.04951134894217664
448189 -0.07702948369578808
129699 0.07249859232961396
007773 0.013477602840320034
006402 0.09902511702643503
448603 0.010796680880512634
450490 -0.039940317518782076
450415 -0.05504275701241256
233109 0.02236098143292559
341032 0.04946424804199173
234795 -0.035504610620849496
449749 -0.05767718308779338
006201 -0.09753269038036934
449620 0.009580709249367726
127962 -0.08750600508145466
129519 -0.01003721371351694
233976 -0.08997035616920109
128505 -0.10217507971680308
233874 0.05170132223991414
006231 -0.07680124107492033
127584 0.05682214731137208
007599 0.026995959785693354
342841 0.07542608117890842
448555 -0.02749273471395793
448810 -0.07204081728765363
129456 -0.04108487638949257
341548 -0.01097396089787934
006423 0.008519921994503637
449098 -0.015219767486234102
128808 -0.09367893535788645
128073 0.06992839483135238
127719 0.03608470848778827
234378 0.08442647362274243
235113 0.10778809246634997
340678 -0.06023175907730207
129123 0.05403212390879475
007422 0.1106220648859
235329 0.031298405267492314
449422 0.0066317382639076
449899 -0.015758907387413524
127866 -0.054181152339489495
448552 -0.02455921650742945
341551 -0.008542409168392872
449878 -0.018235332932438425
341500 -0.014307454422738154
449704 -0.015710599880176514
129249 0.10702757685135393
006066 0.06611330154826286
450034 -0.023804950316660627
234768 0.00037069140300611793
341596 0.003333778681831393
340498 0.02436097143661408
007860 -0.05311777705237979
006594 0.11410071490814329
449719 -0.029570818233576185
129462 -0.04121034350655211
235335 0.02768651843815732
233466 0.03817704400331021
006102 -0.10033155351045926
448483 -0.0018883623306123326
342679 -0.05659993885385257
340267 -0.11947270406542228
450310 -0.05393622233189724
006348 0.017020365276251725
449011 -0.03994329661106616
005748 -0.0894104645893098
449686 -0.016663321185099583
127278 -0.03518617023516234
233295 0.01190178942996086
127203 -0.06915114991056638
128337 0.0320504242094561
232977 -0.017985604032022505
005676 -0.011926788895849198
449461 -0.04148750533312157
450586 -0.04486607707591663
340462 0.026541163919015322
448519 -0.028461791770012446
340663 -0.017865599054863904
128211 0.02879764737924831
006930 -0.09367236696297307
127158 -0.017404812084039458
448336 -0.039752370300159864
342595 0.00684940625203948
232842 -0.06946209655165876
128757 -0.006484403122196752
129630 -0.05364852093272351
129549 0.012823489823944972
450373 -0.047159772322362736
006531 -0.0726679748012906
127101 -0.07762306739010952
129639 -0.020947038547478758
007950 0.0313859364343068
450160 -0.019037175962689043
235167 -0.053462170001129926
449332 0.018274329750442114
127041 -0.06533694212251213
341338 0.0012752174544951164
449053 0.00717963692905006
235305 0.07597101855845678
006129 -0.09880414981399555
340312 -0.04397450480648695
448738 -0.01493516836139282
127722 0.05206624893683622
449119 -0.0070417742286215555
127998 -0.0313516278941495
127149 -0.03884514927391022
007542 0.11811639578088151
234426 0.026202705371993113
449980 -0.04015954295561919
450118 -0.01838526262881524
127968 -0.08782071833279732
342166 0.009415507483400467
341608 -0.0006014912491182869
006846 -0.019748252702583007
235404 -0.009905726351914817
448960 -0.08079699323570401
233163 -0.007512300653395317
341440 0.008686614975521664
129528 0.011344934576909552
128484 0.013483818178447425
006168 -0.09819059249091647
006267 0.04847675805439464
