005742 0.07377743180376603
449914 0.01497157540901628
234258 0.01665244186133669
447991 0.24052586318136962
127233 nan
232965 0.00610616472032335
129228 0.10938883332348376
232872 -0.0055221774590709215
128895 nan
449857 0.03457095131041511
005745 0.11189501342319308
450403 0.0329374955865231
340834 0.07370911408799867
235425 nan
127875 nan
449722 0.046170853811597065
448273 0.07451519385847465
234159 nan
129633 0.23668298286842182
341947 0.02695154008411226
128418 0.11319717301262751
449587 nan
233592 0.27732233683268226
450376 0.07142480476435287
233139 0.25108025579143184
233883 0.1767824919766219
234753 nan
233280 0.2504960473259439
234063 nan
342082 0.17396007715889839
129480 0.03310591077047681
340459 nan
129012 -0.00798269756256588
127107 0.09219963209969656
234924 0.03838084913236256
340681 -0.005706336763170029
342850 nan
008280 nan
341104 0.10334920752681405
449164 0.08212731597639139
006756 nan
127230 nan
450127 0.015395219994600489
450382 0.10968951152956255
128733 0.027950046176002143
233112 0.23814087039562987
341959 0.03632214194849918
234480 0.29102412292761803
341680 0.025399600134955513
127899 0.04813252524106218
341215 0.21971534833114126
234294 nan
235149 0.19038679052509047
341524 0.01658367202395485
128931 0.00946022593785846
234525 0.1931105890299423
449305 nan
128070 nan
007434 nan
449713 0.05712964421226865
450172 0.015181923128850335
449530 0.23242259504933838
234450 0.2797191355631354
007638 nan
007293 nan
128460 nan
341713 0.09557939160609828
340216 0.02481827660212441
127224 nan
449953 0.0568624703341691
006270 nan
342874 0.010147946221487862
129444 nan
128745 0.30651489796850756
340576 0.1345777814350431
006420 nan
006897 0.03142008374607752
008058 nan
008274 nan
448906 0.23277982369168557
006264 nan
342592 nan
450568 0.019021462637280658
235089 0.26234251670371894
448498 0.010469592838920384
448126 0.061610492827400325
129234 nan
341812 0.1107348922158585
341407 0.018738649761866007
233970 0.01877375317629052
341254 0.18744392552218597
128751 0.28403807994596586
007788 0.27897715501758563
341026 nan
127857 0.14336906421621703
007338 nan
448312 0.00673826913984995
007776 0.23977151433110752
449893 nan
233322 0.14905197816391005
129312 0.1707218895610581
232950 nan
341152 0.054087625231061656
449752 0.018353773917986718
128904 0.021193667063637386
341245 0.15683029768736315
342469 0.0090812501453218
234918 0.0497069835991922
341092 0.07472815982879154
340648 0.056251372908589836
448567 0.15937891258764522
127809 0.1239640148463788
235341 0.10939448017322692
233385 0.062036659351732366
233148 0.24067271585899078
341419 0.02719926696491104
007917 nan
341332 0.05122968164791416
127806 0.12323575809834496
006690 nan
127083 nan
448039 0.0759594562642969
007614 nan
128565 0.26697514474889483
342016 0.04815720944177537
448495 nan
235206 0.13072333011497445
128688 0.14528760919071604
450583 0.019031630622016057
005601 nan
342904 nan
450208 0.029239320755004884
129690 0.06018133552706972
007740 0.13744269476996526
006681 0.007776775057353671
449392 0.1675652802704915
234243 nan
448918 0.2368887224490715
341515 0.016794818678712537
448513 0.06812106995355514
450667 0.01762480314086084
128526 0.09067413466317312
341512 0.016571127733930487
341755 0.024322934161508436
342103 0.01567851987659422
006714 0.1132391361963181
448969 0.2370865299365545
007641 nan
341773 0.02422555539973829
007926 nan
235242 0.2550165617870657
448477 nan
341920 0.023443138788616848
005796 nan
448387 0.2718753630991158
128571 0.28764147252541294
128754 0.29574369317697413
449740 0.03412349424124305
129084 nan
449971 0.08379791372217019
007554 nan
341938 0.029499828041373907
340660 0.10880718533954924
005727 nan
450004 0.05436219332042305
128778 nan
341998 0.11870476037596758
127716 nan
341200 0.18493740794824393
234615 0.051954116466336395
448015 0.026250055858067105
342370 0.019463095084700004
340657 0.008417068965851314
341899 0.02057471519214556
448921 0.23943625281377096
341623 0.1397649347302226
127779 0.08646446119540584
448990 0.17789598781828486
340849 -0.0013193076929038843
006711 0.07582888083831167
127593 nan
234627 0.1295218261934462
234228 0.004091716948009673
234498 0.25589556794948676
340822 0.23242130896723864
234750 0.013058094751267206
234438 0.26839017111157615
450196 0.03129302282181997
342709 0.2656264134375712
006054 nan
450457 0.0879254799239717
127605 nan
342697 0.23131106089031886
342112 0.016387090481147566
006876 0.003028452261234897
005889 0.07366476866303298
129711 0.2545035143884983
007425 nan
449452 0.24513353627605086
129546 0.13862471778033733
006111 nan
341128 nan
232803 0.0631942085029415
007413 0.281753774091001
341809 0.1106483775471884
127575 nan
449521 0.11995359092831655
449908 nan
340438 nan
006318 0.06975468614744762
448690 0.1932427773163432
127752 0.1498389092702714
129432 nan
342022 0.05611224816630453
450199 0.0209750977773515
342628 nan
007893 nan
340279 0.09962045608764636
449512 0.15537950373648132
128655 0.15112450731781138
006819 nan
448576 0.13924856878753403
449782 0.204932611488559
128130 0.009377403864784846
008250 nan
342379 0.1644812775036645
127680 0.025051366715204148
341395 0.01838928880064395
235230 0.1881331516765226
008217 nan
129705 0.18094232470849436
128094 nan
450460 0.048772064466325066
340354 0.19933294871496776
341569 0.16992814340717838
449830 0.28660200457093576
127653 nan
235038 nan
450256 0.017565680307055277
449323 nan
448723 0.06570583487313891
007764 0.13899153427523328
340495 0.10697672354481207
342739 0.28117193702296456
127176 0.015955426579429992
128739 0.33108969664627735
342745 0.2836554761075889
006693 0.020159630548386348
340516 0.16006742514573136
450676 0.01764788551936074
449758 0.021821433778793094
342172 0.049003737313406806
006141 0.031575951311323375
234759 0.027638005201147977
127302 0.03597062731546069
233103 0.2553567694565735
450106 0.01395718256632487
234165 nan
449200 0.18900602001221578
448237 0.054619138202969986
449002 0.2513159782306983
340711 0.028775116171737877
007065 nan
450154 0.015146945519422096
007566 nan
129342 0.16456598642641904
128673 0.22846061276887292
234183 0.02097244111318437
008241 nan
006879 0.003601793679400516
341770 0.14760810247859601
233382 0.2594762610915427
006534 nan
341584 0.18818980148396988
341458 0.018938635266016402
129339 0.16474536949574842
007713 0.0749409625139186
233349 0.1610656327254547
234765 nan
450334 0.017521580060323082
449866 0.04291221938706309
235386 0.042676298075882836
341065 0.014056925910981103
127977 0.06717215896283507
448138 0.037275447921147425
234147 nan
006294 0.000298079449573612
340435 0.3125935241955669
342616 nan
449500 0.1188576039125737
127341 0.2641420681325216
449845 0.06083999865900272
234192 nan
448141 0.032950875494215215
233049 0.1424617232506126
235356 0.12014137046046992
340819 0.22772836929921722
127893 0.044026858381913864
128607 0.14977626535627578
129291 0.1275814071534172
234168 nan
450388 0.10008571436116982
128187 0.0357411853850834
235098 0.21452216496543283
234618 0.21346438106520352
233313 0.17937047417742324
450547 0.018810156791929218
234279 0.0102413664567593
234150 nan
234420 0.24962815960292314
235401 0.02069244309077187
006219 0.031495401378121235
448561 0.13916206864452868
232986 0.013429143693712023
235407 0.02053599022413327
234909 0.07602982899499318
448006 0.02186381555558693
448699 0.19850298070262845
234372 nan
235041 nan
341362 0.0175862331239004
233799 nan
340888 -0.009248131324374487
128265 0.09239688889804856
342658 0.02457117187373132
449170 0.06561089358732117
233037 0.1528109859361547
340204 0.051388646469635216
340240 0.2631594939458938
234774 0.03479802419268896
233070 nan
342124 0.07397224344347929
232947 nan
449212 0.2359556748122765
007695 nan
341062 0.020813074118819243
342079 0.1732366581910461
342385 0.2120167456534329
449206 0.15134362490632589
006225 0.043997493190289616
448219 0.03036470694336491
128919 nan
128115 nan
007659 nan
007998 0.15297289490331156
449146 0.015928127376892177
450412 0.018539591441078793
340879 -0.00785107897897052
007545 nan
448612 nan
341140 nan
006429 nan
342373 0.15219148723326456
128799 0.09429340009336118
007971 nan
449800 0.06241829306991011
341707 0.02398994170799457
341263 0.14647480345367034
450313 0.01614404557243226
127749 0.10388076116168311
128535 0.12455585920806987
448894 0.2363857900119748
450328 0.01586417041758381
234990 0.23402817634642686
341119 0.0884218518696134
340858 -0.008643597522109905
341206 0.2670472433179748
449416 0.09263150505058579
234099 0.10263130539341976
008292 nan
448120 0.07270772606273548
234762 0.027281563538512646
232962 0.006147044045584542
341740 0.16099732693132865
450409 0.026142317151266425
450343 0.017901963657803006
448099 0.22820108131188038
340840 -0.017962051573253816
448357 0.07921051118969057
448993 0.19070696834098558
006906 0.04785269305715873
006276 nan
449920 0.015662834757850283
127104 0.2355484129890563
232821 0.09012833978763964
340231 0.22281668589117368
129129 nan
449398 0.1948797477125631
449308 nan
234546 0.025715367756192646
450103 0.013424496423630486
129672 nan
129696 0.08547523570439172
232869 0.20307897046047269
232938 nan
127251 0.005977211805878492
129708 0.22076240680835865
127089 0.16534584287613158
128136 nan
449356 0.04912816694263968
450496 0.0182674364227887
007668 nan
449581 nan
342478 0.013604651367853557
007983 0.00906146140325637
340621 0.05992821568534488
449785 0.2512937644295416
341380 0.017514386685256785
450658 0.017455898985570793
234729 nan
341614 0.12927583871329934
007797 0.26435652809131194
342784 nan
234387 nan
342448 0.2666203544784541
450481 0.030400851416209382
340714 0.02404923363337441
234972 0.19284465729244174
128052 0.10490686679012562
235326 nan
006132 0.031273795756770764
234624 0.13147157689664563
448042 0.08457414082118443
234954 0.16304029737200057
232791 0.02664100905477782
448888 0.21770748510575044
128301 nan
128724 nan
233928 -0.01641830565437438
450022 0.015301460942263326
128340 nan
449491 0.11147719722182031
006933 0.12844728728565477
233010 0.023048066473626474
128013 nan
340507 0.16722637341346272
128118 nan
127980 0.24748214085896808
128124 nan
233067 nan
235419 nan
449458 0.24120672119988337
450355 0.01620674007153385
008289 nan
449743 0.022680677013632692
233955 -0.0015699583386617993
127833 0.2579392582052367
006996 0.2513923521024061
006513 0.04751655790540907
129465 nan
341377 0.017646492473662845
342043 0.04126773477651876
129597 nan
341797 0.051930977974408946
007011 0.07514108586276935
341644 0.022176658665692364
449725 0.04503907602300089
232833 0.10258953201806927
006432 nan
450487 0.019278904748341395
448543 0.05973835252924226
007692 nan
128238 0.13915402548653738
007953 nan
234747 0.013800436352926587
342607 0.009636818416534909
449359 0.08533057647497475
450001 0.07575810069129581
448582 0.1030363506740994
127965 0.3090472396433046
128592 0.15063118463886185
448585 nan
449542 0.2689555263708508
235173 nan
005862 -0.005130874867341956
005799 nan
235119 0.19840868881770543
340666 nan
128772 -0.006097990369039868
449401 0.22783700867413634
340906 0.012707063830788876
450685 0.017630840735460715
341803 0.07486041730960555
448156 0.0119463423801879
232764 0.24112742623470074
448171 -0.0019799994413184107
128016 nan
449611 0.15250634835436452
007203 0.14775922385250487
128415 0.08121826282884709
233121 0.2500533170981202
342445 0.2503452277863901
128283 nan
342742 0.24560786132733525
449533 0.25132368928814663
128439 0.14808565472799634
007044 nan
342055 0.09626933178950248
007038 nan
234621 0.2664775471187277
129315 0.1712842642092237
128967 0.26371691506135914
007512 nan
007428 nan
233727 nan
341125 nan
449365 -0.006299308185020716
340360 nan
008154 nan
448207 0.01625044467798196
127566 nan
234339 nan
341113 0.09340459165861031
129411 nan
449548 0.08001985814836292
006717 0.13798423002636623
449404 0.2545059634761128
127179 0.013527133897919293
448054 0.17089539878524157
128694 0.14526837843435783
340234 0.2457962246521013
234528 0.19951809284578315
127860 0.059137462021468516
006726 0.20252163250582889
127650 0.11470480003054181
006894 0.03265350121459423
449017 0.20672113376193577
342766 0.07818761632375797
341587 0.1791984119338465
449470 0.3018630879265921
450241 nan
234405 nan
233202 0.02377662204560779
448846 0.24834964105536556
450454 0.01834684856354244
341911 0.02315218864925324
127887 nan
340633 0.11399512904871918
129525 0.05149067875970837
006120 0.0312847468798333
341839 0.05165981565202985
234264 0.005191502495417519
129132 nan
448984 0.1706033346388075
340558 0.16582025497678726
450187 0.014542302126606935
450238 0.0171613440942512
340198 0.04923033083557452
450013 0.0164463060513105
234939 0.06786996599227664
448168 0.0002572574312724764
127644 0.12189497771086517
449983 0.0778766556985275
233607 0.27601141652102196
007956 nan
449020 0.21840579097836435
129039 nan
005964 nan
448162 0.014487997966067272
128424 0.13486829636588926
235152 0.19912985960642496
233283 0.24779844258014283
450061 0.01559852191380092
233964 0.01357680437516193
450592 0.018841767437243587
340444 nan
342589 nan
006393 nan
128667 0.23614209894479096
234135 0.05670382389946589
007605 nan
233013 0.034595639196863454
340933 0.20689996416606599
341800 0.09219864360869877
341497 0.023344510931962863
448459 -0.011882327851795015
342100 0.019463487823593976
449527 0.20265346296491432
340579 nan
007875 0.023143793540026148
006849 nan
342397 0.036971010342992924
448669 0.0727257804265098
007962 nan
005694 nan
127197 -0.022313280711098324
127578 nan
127971 0.1895011447724842
234999 0.30616710246289147
234582 0.1709208261399042
449065 0.07288550384460935
233343 0.15843092449127683
450277 0.017565167139446926
341605 0.01583977970382008
007596 nan
342424 0.0973583942367917
449617 0.13647181539038142
006945 0.19241890457315677
340693 0.002788512668912373
007197 0.15813433826645484
448876 0.2418556537037083
128511 0.26719200742113725
007839 0.1771777383345442
232971 0.007951774294414217
005697 nan
449569 nan
340810 0.22141034187036504
342694 0.22632170127182416
128274 0.047451501800900416
449536 0.26992070781411426
127641 0.12226983711978599
127608 0.05773759872194321
340843 -0.014675904113238991
128151 0.03074135023450094
233667 nan
128706 0.17210303368666047
450619 0.018419253853172942
342013 0.02233186190721219
449488 0.2039888267206639
448252 0.04438835044566736
127761 0.1738205533179026
340255 0.09785027878717355
342733 0.26443470563728405
006396 nan
448879 0.23687980685781068
342094 0.02435255454330848
448090 0.21738745709295346
127185 nan
129435 nan
006435 nan
341722 0.17113839913599244
449881 0.03896872656685965
127272 0.10966140059641208
233670 0.17075379689534506
007497 nan
233331 0.16939999338180298
233403 0.029523263934026725
129336 0.16361799573141433
235212 0.18626788198688357
234660 nan
006012 nan
340402 0.23456340521852181
234204 0.0003465868177868071
449104 nan
007884 0.016760901799277653
340855 -0.00680480472625248
448675 nan
006309 0.032017639705113
449626 0.13730728058587938
006237 0.12297191414781797
007533 nan
127026 0.15569791760183938
234351 nan
127425 nan
449968 0.08904637348504715
234813 0.14588049946907042
232974 nan
127494 nan
232809 0.1502955615331256
006852 nan
128253 0.14654726039451613
341473 0.046794867569627134
235002 0.2947184852978406
341281 0.08709296982409216
234210 0.0005788632801600865
234435 0.25091878742190965
233079 0.0029493804670806625
235200 0.1063268498768882
234891 0.017789223837474034
341077 nan
448318 0.009629837419620898
450019 0.01616198567846735
342580 nan
005706 nan
128976 0.26847466556563226
449947 0.06239935788096442
450169 0.021706367025569995
449695 0.18070886018865503
233214 0.2502145187851327
341212 0.22207054318416686
450427 0.0192289289343294
233265 0.22984967811123422
449683 0.16634574057746282
340708 0.029966260840833318
007686 nan
006888 0.017609904184875236
341242 0.14322226861166576
128670 0.2356619586905589
006138 0.031112457457042875
341179 0.1407902320356531
234597 0.06000953931657095
127713 nan
234687 nan
448795 0.022625510654752212
340225 0.02698993394524423
449137 0.011481035323370073
127134 0.06279764552011168
007569 nan
450559 0.018489232138981893
006921 0.07779226335538487
449197 0.13833657334446342
234735 nan
234297 nan
341626 0.12834356482176498
233364 0.2425582152828353
340300 0.16414866674514045
234390 nan
342598 nan
448027 0.04684016926218323
234741 nan
340567 0.14496273464626735
128736 nan
007461 0.1562446357081176
340918 0.1241312125954727
449551 nan
128727 0.027504368433876648
128244 nan
007821 0.17821858389667733
448255 0.03229895344486943
128286 0.031179023167443653
007923 nan
007965 nan
450595 0.02019321855413851
233886 0.19057413023345324
449335 0.010631959184227076
128658 0.18326152776644614
128388 0.024608081160218807
340480 nan
234444 0.27149375535192943
450100 0.01319103896933258
450622 0.0185690282964382
127119 0.07939566181900821
127704 nan
341785 0.11745577820844932
129537 0.16404802371294072
234207 0.006467029405018638
449710 0.1387131989948333
006471 0.015465935071309406
232941 -0.004721797963298818
128142 0.018354545510004434
128169 0.10302662773737833
340852 -0.0038576085100729004
128730 0.027569534665062317
340585 0.11460860065682225
128250 0.141841409287015
234174 nan
005736 0.042039307336958626
233973 0.024706038217695934
233187 0.14896752835965468
007491 nan
128214 0.05422531423114595
127800 0.19269438287298152
340192 0.007952252393046385
449833 0.2723417984180002
127191 nan
449674 0.1623806162830039
127842 0.17176023800041865
235308 nan
233127 0.23664414004798112
342034 0.016658212268163285
341194 0.22469554531223906
129498 -0.00029602353535001234
450436 0.018926814750388817
127635 0.1490678359427232
128634 0.15805568072504309
129564 nan
006357 0.20236494909289254
233250 0.2264702241119638
342118 0.024654415999951003
006477 nan
450601 0.01820570745585877
234189 0.02416848379468161
448177 -0.005186620212736584
342019 0.04393338999420247
005871 0.019226065485468714
232863 0.20605726792858398
450625 0.01804640084978134
449788 0.27508338369151036
341266 0.1167077037007874
448963 0.23715368929767874
341035 nan
128598 0.14830021782526895
007734 0.12515150428449037
340813 0.23308495850095345
341593 0.016891068022316495
127665 nan
449545 0.08864616212390718
129627 0.22754453055630103
129270 0.03285621660594254
341146 nan
448735 0.03885882525216965
232857 0.11674212484342922
341701 0.024973512392992163
129714 0.282939617287941
234276 0.009635186519752554
448774 0.011445102658011084
005868 0.009532198830256387
128241 nan
127068 0.08955827591911195
450448 0.019411181646680074
448873 0.24882890989844436
449917 0.015334579679701064
233943 0.2279510604393921
006114 0.030808952540106665
342871 nan
449389 0.10453814134352445
449062 0.13061316681917381
449668 0.12614124808870583
129540 0.16729862571219373
128247 0.13947724834505643
127995 nan
007092 0.1931144657933179
233259 0.22259029050709941
127113 0.181208126128666
449557 nan
342181 0.029450194040934248
340363 nan
448123 0.07431151818628838
341137 nan
449662 0.11304877986427116
234312 nan
232836 0.1390429119631143
234978 0.1808208327174457
234303 nan
127617 0.16139092593146198
234417 0.24804953274543046
341479 0.03505757545667981
127659 nan
449083 0.17630835509354295
128022 0.03295120360359313
450163 0.019827367039681645
129642 0.22290674845377603
448435 nan
450139 0.015451499394008092
341278 0.1153080521631299
448381 0.2554391425182562
341050 nan
235116 0.21036333003372112
342892 0.041985172443288976
006213 0.031240342155335443
128556 0.17946805190898396
449794 0.056916831082137166
128433 0.1402271588643392
128079 nan
128547 0.17734730688752193
341668 0.020855058185637942
342925 nan
129162 nan
449056 0.29066284673685705
449602 0.07520778595455109
127401 nan
007578 nan
234327 nan
342856 nan
448948 0.22583581883282888
340477 0.237352082095107
007386 0.27725201857509574
450067 0.015401314175318159
128643 0.1354180676596505
449935 0.016403263334244016
341464 0.018121185756865003
128223 0.07748715587393946
234984 0.18561579080348678
005895 0.11393320591992173
342061 0.13909048278562142
234087 nan
007632 nan
341431 0.017717033827385938
007536 nan
341566 0.13895340005743884
128814 0.21950841844833457
232824 0.06917747948271033
233205 0.021569835193573483
448783 nan
233931 nan
449680 0.1614532944366252
129567 nan
449038 0.1746551766471257
341149 nan
234921 0.00174428798534252
235323 nan
232980 nan
342736 0.28088876237508287
342490 0.05377212145283796
448033 0.06439876622212518
233085 0.009453707271152072
006492 nan
234315 0.017550233810667008
342862 nan
234309 nan
128805 0.15563491818045275
341353 0.017327649252755303
128463 nan
232896 nan
448744 0.07286162603469122
007137 nan
342052 0.0181350845623154
448900 0.23835391183739255
448687 0.177116637466751
129276 0.0572500574886123
128793 0.08253706127441555
006450 nan
341578 0.20287581820198147
341941 0.03138899080681078
127623 0.19984268363005195
450694 nan
006099 nan
449440 0.25597598514128356
127260 0.026566235017982907
235392 0.03111978088106428
007881 nan
448564 0.15357069439358179
341683 0.030581813820905964
234717 nan
448996 0.1928725661625938
450589 0.018785520205422054
008160 0.020300011786203533
449443 0.2600398477227983
233706 0.25468343083023925
235344 0.11464151575632016
448051 0.155890105070207
235095 0.23439024091093147
006780 nan
235350 nan
234825 0.22874231413206447
232749 0.22402958078645874
341830 0.020116470838620282
340258 0.24168406712998033
233361 0.23483552759255366
127758 0.13847388860215779
450295 0.01683503357821671
450661 0.017161948340279714
007770 0.16648158404772456
341416 0.019256035486857098
129348 0.16689000613447547
128532 0.13829944777110267
232920 0.13666966806643852
342130 0.09795417803993244
450136 0.015583307024032352
005793 nan
128448 nan
448957 0.233168767283528
128775 0.017111782584330933
235377 0.06660247732091834
448891 0.22239293084875536
342202 0.038264409574882065
233025 0.06346126644893733
449149 0.016521395829619555
342175 0.017583271813771083
232902 0.015995493010869104
127560 nan
233496 nan
340369 0.039256460704500715
005625 nan
127914 0.11093961706697456
235275 nan
232755 0.21017608793109321
007083 0.12315055264366995
233766 nan
341287 0.07202606925326116
127128 0.03277804240049078
007890 nan
232866 0.23236497644582713
127728 nan
234894 nan
450520 0.018995006068223186
340345 nan
128664 0.22004121726218523
340534 0.16443988597832174
127092 nan
232917 0.12020336233434223
006366 0.2109951103092858
127872 0.030154914452285367
128040 0.11297901002187576
006339 0.17510508537085112
127701 0.009628004497951932
340501 0.13579617890100631
342142 0.12033394329131598
235005 nan
006417 nan
341116 0.08905062281099478
448639 0.07206633734324622
234501 0.16261043582223295
127785 0.0686317034462253
234690 nan
128100 nan
128025 0.06785765148344493
340561 nan
008184 nan
005679 nan
448591 0.07339479809715635
006345 0.17717189873459196
341662 0.02097426345787933
449431 0.21374099041212807
340573 0.13973588326329567
129321 0.1646059829902216
448366 0.1490721929640997
449479 0.05523661824015828
128811 0.18424279651944603
341848 0.02310130709693545
340594 0.030831022868080746
341968 0.01762430125443393
129606 0.05003939193933188
448009 0.02121389043200147
341719 0.1482380655573086
234936 nan
448537 0.0434535247128026
342688 0.22926731303776435
448762 nan
449428 0.19798259342806787
450526 0.024226589808388363
448372 0.2100449491430212
127032 0.13771581649780273
235101 0.2034600187728476
234273 0.011943612121729457
006867 nan
127599 0.04210288184029716
127632 0.16955406640572523
128790 0.05040997149897557
235380 0.05642340012959071
341560 0.09452873452917321
448345 0.027598658566752438
128682 0.18497594433066286
234162 nan
233406 0.015345604709847265
006912 0.05950337824097025
235161 0.24360472257020047
235176 nan
128853 nan
450016 0.016410649768889896
450475 0.019660461516607376
005907 0.23792089673389644
005814 nan
234726 nan
129366 nan
006372 0.19715570118560174
450211 0.025210601131932266
341905 0.024351177518329922
342049 0.020903885770006243
340351 0.07824788774762835
233208 0.013714428204174298
450247 0.01676832683502682
235164 0.20127876410408627
005763 nan
341527 0.016166808113219248
235257 0.23384452457641025
449035 0.15119176911264465
006321 0.08271100373151154
128826 0.24881488327122703
233895 0.21320060807831437
450193 0.028381359430006987
449191 0.19129813001269383
128379 0.01093477889253439
341302 0.07103829034046778
342007 0.08906269916380294
235389 0.03315722428752181
340447 nan
449659 0.04888709159124465
007737 0.13620622249957928
340303 0.10597050262749269
340288 0.15232643235264232
007932 nan
234675 nan
128325 nan
340537 0.16501305876405328
450226 0.01642547334943499
005586 0.1730438243775141
340927 0.15826031892980466
450643 0.01865864178491017
342673 0.2285397572902878
448201 0.012702576427502969
007905 nan
006858 nan
127764 0.005994609757965686
449638 0.08983560213966975
007851 0.1492523429255006
005877 0.01812418150523352
128529 0.11556180734483024
006330 0.1513925943195734
450370 0.047996361706336005
342067 0.018578810246112697
342574 nan
232776 0.23514683812515633
128031 0.07411167091793483
007902 nan
449632 0.13209237655003866
128088 nan
448600 0.07274119059244792
340894 -0.008005691205382979
341857 0.023997560800488454
448069 0.2343018982836109
006174 0.03104937644231887
235413 nan
128208 0.03874765123639788
128760 0.02733593895321801
450220 0.017340404268295046
448630 nan
449128 nan
341452 0.007738067990257626
005922 nan
008007 0.2500308634936931
448822 0.10850637034764365
007914 nan
233106 0.2601164061461528
342208 0.024285648655428878
450142 nan
450064 0.015074039640880766
128316 nan
342634 nan
449155 0.05011894048747022
233367 0.24179093248828876
006792 nan
448036 0.06340077270549935
128355 nan
006984 nan
129420 nan
341017 nan
341131 nan
450337 0.011022759673276455
128796 0.10646931370198975
448720 0.0737742030431354
235053 nan
448306 0.0008672108725895956
006069 nan
341047 nan
128601 0.14696759185252786
448645 0.07287599170018756
449761 0.02871102126187117
235227 0.24663878556501828
341752 0.022949893323201985
006285 nan
128319 nan
450538 0.029906353117927675
448978 0.23043913302453578
006183 0.0314459967234778
234696 nan
233946 -0.006217097058708285
450124 0.015313040011774297
449584 nan
450283 0.016860195396610492
340342 nan
448927 0.23403534767904974
448684 0.16319001650263604
006282 nan
128709 0.1876072400594216
341296 0.0801151196161906
341974 0.05019525686899821
005865 -0.00541883044772678
448072 0.0729419207243326
448798 0.030290110905965166
007116 nan
448198 0.01041564487275623
234255 0.016314082675509982
128268 nan
342889 0.03284631938301296
007275 nan
342838 nan
006135 0.03175435855545424
007539 nan
342901 0.05093232475260578
341986 0.019850038346790132
341236 0.13518060268605772
448159 0.01458201111939849
233370 0.24313900377194161
129693 0.07135131765925695
448528 nan
341344 0.017112635430835542
005859 0.009937771623937752
128103 nan
235383 0.04891099542957555
448063 0.2686794277319479
341983 0.03278436532678476
234282 nan
008265 nan
006315 0.0503909936867904
234270 0.01613470785002362
448771 nan
341788 0.08372709311553993
129702 0.1429896359558418
342898 0.05118204449850415
341248 0.16319181131465094
342136 0.1250457113641762
341530 0.01586071044679672
128181 0.15727272783994178
235215 0.20430557083550088
449875 0.04344766626136788
449176 0.06651175761807705
450424 0.01833298849681067
127797 0.03655117731245738
450445 0.02034954728846254
128679 0.20546758116172453
448609 0.07288901011149089
006882 0.0027341842651367188
342091 0.02238949139912923
341914 0.024405943653570916
128307 0.01565634636651902
450574 0.019148593478732635
340654 0.09929841590125904
341923 0.024250702252463688
234930 0.02664302169022502
006708 0.056868759336925694
448816 0.08586381903201948
232959 nan
235290 nan
448558 0.11970005897590419
449467 0.2452794107652846
129255 nan
449131 nan
007644 nan
342085 0.1817740640522521
340606 nan
233100 0.23630877587548715
128106 nan
341428 0.025715077869475834
449089 0.20965749961565636
128361 nan
450244 0.01772482865521697
450319 0.016425740151178266
128691 0.14873958291266492
342832 nan
129309 0.1618317343283869
233397 0.17971135410013397
449077 0.11017507304169724
233178 0.20381997590809742
005823 nan
008286 nan
341902 0.024159040040169714
129669 nan
342010 0.02353547947946547
234492 0.28480652464198464
006651 nan
450112 0.015495002585113367
341779 0.023491410982041133
448468 -0.0051433321029420885
233031 0.10697537092935469
127911 0.08257824302350404
342859 nan
448693 0.2029102990686758
449464 0.3011795742316706
007794 0.26516470608241477
449764 nan
128697 0.14809951773322041
006588 nan
340882 -0.007903494386591462
449071 0.06263675323869816
448474 -0.00370686205606612
127989 nan
235395 0.030131966979415326
341329 0.06220896984714498
340780 0.03528880182545838
341095 0.0882758689469679
448864 0.25154350162808115
233088 0.014876993875654916
234819 0.1937860649058102
234579 0.028959466756876905
005574 0.24164049377306845
341827 0.02232167708179938
232875 nan
449110 nan
342907 0.06809961026307768
341674 0.020567405791509716
342145 0.016460539802672373
450265 0.01725923951971468
449647 0.06281337084726384
340504 0.15515376178045123
449650 0.052116448219955806
340615 nan
007053 nan
450649 0.013570938413105313
449938 0.01646248877994598
234537 0.24964462916382557
128457 nan
005673 nan
450571 0.018706321716308594
006909 0.049000723166925705
234678 nan
008259 nan
127746 0.08690431572142102
341227 0.16521639322127266
234711 nan
232827 0.08498770887889559
450331 0.01689460001835207
127167 0.0383177284751079
232992 0.009430418569574913
341020 0.008940931350465805
342559 nan
233220 0.2510066172433278
234732 nan
007467 nan
127740 0.02764405447339255
448732 0.07182633687579443
233898 0.2127697873277729
127206 -0.0028369691636827257
007830 0.17229974379879207
342028 0.09081058264319317
449986 0.085731025058237
128493 0.017920073468128298
007131 nan
235236 0.2324584650648846
127611 0.1551557873922681
340510 0.16510776905786423
234495 0.27390443849508217
007959 nan
340603 0.03169335043078917
128175 0.1314384532950775
450451 0.018439800966353642
449143 nan
235224 0.26348616955190063
233169 0.25111610534820467
233421 0.005388029037959993
342088 0.17336482850332108
129621 0.16232010196822824
129591 0.02414059008240069
007719 0.09535617929287059
449413 0.08112452453349062
341326 0.06830793380737304
129495 nan
233400 0.10494626468155505
128517 0.2869233003521331
234345 nan
233289 0.2421510284106841
234474 0.29111244619514887
450235 0.018817313133724152
127023 nan
234507 0.2006973623264017
128550 0.19201305317640446
006489 nan
005820 nan
448480 nan
006468 0.027916976383754184
007947 nan
450664 0.018024176643008278
341122 nan
234681 nan
006993 nan
235347 nan
128583 0.14931788225863554
341392 0.019871866892254543
235194 0.08631870952198711
127923 0.1799262866141304
233373 0.23851930979488178
233244 0.24960736924894106
233184 0.1954487599652763
235131 0.14628636900079314
233130 0.22608332389961683
006942 0.17815664825369248
450076 nan
234357 nan
340645 0.1714234701844598
129333 0.16284118316791676
006522 nan
234531 0.22020200702664955
007761 0.13111378572775742
449509 0.15591209856890634
341350 0.017820483162289572
006696 0.029273352295002608
447994 0.2266635838727623
450511 0.018113330243125794
449851 0.021378963712661986
232788 0.023349128072223963
448288 0.17383092849973647
235179 0.07739209442857713
233286 0.24015269016779256
127755 0.21999727442442132
128199 0.02610137853672895
449965 0.08018093737860953
448003 0.025601701130942695
448327 0.011806161315352828
008004 0.2294943971229098
448267 0.01884262902396066
341233 0.11480513472047704
005901 0.17604150769238558
233631 0.2736746621510339
340624 0.05815538376096695
235209 0.1573177474682393
341875 0.02380844297863188
007698 nan
129588 nan
006960 0.21074524638846004
128652 0.13169905950152683
005595 nan
007827 0.17386807068611954
129636 nan
007443 nan
234573 nan
006342 0.17866620946558023
006198 0.03172676336197626
234912 0.07184761289566281
342160 0.07387243376837836
450565 0.01920442921774728
449716 0.04091345380853723
006033 nan
448444 nan
235260 0.20557182665095872
007806 0.26241003579952743
340486 0.055648913038681
128190 0.13776230955619792
450178 0.015349229176839192
449593 nan
448204 0.014713464348016349
128646 0.13167089345503827
128163 0.06678647843618242
449158 0.04628879440074063
129318 0.1684157132608797
341944 0.021334737066238646
006189 0.03151478212346475
006381 0.12531281425839377
340741 nan
235092 0.24828627605707354
342712 0.2771406726560731
006795 nan
007707 nan
127614 0.16377483751408006
006774 nan
342823 nan
007941 nan
447988 0.22267450097711453
007266 nan
235026 nan
127065 0.2511116436549595
341599 0.01680451563967058
450523 0.01656912916341577
341821 0.08860588154825225
006939 0.16540008936172876
232845 0.1445669436761131
449977 0.07013655826167815
128604 0.14977223979790316
234810 0.1268420048637219
007887 nan
007677 nan
232944 nan
127863 0.048845212626976775
233040 0.0981655858811878
235044 nan
448621 0.07319783407544332
341491 0.023547438620356558
128370 nan
128160 0.0575945811102824
340639 0.055565626743188816
341368 0.011047736317122062
006150 0.03147005372577243
006090 0.013877565898592509
235056 nan
448075 0.10022193261014631
341410 0.018137816398862805
127389 0.28249111737794075
449014 0.22169934608276828
128769 nan
448999 0.23932741851402967
340588 nan
128133 nan
005721 nan
342829 nan
127437 nan
448627 nan
129306 0.15912270545959473
006444 nan
450640 0.018948813414627733
341182 0.25885984251772054
235140 0.11852884725107897
449923 0.014454647851368737
235020 nan
341980 0.0834895609473648
342148 0.02611013908525963
449836 0.048199463323130354
448696 0.20484007807722757
448060 0.24588953377489625
448510 0.04577507399647685
449203 0.23059555943152366
234447 0.2860402044359145
342619 nan
234945 0.08595605123610722
129468 0.0021043306305294947
449848 nan
006387 nan
341089 0.0588175907056518
008235 nan
128742 0.317583865143089
449032 0.11458548066969579
128259 0.1283904847644624
234177 nan
234699 nan
127485 nan
128193 0.17789488463174727
234219 0.0038317487894002
340252 0.08028520408060746
341323 0.03927619433482224
449134 0.015074742029583643
449863 0.020969178941514757
340405 0.24636208703761348
232923 0.14707624899647223
007920 nan
448660 nan
006516 0.04417783873421805
128019 nan
233115 0.23642247858819632
450652 0.017841796269492498
234459 0.28920870906797574
340864 -0.0064471058113865125
127776 0.03345985330028451
235287 nan
449455 0.2084424512898939
128262 0.10070697230006022
449494 0.07538362154884944
341845 0.021136916629851808
341482 0.038276831624369144
448903 0.23677519772855257
340891 -0.007660446613914392
235314 nan
234519 0.2035015596379522
127047 0.2655183072745018
449995 0.08854280401159216
233172 0.23527261705109567
007563 nan
448546 0.062226818982886255
340441 nan
450046 0.015396475413488963
235035 nan
127413 nan
127812 0.13481268856694786
128349 nan
234369 nan
128058 0.0997147338876503
129423 nan
449872 0.041259532883053736
233154 0.26003397408427004
341851 0.02344222421999331
340903 0.010960872481469392
234222 nan
234969 0.16178669557942973
340582 0.11335984739676985
340291 0.16497265029631225
449755 0.028056038750542533
234966 0.21891871150235953
450391 0.09249265073081865
450532 0.02170817814176045
448249 0.041331335350319194
007716 0.08274003437587193
129294 0.13901321349605436
007938 nan
235359 0.11942323911757695
340483 0.044707307289336896
450286 0.01612112559969463
006327 0.12784860764554062
127536 nan
128043 0.11511435493590341
127182 nan
341977 0.10270671032551909
007662 nan
450190 0.024188735109545813
128427 0.13720674471519972
235248 0.25825115292012185
341164 0.06253751686641149
127692 nan
127017 0.27470309015304323
008196 nan
449515 0.18792717556588748
006291 nan
005886 0.05773885498181433
450430 0.018802103920588415
450517 0.019140065662444583
232830 0.09706067167247745
448174 -0.006070058181803062
127152 0.18134379429629202
129297 0.14859185103286576
448831 0.19047551138549149
235170 0.028671862587096197
450598 0.01937205567319169
233136 0.23731990075585946
232956 -0.002470610633728996
127596 0.04382339734879751
233982 0.016619630171087894
235122 0.1837369752308679
232812 0.22854729782856034
234603 0.08655034102402727
006861 0.12716351985090416
007704 nan
232752 0.21265238882675702
234381 nan
006303 nan
127668 nan
234489 0.2849904581683395
341167 0.045496035084732836
449746 0.017614512216477165
234195 nan
235251 0.2632091079944025
449314 nan
340273 0.06384024618815358
007863 0.0799089955733108
233238 0.25096478153643303
340885 -0.007824593636208625
340612 0.040421348068250054
128538 0.17444800744352035
448867 0.2518637634109665
341893 0.02442803458561973
450535 0.026743624786430775
127170 0.03303915525029366
005733 0.030593393971680333
234240 nan
129561 nan
449941 0.017118006471603636
234429 0.25023039805945385
006519 0.05680711452777569
127869 0.03581595988500686
448741 nan
007680 nan
450166 0.025118499836593713
448912 0.2357913425727706
128346 nan
234591 0.04365694522857666
448966 0.23730374812035224
234261 nan
127221 nan
341518 0.01627113873786186
232884 0.025126350562465826
129453 nan
233124 0.22738954040181877
448945 0.23480115300539497
006834 0.24927935929685374
129600 0.035269326633877225
232773 0.2422797309081268
234645 0.2379145105372548
341575 0.20245035977535808
006072 nan
450556 0.01900944634089394
342106 0.022673602331252325
341170 0.04705871754919575
234321 nan
341641 0.02188083986756663
234267 0.014620873106627906
127449 nan
233076 0.003849742273805003
128637 0.14749587504636674
128085 nan
007674 nan
007635 nan
007785 0.27543131321195574
127683 0.025451069786435083
342880 0.0196619813404386
341389 0.019395970162891206
341572 0.18104704684355116
005904 0.21171326702143872
233226 0.25746545530742426
235047 nan
129000 0.1087366533868107
234348 nan
234333 nan
340471 0.015183146878735308
127731 nan
127095 0.06118743003360809
341398 0.01858736219860259
342715 0.2796164559039975
128061 0.10400379177123781
234567 0.016832803292249246
449362 0.007019072162861725
129330 0.16488950517442488
128010 nan
007689 nan
341224 0.17599602321009614
342895 0.04012848082042876
448471 nan
234996 0.2985711785253618
340219 0.030696531415096963
450439 0.01889043384128147
129141 nan
341068 0.013672532278393943
341617 0.14536203642861412
232854 0.13595527371962166
449950 0.07759598389093098
006222 0.03112243773445251
234642 0.18762448925318592
340276 0.08699136278616687
127386 0.2833072350284265
233889 0.19857120376300674
233376 0.2513069824394898
007929 nan
128586 0.1479079185970246
234588 0.1801281278095548
342910 0.07120982427445668
233925 nan
450364 0.026713052439311193
341869 0.023755913689022974
234465 0.26829510947862395
233916 0.22464673607437702
007056 nan
340210 0.03673812415864733
006096 nan
234960 0.22162475787773336
235125 0.17144704748083042
128352 nan
450385 0.10109202016598334
006363 0.20883787908251322
448807 0.04736516778431241
342703 0.26822900209639366
342403 0.0352034974260395
342391 0.017156269184496035
341059 0.025012901060334367
234486 0.28366800567759654
007728 0.1244166302843159
128028 0.08547530902756585
233625 0.27423678314875044
006306 0.020774136565139475
450679 0.017829236530122305
235107 0.16430625524470416
127269 0.08148839708358523
342058 0.1125934127907839
007935 nan
127737 0.032200056409078935
234384 nan
233979 0.01540855536783548
006771 nan
235068 nan
450400 0.10607213848721608
233787 nan
342877 0.015852097390910844
128295 nan
006075 nan
233055 nan
128403 nan
341935 0.02385524214890899
129501 0.00016719575912233381
449728 0.02703387144381407
342133 0.11560707226460115
127194 -0.0038053270370241193
129177 -0.010687994578528025
233901 0.2118890020582411
234516 0.22261438380119256
450421 0.019200609384480517
450550 0.019109476180303665
341764 0.15842098559763362
235071 nan
235353 0.1136362239076437
005568 0.21952976310063924
341173 0.050347967516808284
006948 0.20335817719379787
234975 0.18739635603768487
341557 0.07104077132884269
449095 0.2182396970315669
450292 0.016258514747417793
127029 0.14479573693855732
448759 0.07186683775886657
127677 nan
007617 nan
448354 0.05806442764070299
006177 0.03212884199892613
340309 nan
448909 0.23425780137513685
449779 0.13479703119259273
235422 nan
127059 0.2683495863130621
234549 0.024929262883538833
005700 nan
233940 0.2274730473750593
450529 0.02792142045949114
449437 0.24071421307861485
235032 nan
449572 nan
233952 -0.0010149138314383371
450091 0.014181831526377846
234693 nan
448045 0.11681735011004897
449386 0.09922472318501821
007824 0.1746951268248165
449677 0.17049324260799256
448048 0.15045743811392995
128514 0.2951625874748937
341347 0.016894527213283318
007833 0.1734592605940669
128442 nan
234702 nan
450607 0.018799897224184067
234249 nan
340549 nan
129063 nan
449956 0.07481058636850602
341689 0.020571807656387126
449839 nan
342538 nan
128406 nan
005583 0.1678343139776663
341929 0.024327140816755577
448765 nan
233181 0.20751394729688405
449734 0.03517263402383794
342808 nan
448339 0.01751565933227539
340366 nan
127794 0.04194854554675875
234852 nan
128871 nan
449449 0.26703146989688586
006048 nan
128082 nan
006288 nan
448714 0.11231685820079985
342046 0.030798694207554773
448348 0.04116289956229074
007098 0.24082321183920358
341989 0.020413920410677917
340306 0.10993934056115529
340450 nan
232989 0.012804883623880053
233271 0.23285294725819364
449281 0.1528877682156033
006360 0.20667325052553365
127038 0.2030144408176275
128391 0.023902193705240885
007122 nan
450466 0.019048465244353763
233061 nan
007509 nan
448792 0.02622338892921569
448024 0.037698036526876776
449029 0.1333325983117466
127710 nan
232848 0.16637911678636677
342646 nan
128520 0.21006152440631204
341671 0.019773199444725397
007260 0.15448012679972978
129426 nan
006705 0.049552339304902146
233646 nan
342667 0.1555164525020787
449005 0.27607283159391105
448750 0.023939531946939138
234708 nan
341824 0.02257033529735747
342115 0.020957678374498905
341188 0.25477639300482613
450031 0.015757416921948632
127647 0.11633469350213635
233328 0.1584649907103406
235128 0.15709385644821894
007758 0.13481529679878682
448000 0.02522017312428308
341218 0.22374731784433174
129237 nan
341704 0.02241440349155002
341734 0.20386921034918892
450049 0.015426771981375558
128139 0.018953343547841228
341371 0.016709842379131014
128421 0.12818733827086834
449524 0.15126308700425042
449233 nan
449623 0.1406054702950881
450070 nan
234798 0.08307060920504998
232797 0.0366864990402054
007080 0.10692537344502213
449992 0.09939419417294383
006273 nan
232794 0.03571780901106577
342700 0.2508793092054767
006351 0.1877584197894245
129285 0.08979476484140955
128091 nan
341638 0.021164257239862906
234849 nan
341659 0.02081055455393606
235362 0.12406594924075777
341521 0.016159126367518515
008238 nan
005691 nan
006498 nan
450298 0.016835589257497632
008310 nan
129531 0.10924228694703844
341716 0.11381608937062374
340924 0.02722139585585821
006525 nan
450232 0.03013842698758241
128787 0.06161672097665292
127839 0.23984452521179267
234606 0.10832396386161684
234822 0.21863682978277577
007575 nan
234342 nan
127929 0.2579841078694325
450025 0.016009084762088836
341461 0.018020048163104763
341602 0.01532745976296682
127053 0.2545808442981209
449368 0.05294280938185007
128559 0.18301528334076983
235188 0.08390114877676794
341041 nan
006699 0.018410559810658606
450223 0.01732911306714255
232746 0.2235459819565996
006936 0.14887304880000926
341314 0.053180854521698025
233757 nan
008283 nan
007263 nan
129684 0.03824559090629456
340642 0.08524585467332986
448240 0.04055372684720963
129438 nan
340465 nan
233256 0.21385890155518508
129477 nan
006126 0.031963063800145707
128394 nan
342163 0.06949059411781985
232878 0.0053201751103476875
341074 0.006149740446181524
340861 -0.009343689826315789
127074 nan
008253 nan
006873 nan
233253 0.20754116133680467
128385 nan
128907 nan
341485 0.03300694327235493
128358 nan
129516 0.03827405581398616
006312 0.037749321877010286
006486 nan
340750 nan
448777 nan
450562 0.019261082644185062
448855 0.250029601980915
007326 nan
233160 0.2742036594254871
127056 0.26507195875637435
341953 0.015148660792045627
008247 nan
128523 0.052045131959612405
129303 0.15278625614428645
234153 nan
128157 0.04678918529019364
007845 0.16952506360553563
127227 nan
448819 0.10868303838861053
006003 nan
341536 0.016048164594741097
342199 0.030171137007455977
006507 nan
129483 0.03316952236114986
233679 nan
448951 0.22785620347298755
450304 0.017174246954539465
006447 nan
450499 0.019076412443130734
127902 0.056240048212494655
008307 nan
448852 0.24618778123254667
341632 0.02483902658735003
129066 nan
341896 0.023636901189410503
233319 0.1332940302075817
128376 0.011198149787055122
341887 0.023102469671340217
005730 nan
006279 nan
127767 0.0414717643979996
342625 0.019011179606119793
341308 0.08011824066875971
341746 0.02362795481606135
340597 0.043688701826428616
128409 0.05246930327815534
341239 0.14397988324803287
234600 0.07427068740602524
007074 0.07636249254620264
007059 nan
127131 0.08665054269148137
448228 0.04850632803780692
449329 nan
007989 0.12137415257711259
235371 0.1084927534445738
449575 nan
128304 0.015281959455840443
341404 0.01851471492222377
450151 0.014900676787845672
448711 0.1270808958163046
006192 0.0311840157660227
449506 0.08697285851062818
450040 0.014583905537923178
234636 0.07383431612499176
234927 0.03464383359939333
234786 0.059736196578495084
127878 0.028928486758438995
448351 0.05056606575294777
341950 0.03299221065309312
007650 nan
449599 nan
128478 0.013256582002791147
007431 nan
006378 0.16373259971721127
448294 0.09617680113380951
129603 0.04357733423747713
007446 nan
232785 0.08616551898774646
232770 0.24420581800996816
448870 0.2531648063242076
340399 0.2226987599671135
128154 0.045478602565785564
341758 0.10417368139141087
127161 0.035698477151934034
128343 nan
233028 0.08947598038527069
341833 0.07071690294477674
006165 0.03026052410640414
342400 0.030256527906272843
234285 0.001527229944864909
128298 nan
341023 nan
448657 0.07320229969327412
233145 0.2372864903175852
234375 nan
127674 nan
234513 0.23728539450092515
127620 0.1989893134759397
128466 nan
449539 0.2720311838615841
233337 0.14199321409685575
233247 0.2354733945353946
340222 0.02373892426737594
006654 nan
450697 nan
341971 0.0778593957794379
449770 0.049374777930123466
449347 0.021714665722144165
129447 nan
340228 0.01922763718499078
234363 nan
127983 0.06682370831726721
448066 0.19336847264053142
128502 nan
448933 0.23204818006259673
340339 0.09607162172832186
233811 nan
128499 nan
128700 0.147615861514258
342070 0.0265208257132543
342418 0.06072495456240649
450688 0.015058102431120693
007653 nan
127695 nan
448231 0.04978992825462705
006375 0.18602004092803048
449818 0.12936602358088092
448804 0.045005226135253894
342577 nan
342664 0.10899776033967545
128685 0.15487924426671407
448270 0.05773372687990703
449791 0.035108631430299374
448633 0.07364432017008464
127905 0.06649498028811343
448594 0.07284507297334217
129666 0.007859096325263775
449827 nan
341554 0.05641899339556244
448462 nan
128367 nan
449161 0.09169751824148158
128661 0.20616284781943203
007587 nan
448378 0.25519045150323666
234408 0.23366344290435628
450121 0.015317904759967135
006510 nan
008214 nan
234840 0.24454007482516277
449059 0.061948395910717186
342457 0.2711608834966656
127077 nan
340474 nan
340201 0.04984472019602112
341908 0.024053500442908556
129513 0.029669575842600014
234777 0.046932380413882945
448987 0.15421342050004555
128718 0.1567364586003333
340900 0.008038031045721953
233967 0.014364475992787553
235263 0.12933819557927284
340531 0.1626898255011048
007911 nan
450514 0.019263584147054685
341728 0.2052725411270509
449341 nan
234738 nan
448153 0.014093416514414136
449887 0.04139270479716952
006210 0.03151167259014473
128205 nan
341413 0.019168832314708246
449896 nan
449905 nan
128055 0.0989645807460354
005808 nan
450613 0.01854320177956233
129045 nan
008028 nan
450637 0.018802848262311107
127881 nan
234744 nan
448447 nan
449671 0.11800091689055389
235416 nan
232782 nan
448486 nan
448858 0.2545063240771524
448705 0.1615574475652586
449932 0.014930236150347997
233730 nan
448147 0.021491578376752724
449707 0.16686985778258132
450082 0.013877054461005595
233235 0.24299985199077034
450610 0.018312445573525633
007899 nan
448834 0.23112590605390368
342748 0.17262047813052223
128121 nan
233292 0.2466274629711267
234075 nan
341425 0.018562203361874537
006147 0.03103755601078955
129258 nan
448840 0.24322898431722276
450268 0.01763048626127697
128145 nan
005802 nan
005892 0.09168755386421738
234126 0.03694924727949516
449605 nan
449380 0.15366871164452217
006528 nan
448885 0.2184446087138099
233334 0.14101982696042817
448087 0.19763317989245338
128766 0.028859511524641595
341053 0.019477503640311106
449371 0.13840368754044297
007656 nan
340627 0.058633305942037015
448210 0.02430843777126736
005841 nan
341335 0.0369131534818619
341401 0.018628152589949352
127332 0.2283720182994055
341209 0.241297568058175
128721 nan
449497 0.09624529679616291
448363 0.1204156659357672
235320 nan
449326 nan
342853 nan
233391 0.259477907044415
342814 nan
450010 0.01582856026906816
448243 0.041878078349683656
448702 0.18555400632768926
342811 nan
234234 nan
341665 0.021472887387351387
234411 0.24049634403652612
005577 0.1532180812083134
232761 0.23567517392047038
341134 nan
448729 0.04866695740445791
342769 0.10166381410129001
129675 nan
450028 0.016297675314403716
448165 0.009761536310589503
129429 nan
341203 0.20854266972063304
449776 0.1130233007203404
127098 0.10616538448939249
129534 0.14045912892132606
448507 0.027923247170826743
127656 0.060285537961929564
341506 0.014911687126672022
340195 nan
341854 0.02485856744978163
128178 0.14700625002249026
129510 0.0352338571397085
450058 0.014709868128337557
007050 nan
006243 0.09455944495226339
342643 nan
008001 0.19389727318015407
235011 nan
233388 0.2649874341327406
449692 0.17153023799313757
341776 0.023826269335757575
233211 0.18982923913885047
235191 0.0778058244527873
233046 0.028131565609991836
235233 0.20892360941409668
128397 0.03540927308366833
233262 0.23429150798333384
341710 0.0248792204591963
234981 0.17142309782423615
128541 0.16377347628125677
232839 0.16180226979432283
235185 0.07303625061398461
448579 0.1159502809009855
448234 0.05124419832986499
233934 0.09355814083903824
127071 0.09268423867604089
129507 0.029322680026765857
449167 0.06684881635659248
006915 0.06735426390252147
449731 0.10411886184934586
341926 0.02499378187045489
448258 0.03674784255406213
341761 0.11432144701345709
006156 0.031423135409279476
232767 0.24674821869058333
006204 0.030895838661799353
007725 0.11641365720691714
127263 0.04066788733951629
341743 0.11105517640946404
342178 0.027821542093993495
448246 0.04069904675559392
234300 nan
449566 nan
129492 0.012720365372915116
448615 0.07333389161125062
448132 0.05725365829846216
449173 0.07912167115186255
128451 nan
448975 0.24032582055954704
342757 0.027677221903725274
127686 nan
450316 0.015827398451547774
233880 0.17146761671485813
449140 nan
449026 0.18350911870923328
341305 0.08400843388292062
234789 0.06635126916189042
235221 0.26618946844211094
448342 0.029402245920171183
129543 0.15597964960431296
005757 nan
448375 0.2181437573104939
340336 0.08592099992055742
233022 0.042775170765225856
448726 0.06037419687503229
233961 0.015176962980460295
234231 nan
128097 nan
007062 nan
341965 0.02101497091944255
449395 0.19018716055249407
127830 0.2507476443489029
129300 0.143026003761897
448708 0.14545020981440468
342214 0.04713969306340293
127629 0.20480093447799858
234456 0.29322392812972203
450250 0.017439232391565026
342847 nan
341110 0.0939829758383795
340546 nan
342604 nan
127326 0.2062282892532679
235317 nan
129264 0.0024172550156002955
128382 nan
449656 0.051832219100052535
448504 0.029975028265090214
342382 0.22710060745319988
342571 nan
233274 0.2467011396474439
342802 nan
448618 0.07357396019829644
127137 0.11904642317030165
450301 0.01629352245201059
448813 0.08567002513421276
342466 0.1701046941940004
233229 0.24885916709899902
448282 0.13725181525766955
006249 nan
449182 0.10580934298158895
340684 -0.007326383439321366
129687 0.04614443722225371
007584 nan
008277 nan
006684 nan
235197 0.09644174336789543
450229 0.02796524643267273
128166 0.08472942873463878
450463 0.0910935274622313
233199 0.021779562889124807
007683 0.02945699691772461
450379 0.08832566916537123
007524 nan
449596 nan
006735 0.21833957221922604
341293 0.07548816824596097
340519 0.15588349728357223
448330 nan
450631 0.017193027274318474
450274 0.01769335415898537
128004 nan
007530 nan
005811 nan
448843 0.24394365066046847
449959 0.06892358970712498
234453 0.28852059349181164
341629 0.024299161093575612
341686 0.020077259662500346
449419 0.1093806468758746
449317 nan
234402 nan
450280 0.017482566184738056
006123 0.032095092764787385
007671 nan
449272 nan
127464 nan
235017 nan
007308 nan
006885 0.017965751980978346
129552 nan
341866 0.024417702032595266
341884 0.02430031942942786
449767 0.01847111611139207
233097 0.23483506768767598
341434 0.017194486799694243
234156 nan
006063 nan
007473 nan
129246 nan
006438 nan
233310 0.18871976518200592
005739 0.05310220567006914
235104 0.1847126143319266
007623 nan
340867 -0.0075890929610640916
235428 0.004494931962754992
449125 nan
342211 0.031995450693463524
235155 0.23924828488656968
341098 0.09882856820986653
128196 0.1758402318130305
128289 0.03162915366036551
340552 nan
342097 0.025284254091396896
342586 nan
341677 0.02153936517301691
232905 0.13606744382216118
340396 0.18721748291206086
007437 nan
342706 0.26788828103359197
234948 0.05820430422586108
342502 0.0333743446087711
127125 0.10857075358194018
128310 nan
450577 0.019115252721877325
340930 0.19760665636337071
342562 nan
005883 0.048324154618105374
448216 0.029011952280270457
232911 0.14701528980036213
232995 0.009805752486778946
449086 0.19341133285518214
129282 0.07058747079637315
341494 0.022368109956079598
450175 0.016146472143748453
448438 nan
234576 nan
234441 0.2426645368315105
127155 0.16964341116645346
341374 0.017314095345754472
128577 0.18846140833907213
234771 0.03545887676286109
342919 nan
448924 0.23921356228942456
448180 nan
233091 0.019123679536150035
233922 0.26548279319911194
448531 0.027709803505549357
449185 0.19442261599857008
233223 0.2553703202371015
007977 0.03401808763937975
232935 nan
341197 0.22406367510322783
342730 0.26417145263108
340696 0.005487449585445343
234933 0.05645200852252522
448195 0.0016706276372446763
128049 0.11402284531366258
128226 0.10193769326285711
450115 0.015101767721630278
449107 nan
127173 0.024812258109844547
232800 0.04403793143216895
007560 nan
234483 0.2845482635935284
341872 0.023913224538167317
008298 nan
448360 0.08968211701197655
449425 0.1829143049685242
128334 nan
127821 0.2075482367207764
450133 0.015141811635759141
129279 0.06347010848383423
448663 nan
450148 0.014586335136776879
006903 0.04974936682080465
008220 nan
006336 0.17147224764584837
008175 nan
449653 0.051003168499658975
340513 0.16118931634656755
342691 0.2365316698043318
449578 nan
235245 0.25777305628963576
234993 0.2530216931237115
449050 0.27168517607122367
340912 0.04853271018891108
128475 0.011826824439085531
448030 0.06307340708989946
232983 0.011240525220437024
128232 0.1356665227320287
341860 0.024073284769815115
127803 0.12863366679539756
233175 0.23072311715346638
340324 nan
234291 nan
006195 0.030585339460423386
006474 nan
340876 -0.0047638019536375325
448786 0.020213962736583893
234366 nan
448837 0.24245518815420675
129459 nan
235143 0.11839608471802993
234462 0.2764866681254599
340744 nan
448768 nan
341080 0.055832843511403135
341635 0.023234705180054216
127986 0.002108687446230934
006483 nan
129267 0.023565887593898643
342610 nan
233424 0.008160059414212665
449194 0.14254830807045116
127248 nan
342883 0.018365844847664
342187 0.032329545134589785
342025 0.057597599088138524
340213 0.03226395612040525
233478 0.024940364070670306
235299 nan
127917 0.14025331778434685
007968 nan
342520 nan
450358 0.027048171911024512
128331 nan
006117 0.031300055034576904
449434 0.22314269804239695
233892 0.20536718368530274
007581 nan
448129 0.07192968484225457
449974 0.08092629204968753
127569 nan
232881 0.02114992040805716
006783 nan
234957 0.08701952084580153
341647 0.021953748016761098
342127 0.07958318891979398
127446 nan
450340 0.013710154427422416
234213 0.0018090495356807002
448780 0.019920480314385956
128127 0.009214609388321165
341509 0.01379077396695576
449122 nan
127110 0.2928802550785125
234906 0.07881376090261283
008262 nan
234171 nan
005874 0.03674524333201299
235368 0.11777608120252217
234807 0.10837455509471243
232758 0.22707735278466123
128313 nan
233652 nan
449560 nan
008256 nan
341815 0.10606384061091069
341653 0.020970739204597043
006864 0.2115771576525673
006354 0.19673899407649892
006426 nan
233919 0.25266841858152356
341176 0.04383950881541721
342436 0.16725029600570654
340237 0.2512367158741146
342622 nan
233712 nan
340846 -0.013411582462371341
449869 0.046674862109794824
449902 nan
340747 nan
449842 0.0591219323022025
006093 0.014249805840655399
233628 0.2727597270693098
005685 nan
340543 nan
127062 0.2640376206527875
007608 nan
450604 0.01896168693663582
128490 nan
341782 0.02393918819528408
127824 0.217990246665681
448300 0.0008677679394918775
234414 0.2448397651551262
007158 nan
340456 nan
234585 0.05186410650374398
450628 0.017840287042042567
449092 0.2172371093942183
007344 nan
235239 0.25043129063804087
341260 0.15002097924910796
006399 nan
234336 nan
234651 0.30035952540806377
006411 nan
448549 0.07597607933253608
127671 0.03598792212350028
342001 0.1008376091245621
234246 nan
448882 0.22456053413959765
342217 0.06112573428549253
235365 0.12676793984586648
233007 0.01919834106687516
005916 0.2458704535049979
340270 0.05255718248020825
127707 nan
448390 0.2810105168398507
008295 nan
006870 -0.012432223274594261
233904 0.20853512711836125
232926 0.12692824242606995
448489 nan
449377 0.18238096777814317
128562 0.2358580643950219
450262 0.017690282289673682
450094 0.014478816683330235
127638 0.13792532641871447
006384 0.11779627935901439
450670 0.01795201225886269
448078 0.1106231205047123
005571 0.18607777867998396
005955 nan
234942 0.08735846716260152
340285 0.12573646376807635
129273 0.04606138865152994
448285 0.14251935418951445
234672 0.2930768330891927
450259 0.017721012471214173
234105 nan
449074 0.08051242241783749
450418 0.018436088259257966
448315 0.0064277346172030006
342670 0.1583480414648549
450079 0.013597046887433087
448573 0.15417841400316684
129327 0.16980500556444092
449824 0.2495345464393274
341083 0.05841267638736301
448801 0.023799386495059735
235014 nan
127908 0.07453331213477891
129471 nan
234186 nan
007272 nan
448588 nan
450352 0.018590468735921947
235332 nan
233472 0.06239936288702426
006153 0.03199200403122675
127374 0.28567956742786227
234399 nan
450052 0.015377635047549293
233064 nan
450157 0.01516854069220326
340297 0.16870921697372043
127788 0.07994626346298837
233001 nan
127014 0.2749690171126481
340828 0.21258803574496474
341437 0.022122862117360777
448954 0.23429889546038796
127581 nan
129207 0.020713096427684593
341794 0.050383773544994105
008244 nan
340609 0.0405643695016616
233598 0.2761943272181919
450634 0.016604524756234793
448525 0.016314243303194666
008169 nan
449350 0.02208029782330548
128277 0.04751597594542058
448915 0.23281816706327665
127689 nan
007551 nan
341890 0.025013846695107755
342685 0.2476633259056279
127314 nan
450478 0.037693214164209114
342613 nan
233241 0.25077808351849445
234633 0.052261986808171346
234780 0.0464796745587909
129243 nan
129504 0.006987254365501489
233907 0.2096925146479971
234318 nan
007848 0.1518961055060258
234801 0.09296847449408636
449068 0.07742903976844101
128373 nan
448939 0.22712903526752953
006228 0.05086045206328969
235065 nan
128454 nan
128430 nan
128445 nan
005817 nan
128649 0.13907882269045896
129417 nan
449503 0.12678697090300303
127602 nan
234471 0.28520996541732757
340408 0.25437352082646647
450322 0.01574054407694983
128229 0.12458379660517022
007047 nan
127848 0.21314872148758854
128172 0.11629900338755315
341737 0.1966810157882062
127974 nan
234570 nan
448666 0.011661054385822704
341311 0.06690728393351762
449689 0.16596406579588305
235158 0.26474758692578876
448324 nan
007974 nan
448828 0.18763055410457147
007992 0.10680410085049441
340936 0.2036575280453509
449476 0.17058420181274417
234714 nan
340540 0.12657139036390516
341470 0.05541813924774949
127563 nan
340651 0.08478959779890759
341191 0.24422244094142403
006186 0.03063023063330964
127920 0.15838921489676086
448648 0.07317104793730236
450202 0.030962001709710984
129678 0.02737635960654607
006390 nan
234201 0.00384647438840038
450349 0.019831930308535403
007647 nan
448291 0.12989522972885445
233304 0.23075932962990506
340630 0.08562005015592727
233379 0.26645372538301904
341488 0.03231906890869141
127245 -0.0033001918641347733
341863 0.024135554278338398
340261 0.2357004229535587
127080 0.02299939513837219
007749 0.13460051300179243
128202 0.02602865733797588
129003 0.20481014630151173
448651 0.07326945047529917
007572 nan
342835 nan
342913 0.06283256931910439
006258 nan
341836 0.05559862227666945
127035 0.19984468127053884
235203 0.10784566714250346
234705 nan
234225 nan
448222 0.031056883473875658
234609 0.10484409760079604
008271 nan
449353 nan
342064 0.022056796563365472
448756 nan
448981 0.21671855229081977
450088 0.013745759530042215
342916 0.06369358395773267
342040 0.03368672216781462
007410 0.29743790868898967
128496 0.01720190931249548
127587 0.030367152400748443
233958 0.014887927070496574
007854 0.12555969510759626
448597 nan
006918 0.07524869227535509
234084 nan
232953 nan
341383 0.01784382358429924
450271 0.017661472026452997
232929 0.03676404379933329
234534 0.24117278322774735
449860 0.031264146169026695
006255 nan
128781 0.04832949051781306
449320 nan
005856 nan
449485 0.09609618830302405
233277 0.2428211140877805
007626 nan
448501 0.021152911248145164
008226 nan
128235 0.13926753025803848
341563 0.11787289348691969
007515 nan
127209 nan
006324 0.10940843410592861
233217 0.24780949815871225
127044 0.24890644704611453
234306 nan
448081 0.14251289064922032
129261 nan
450472 0.048840305792591555
342583 nan
128481 0.01476573271305683
342430 0.1293969093185063
127827 0.2421112845302086
342631 nan
128064 nan
007878 0.02360601273794023
007779 0.26391987346833157
006057 nan
234783 0.05831433369729525
233739 nan
340618 0.06088578823456466
129231 0.12576081735116465
234423 0.230645795951143
448624 nan
128469 nan
450394 0.10659627464179543
232908 0.0930276820583949
128589 0.14771290214694277
232914 0.1588854757295985
235293 nan
449407 0.24626700641456584
233151 0.2519815371603127
007791 0.2763922637552361
006171 0.03205193867759099
006105 0.023726087713998464
234393 nan
232860 0.14083159915984622
450097 0.013338551769991852
233190 0.16442450325789806
006720 0.16062894178076265
234897 0.05583002561884943
007896 nan
340897 -0.006892591917595894
127116 0.060196292883925126
342820 nan
234723 nan
007731 0.12092259724934896
449047 0.25354946469083245
006207 0.03179368329426599
127188 nan
450184 0.010624083261641245
129441 nan
448135 0.04583256282503642
007866 0.06664986357502452
007548 nan
233436 nan
006924 0.0928789879802212
234540 0.2545653640750855
005853 nan
449101 0.21293523430030772
007869 0.05990215790506852
342676 0.21676949556216912
128271 0.06165091575138153
340669 nan
450307 0.016046147497873458
340525 0.1732207726914383
342568 nan
449797 0.05408312115898575
234903 0.08032705381974431
341533 0.016129346412034555
447997 0.18796501259079645
006414 nan
233052 0.19952160044151468
235266 0.058688255639567324
129594 0.025184328593905007
448654 0.07287098112560454
235134 0.13390874711294024
449614 0.15082786196754092
234816 0.1683213824317569
342652 0.09371640947129992
128046 0.11155039408850292
006300 0.011967832133883523
234900 0.07543496782817538
341284 0.07460709092039497
340570 0.14372782305483417
235062 nan
449563 nan
233019 0.05119284372481089
235008 nan
005703 nan
005844 nan
450043 0.016057405017671132
341962 0.025995504288446332
449884 0.0408486563061911
340591 nan
006051 nan
129474 nan
450484 0.019417934947543673
233073 nan
006162 0.0319652658290964
234612 0.06174987429664248
450130 0.015315147934767305
448084 0.17226648086156598
341476 0.045230335659450956
449806 0.0631430888153703
233340 0.1341041593632605
448321 nan
340816 0.2296739148258961
341650 0.021846554266712653
340381 0.18441174003272373
449041 0.21004477338778127
449698 0.15573523522544652
005580 0.1620641555403707
233133 0.2318432533017335
128280 nan
129489 nan
448849 0.24433028240377455
006408 nan
005898 0.13815112246407404
448264 0.04282370824662466
449644 0.07479309573165113
233298 0.25414137726825736
127845 0.24535295664305856
450346 0.017578507226610942
340264 0.20088577556647028
235050 nan
448942 0.23372590071343904
233166 0.26118328562909754
341695 0.021436959687024533
007620 nan
448279 0.1125416017714001
129555 nan
232806 0.07390475620037663
128574 0.27073389741646114
235029 nan
007755 0.13128260031751052
340249 0.05522249557159758
341230 0.10473753434025038
342376 0.16512502831756753
449911 0.014790128778528283
007416 nan
127851 0.22457388722832117
342484 0.013071020444234213
235398 0.020757398151216053
450673 0.018283094678606306
448465 nan
007842 0.1724168562510657
234198 0.013172823285299635
449641 0.08866647891897374
342661 0.05558064045050207
007986 0.0516553218781002
128109 nan
341056 0.02256291101849268
007419 nan
448441 nan
127884 0.013561441784813291
450442 0.01945083211609025
128217 0.0567549571158394
128322 nan
340690 -0.0043949853806268604
006723 0.18632859556583048
449344 0.019138397813654267
234804 0.0926418389898047
006687 0.013399244300902835
234141 nan
341818 0.10196925403143167
448672 0.07265791817316933
234237 0.07568537567207874
006750 nan
005973 nan
341455 0.0172648827234904
450682 0.01617223821800042
448144 0.02356028318545315
341251 0.19513716642188017
449803 0.06765920586056179
234477 0.29307333476298675
233937 0.19946784667192674
449473 0.23596139231686872
450406 0.03364400863647461
341101 0.10443540479541684
340675 nan
235311 nan
449113 nan
341275 0.1636757239380567
006900 0.04924239785395051
342556 nan
342184 0.024621965393187506
007590 nan
448636 0.07249567243787977
450367 0.04603822032610575
450055 0.015421641062176413
448747 0.024305264155069988
340522 0.16735016429235067
233910 0.21172900859460805
448192 0.00029535682833924586
232998 -0.0032527711656358507
233094 0.2090513661322272
128763 0.028307584227708283
129345 0.16628921075618308
449023 0.19086212547654544
340294 0.1644544539108775
448276 0.09291302817208427
128568 0.29182119475750234
128715 0.18204774293634626
449929 0.013591327364482578
006159 0.0314954357382692
005805 nan
007602 nan
449302 nan
129240 nan
234354 nan
008223 nan
235296 nan
448183 -0.00016093632531544535
235284 nan
007767 0.14488149679661283
342076 0.1563628228818646
450553 0.018993241446358815
450085 0.01282852604275658
007518 nan
128412 0.07518772851853144
342439 0.2080241539509801
128553 0.19970799907476344
341086 0.05704638383433245
234669 0.31070482163202195
129213 0.0254592847342443
128802 0.10971651515182182
341749 nan
007236 0.18102905939495753
007611 nan
006234 0.06344006742749896
341290 0.08306977622723455
234081 nan
450502 0.019025636097741504
341611 0.10082552474462346
449383 0.11571807008448655
232818 -0.0046874745182259375
235137 0.1206666969117664
127140 0.14418925267678723
449296 nan
449179 0.09329996685996012
129369 nan
234963 0.2271568737332783
449944 0.01617605865947784
006036 nan
340489 0.0619204267966971
450493 0.02474068933063083
234330 nan
127572 0.020422803031073675
448540 0.05687292795332652
127725 0.009278895362975105
341725 0.19276984853236953
234138 nan
340555 0.16060418552822536
234510 0.23965462998763762
007995 0.12620341617691355
233016 0.05139986484769791
448303 0.0008792014349074591
007746 0.14719367784167092
341155 0.05367914551780338
128487 nan
128595 0.14879472983651468
448309 0.00024545003497411337
007527 nan
449989 0.09588320321685435
450205 0.030662417266249506
007857 0.1027344842490132
340687 -0.0037860567607576885
450508 0.019129613846067397
448018 0.04689266676264826
127896 0.044771399357421596
127836 0.2434692529718329
128703 0.16946192276783478
449635 0.04951379311778558
127743 0.055890548039996435
008301 0.01751734264313229
450214 0.01944829763468701
448189 0.0012824674132009034
129699 0.11970602475405855
007773 0.22463710685546776
006402 nan
448603 0.07257407809060717
450490 0.01926933867590768
450415 0.01885084500388494
233109 0.25798320833337374
341032 nan
234795 0.07926758245569496
449749 0.018359364235422178
006201 0.031142630064087993
449620 0.1383455344026633
127962 0.31301560325276007
129519 0.0371722537801013
233976 0.01684554073889706
128505 0.2766561988259659
233874 nan
006231 0.045809268951416016
127584 nan
007599 nan
342841 nan
448555 0.10768527486336925
448810 0.03493749507247814
129456 nan
341548 0.04013726801153213
006423 nan
449098 0.21665073342593447
128808 0.17840413223401677
128073 nan
127719 nan
234378 nan
235113 0.2226349876040504
340678 -0.0040462744509311786
129123 nan
007422 nan
235329 nan
449422 0.1542658576619328
449899 nan
127866 0.029728265035720097
448552 0.09188779153100607
341551 0.0472847604986482
449878 0.033596673943076645
341500 0.018011832723812182
449704 0.16277866298649588
129249 nan
006066 nan
450034 0.015511017753964379
234768 0.035687532122173
341596 0.016211709522065666
340498 0.11264477924806397
007860 0.0830631026556614
006594 nan
449719 0.04398404497678588
129462 nan
235335 0.09916227961343432
233466 0.0874744663162837
006102 0.023189936095084192
448483 nan
342679 0.22319934839652056
340267 0.08910214690124096
450310 0.015617647625151134
006348 0.17968196228898048
449011 0.262654586207299
005748 0.14794094288716464
449686 0.17002123082216664
127278 0.14133981918592792
233295 0.2509510303913494
127203 -0.0071016039167131695
128337 nan
232977 0.01958428488837348
005676 nan
449461 0.253867805659116
450586 0.018902622202716806
340462 nan
448519 0.06105277096783674
340663 0.05389381968785846
128211 0.03866329563147597
006930 0.11383048776411707
127158 0.09905059280849639
448336 0.020790658678327287
342595 nan
232842 0.16326857478169898
128757 0.02854335443232876
129630 0.23773633485912818
129549 0.11328208656748345
450373 0.06240004784082907
006531 nan
127101 0.1165698596409389
129639 nan
007950 nan
450160 0.015060741750020831
235167 0.15674524262790632
449332 nan
127041 0.10489774128747364
341338 0.016437642968971444
449053 0.2840942575294966
235305 nan
006129 0.03203774255419534
340312 nan
448738 0.0379533464946444
127722 0.007167210654606895
449119 nan
127998 nan
127149 0.19701857604677714
007542 nan
234426 0.2182622498305386
449980 0.0711075763756733
450118 0.015059816053394829
127968 0.2601516999475119
342166 0.055892065567075065
341608 0.09270326314509501
006846 nan
235404 0.021066784227966633
448960 0.23417254124251635
233163 0.267212880282026
341440 0.017569400961436922
129528 0.08587687103836623
128484 0.015352910662454273
006168 0.030636074429466607
006267 nan
