005742 0.137332669386627
449914 -0.04475207570716439
234258 -0.13139702590892793
447991 -0.06140914504135995
127233 -0.14041558022757256
232965 -0.05851439782888107
129228 -0.1560873358157757
232872 -0.08050386038857343
128895 -0.18884389448738564
449857 0.024426600044688704
005745 0.29206170040544155
450403 0.005394043651810475
340834 -0.03423473299992595
235425 -0.053479562307093886
127875 -0.08209482641965406
449722 -0.02132764227868884
448273 0.006597774445064488
234159 -0.12197645229968186
129633 0.02393342131854171
341947 -0.07843241793461742
128418 -0.08987180987039091
449587 -0.16107832210373943
233592 0.0601570101093637
450376 0.04343884449199026
233139 -0.04829828795303249
233883 -0.14446136914217667
234753 -0.07377333764018049
233280 -0.09783986662307491
234063 -0.12558674433874706
342082 -0.046263512581170146
129480 0.015175469206403721
340459 -0.15249947119535698
129012 0.2557643963301062
127107 -0.053984214010692776
234924 0.02030204250253772
340681 -0.07250859859176996
342850 -0.148233275035071
008280 -0.14028402504961857
341104 -0.09306711705801692
449164 0.08340720385192485
006756 0.050093038930914574
127230 -0.13915092620124667
450127 -0.005340274438143718
450382 0.04262902448887434
128733 -0.056474645853419825
233112 -0.07081082659736733
341959 -0.06632330035010561
234480 0.031065222659838673
341680 -0.06456469545632842
127899 -0.03158730905651467
341215 -0.07318367619960048
234294 -0.18017791066081223
235149 0.03035452807524269
341524 -0.07624222800752889
128931 -0.09473850764925518
234525 0.062102440425327844
449305 -0.18056967998686294
128070 -0.1845838821083257
007434 -0.21344888258953484
449713 -0.0415793615733232
450172 -0.00040010976735060173
449530 0.016338087164492806
234450 -0.09562338108394855
007638 -0.1625108659480186
007293 -0.1722345419060308
128460 -0.14626718035017208
341713 -0.07283910080541219
340216 0.1278988186276569
127224 -0.13697426500602544
449953 0.02375032985249404
006270 -0.14884410024116543
342874 -0.11554338344923411
129444 -0.15626802503692436
128745 -0.058668237052198376
340576 -0.07921983865537036
006420 -0.14243767450726222
006897 -0.059958523881000994
008058 -0.1495850124056377
008274 -0.14182424255998144
448906 -0.04448856654963272
006264 -0.1513474755396498
342592 -0.14151375876231628
450568 0.006913907012866436
235089 -0.17178124908267997
448498 -0.1250173038605037
448126 0.03068129203360129
129234 -0.1953852709333814
341812 -0.06978630441623349
341407 -0.07966048538120576
233970 0.025952856983166184
341254 -0.056302855364692504
128751 -0.05238828710897222
007788 -0.08136625953646373
341026 -0.1436609494844728
127857 0.08674283325381578
007338 0.0038363674260251017
448312 -0.021994726220556447
007776 -0.09934055913621233
449893 -0.03877930478200019
233322 -0.04479436793846054
129312 -0.029202215046297074
232950 -0.02032933483600363
341152 -0.13831886931164078
449752 0.025503821659773118
128904 -0.1757802320797667
341245 -0.07018199316061034
342469 0.06418177070230824
234918 0.04197540474765592
341092 -0.09690358271616947
340648 -0.025607599516627288
448567 -0.09700837129399555
127809 -0.05558428670247049
235341 -0.09670882271818922
233385 0.16885637979534746
233148 -0.04449286252733261
341419 -0.08218602686060147
007917 -0.16516481211633852
341332 -0.0635349744027212
127806 -0.049801218749354136
006690 -0.05106589781107398
127083 -0.06146941487751309
448039 -0.03461179102539385
007614 -0.15302049315491534
128565 -0.045997751520860955
342016 -0.047746829773376555
448495 -0.12076544140122072
235206 0.038785209835038345
128688 0.2885762341042734
450583 0.012062593945910909
005601 -0.14415556854671902
342904 -0.14314398281605384
450208 0.014228142592770035
129690 -0.02850767767798783
007740 -0.12309123434432277
006681 -0.06963974993000079
449392 0.010285531781272825
234243 -0.12239340705781103
448918 -0.02088101795296264
341515 -0.05692298869311426
448513 -0.10711695572697938
450667 -0.012695642163953573
128526 0.003592001535605449
341512 -0.04907315969265865
341755 -0.08551486247861129
342103 -0.056749724092234666
006714 0.0038864829439476493
448969 0.026895870079068896
007641 -0.15196902076548854
341773 -0.08438935309411986
007926 -0.18028093174011975
235242 0.022220185300072175
448477 -0.11372725066519554
341920 -0.08832925794242327
005796 -0.11527452448734779
448387 0.12344002765742981
128571 -0.07595022476970158
128754 -0.050872246787508686
449740 0.0030304995149391433
129084 -0.12823516508889576
449971 0.06116680092429564
007554 -0.1774463733705152
341938 -0.08677327691980123
340660 -0.0813096408077799
005727 0.020605686105906018
450004 0.04462722625619922
128778 0.006240014910300809
341998 -0.04630275465069081
127716 -0.14844315644704698
341200 -0.07902880697820483
234615 0.022016887981237
448015 -0.050032683535473445
342370 -0.06761387820403456
340657 -0.07941252214663293
341899 -0.0816099632713907
448921 0.008241004770322762
341623 -0.06050364305222776
127779 0.023088320111920996
448990 0.030188708779030567
340849 -0.08044605020758369
006711 0.15000935289817474
127593 -0.1430061897089669
234627 0.24252252565968627
234228 -0.1314092845787752
234498 0.057395745356937714
340822 -0.00010414078833259261
234750 -0.07652746779578072
234438 -0.0803390381828187
450196 0.013512095152442997
342709 -0.09933902204982818
006054 -0.17539408575060736
450457 -0.007066287893537321
127605 -0.16414687268520986
342697 -0.051679454685304646
342112 -0.05677283619793706
006876 -0.04239761487516777
005889 0.12512881212164348
129711 -0.13811776150737923
007425 -0.16393930365600412
449452 -0.07589853207346296
129546 -0.10441590374079503
006111 0.13507779542973158
341128 -0.1382520032931413
232803 -0.01022610312883013
007413 -0.1394440862035826
341809 -0.07013348191579183
127575 -0.16761624000289224
449521 0.013163458961189447
449908 -0.042494461973363214
340438 -0.11623742691380765
006318 -0.07410574372774824
448690 -0.12392458698857067
127752 0.03622051530143841
129432 -0.18823661314816442
342022 -0.05018851068088483
450199 0.017712858929150792
342628 -0.13817580484337327
007893 -0.13036859346978977
340279 0.2443302426282729
449512 -0.008700787677049293
128655 0.214961749584538
006819 -0.01642205382548677
448576 -0.11727486304820528
449782 0.040186624462300854
128130 -0.14514692085264075
008250 -0.1650483847008467
342379 -0.03027264107190185
127680 -0.15396464949894406
341395 -0.08333937355913049
235230 0.05165650818374131
008217 -0.16601406725012455
129705 -0.11046041846169027
128094 -0.1791269025958323
450460 -0.008533238577795562
340354 -0.1408806477043456
341569 -0.07166920321847729
449830 0.09267283601998953
127653 -0.17770717089880847
235038 -0.1998732462060288
450256 0.0052157055808669224
449323 -0.17734915923236302
448723 -0.12615818399805445
007764 -0.09764680400157591
340495 -0.013199458472796802
342739 -0.0005247914681390739
127176 -0.09260639004816665
128739 -0.036915127082080494
342745 0.05213657229665726
006693 -0.029359242929773145
340516 -0.03953104622863256
450676 -0.023525879795937916
449758 0.026524760926704763
342172 -0.08504018747752486
006141 0.15370276785821935
234759 -0.06300003001422357
127302 -0.08154435472174004
233103 -0.07599317926029953
450106 -0.015467149191212993
234165 -0.07087070922101886
449200 0.30249270128018524
448237 -0.022597361981018447
449002 0.038506049519598594
340711 -0.09788031690662198
007065 0.06597694916972681
450154 0.0013581104456873432
007566 -0.1732103506815231
129342 0.031230136963757458
128673 0.2666202507970555
234183 0.0263491433274896
008241 -0.16161592799828509
006879 -0.05435495171664495
341770 -0.07836243505119597
233382 0.1614846111561402
006534 0.22497921617122998
341584 -0.07604132429254534
341458 -0.06860758722601575
129339 -0.022920132297039653
007713 -0.16215248715474412
233349 0.13647911752179778
234765 -0.029517519766756203
450334 -0.004248862057473529
449866 0.013776987081482296
235386 -0.06523516236158905
341065 -0.1297923508942257
127977 0.12438662656711184
448138 -0.050349683988662006
234147 -0.1453545874786211
006294 -0.06224447128556397
340435 -0.13266555655067266
342616 -0.13510294049052138
449500 -0.04391600653011366
127341 0.09790194728387097
449845 0.07063375136099219
234192 -0.043248540003287934
448141 -0.06646516450383791
233049 0.00146036430311351
235356 -0.05550936432304915
340819 -0.0010232701408164984
127893 -0.03558764545432417
128607 0.11480764410961633
129291 0.041628287952657377
234168 -0.05312255952749053
450388 0.03609102316776789
128187 -0.11340075253787385
235098 -0.1613939837523589
234618 0.30190371560098955
233313 -0.06913031908888888
450547 0.02333213752014889
234279 -0.15859823223080147
234150 -0.14469681247304225
234420 -0.11403495070702521
235401 -0.03960406586170003
006219 0.159890559060233
448561 -0.09779832929703364
232986 -0.054642279163791545
235407 -0.0403546459006821
234909 0.019382954430481814
448006 -0.05058249949321198
448699 -0.11902370767070637
234372 -0.1793402436447339
235041 -0.20674560855834262
341362 -0.0807695562265963
233799 -0.16682917125641353
340888 -0.07723145406142841
128265 -0.1145266970449204
342658 -0.05862206795212838
449170 0.017666834051220014
233037 0.07552395497229815
340204 0.06570628901496228
340240 0.11782049538966753
234774 -0.011910716953961701
233070 -0.1125868992221723
342124 -0.05783069453218841
232947 -0.0359236060762081
449212 0.3218858677874167
007695 -0.018133344928379556
341062 -0.1339917192786261
342079 -0.05342944207602658
342385 -0.028771608989515213
449206 0.29007451604177925
006225 0.13218384281037346
448219 0.07014500965127253
128919 -0.12369239040726135
128115 -0.16129908178841001
007659 -0.10042036216559766
007998 0.23297957332345276
449146 -0.06419011034085764
450412 -0.004929981365928496
340879 -0.08320119861515096
007545 -0.17800986929277743
448612 -0.14391317133607628
341140 -0.14827138889950717
006429 -0.14177319864747387
342373 -0.0544580603703581
128799 0.13686379081508893
007971 0.17163966874130737
449800 0.1355859857735875
341707 -0.06503460273459077
341263 -0.039600046127911535
450313 -0.005921016878814814
127749 0.014317971021850708
128535 0.019670104340836762
448894 -0.04955568270909623
450328 -0.010317334462071824
234990 -0.03622830197544698
341119 -0.11215282777200802
340858 -0.08099809782631996
341206 -0.0777961347222805
449416 -0.014835032301821875
234099 0.04708031682304411
008292 -0.12565542465246818
448120 0.06535511223069272
234762 -0.0744168031069289
232962 -0.04315674144519937
341740 -0.08101814856590141
450409 -0.0003637417722786426
450343 0.010253486621600149
448099 0.16647594222605552
340840 -0.05806422388465625
448357 -0.02686730424952871
448993 0.052015815820571056
006906 -0.07934218894523631
006276 -0.14798412121162213
449920 -0.04625580248117161
127104 -0.04310066137124021
232821 0.20456884145500867
340231 0.1853494432373177
129129 -0.0498038650189758
449398 0.049046572446361604
449308 -0.19379129810991688
234546 0.08012558716333638
450103 -0.019826109517584352
129672 0.06898356345493648
129696 -0.06083340046209691
232869 0.010141268921368737
232938 -0.14157087092546625
127251 0.017030854057880882
129708 -0.1250956246050619
127089 -0.046709750298740096
128136 -0.14303683508526197
449356 -0.11148214700491613
450496 0.01662573163741038
007668 0.04589824575434852
449581 -0.16283523563136235
342478 0.007965283557063055
007983 0.241114527074888
340621 0.02039850992686429
449785 0.060683050749866664
341380 -0.08403389162320304
450658 -0.005084933935424383
234729 -0.1289163433210026
341614 -0.04884764274201998
007797 -0.07472281604390668
342784 -0.07917949131556919
234387 -0.16729139688654432
342448 0.12717769872756965
450481 -0.0009099791619233026
340714 -0.11467254240722811
234972 -0.0860024401944587
128052 -0.08653057745747428
235326 -0.1122097434730847
006132 0.15393535229338318
234624 0.25545226269610033
448042 -0.026241383976355552
234954 0.019222547268259994
232791 0.027021457579288026
448888 -0.051847935680891605
128301 -0.10559702238447825
128724 -0.04834057802325237
233928 -0.11321325913279916
450022 0.043927143203143074
128340 -0.15882998717854177
449491 0.08414860631763507
006933 0.15805209480710686
233010 -0.022688679022677242
128013 0.04939240995926443
340507 -0.011804772394863062
128118 -0.15382969246246145
127980 0.07521492759029184
128124 -0.14726429922335046
233067 -0.097837337704878
235419 -0.05678688241548761
449458 -0.08294265901686257
450355 0.026556400585285037
008289 -0.1338292082057718
449743 0.007012042549973274
233955 -0.01670596472110323
127833 0.003569798540326164
006996 0.003957061004766338
006513 0.16813314580181069
129465 0.03190491083985716
341377 -0.0854536436406979
342043 -0.05246755828320301
129597 0.08539298448640806
341797 -0.07645306228357318
007011 0.012023030752879145
341644 -0.06668355867877387
449725 -0.01874662847017271
232833 0.26228777711568113
006432 -0.17549331554029352
450487 -0.0020938601271048634
448543 -0.08790686420933147
007692 0.0026353872163360063
128238 -0.1456257768924521
007953 -0.07688031720317588
234747 -0.08286197606557066
342607 -0.13442085207594434
449359 -0.0877887674425014
450001 0.048204267911776004
448582 -0.14052461736837182
127965 -0.026231754683996654
128592 -0.15017922856935004
448585 -0.1438006845959954
449542 -0.05315505925374082
235173 0.13473023265541423
005862 0.0006727432087345397
005799 -0.12137006936858899
235119 -0.09405778599776428
340666 -0.09106943386070154
128772 0.02604656663771208
449401 0.05260978137293772
340906 -0.08835740194301074
450685 -0.017787473086395243
341803 -0.06474565874591907
448156 -0.05199606125750916
232764 0.22159366306557668
448171 0.022294407463693003
128016 0.11899160183296002
449611 -0.13553638729765174
007203 0.2836092595242147
128415 -0.09427846772811917
233121 -0.06006285815658008
342445 0.11848764808487283
128283 -0.10149704862142586
342742 0.022374766031171518
449533 -0.018895266344084758
128439 -0.1470926712205501
007044 -0.11063578189947668
342055 -0.05393246428338845
007038 -0.11830524569563036
234621 0.2326838721562179
129315 -0.05317264476645736
128967 0.1452982481121271
007512 -0.1773049757674864
007428 -0.1931433098626023
233727 -0.15529584458896092
341125 -0.1250889234100869
449365 -0.049413326225211274
340360 -0.1447414677470098
008154 -0.14550343603348662
448207 0.04426186046903095
127566 -0.16856611075969732
234339 -0.18942840180083717
341113 -0.08540528954524947
129411 -0.11102335024539224
449548 -0.10146718558066281
006717 0.01712588905218636
449404 0.03029702102744972
127179 -0.07324550929911211
448054 0.07013347179768178
128694 0.255283606575162
340234 0.1842203653348435
234528 0.053097480743650415
127860 0.061242499663274164
006726 0.04401249218623283
127650 -0.18575396479598494
006894 -0.06959922811071348
449017 -0.05248858653375408
342766 0.12093272237550645
341587 -0.07382090739127872
449470 -0.02281320611365528
450241 0.004696298556941573
234405 -0.16376475344524846
233202 -0.09856470729714245
448846 -0.06527767536678489
450454 -0.009384671836138267
341911 -0.08262640613843024
127887 -0.031195989486818405
340633 -0.005903876630613618
129525 -0.009878763328271454
006120 0.1513849301707177
341839 -0.06928419788597498
234264 -0.14385433803662048
129132 0.04683213763766819
448984 0.05900900219749532
340558 -0.13477973403597432
450187 0.0034033114403530964
450238 -0.0010609901382051196
340198 0.0640490523543158
450013 0.05782201654948886
234939 -0.04606598968597627
448168 0.02737421751713146
127644 -0.17811778305844791
449983 0.07676779921502012
233607 0.071182682400658
007956 -0.07039665591520002
449020 -0.07631918639262347
129039 0.3355608137827071
005964 -0.1508069125723926
448162 0.01073415948156237
128424 -0.11206806390614774
235152 0.04014423647590361
233283 -0.09759525370338941
450061 0.005002287959363629
233964 -0.0023494317636385082
450592 0.004557847305858374
340444 -0.13898514103426926
342589 -0.14099010582943824
006393 -0.18662897424665764
128667 0.2496279925261102
234135 -0.1273138590762683
007605 -0.15173469294780048
233013 -0.00894924650245508
340933 -0.06712511586670414
341800 -0.0698038713231837
341497 -0.05615146527324349
448459 -0.06299606188768171
342100 -0.05567109146588827
449527 0.009756184769199273
340579 -0.06777046235706263
007875 0.14646662366516694
006849 -0.10725603573649378
342397 0.009267994547640043
448669 -0.14518679135291507
007962 -0.007569134377904376
005694 -0.1997698889134246
127197 -0.011541721682069163
127578 -0.16168272276614287
127971 0.12742952604355653
234999 -0.14889470012404346
234582 0.013349255765246645
449065 -0.09651562340949554
233343 0.12122456146242876
450277 0.013957440450378352
341605 -0.07716085650441455
007596 -0.1521762224657609
342424 0.05259520630754165
449617 -0.11445058590520625
006945 0.24607174298916645
340693 -0.06051728327499965
007197 0.2815929261464921
448876 -0.06698718255979656
128511 0.1000728528820794
007839 0.03678625615523108
232971 -0.03788729645539261
005697 -0.17966017374916682
449569 -0.17449003264489968
340810 -0.01970597461108966
342694 0.0005092742324879897
128274 -0.10105865923714434
449536 -0.03150895896401958
127641 -0.17960803284285304
127608 -0.168467301290154
340843 -0.06116569995760932
128151 -0.12314534565759085
233667 0.14803526893494623
128706 -0.055537097480734016
450619 -0.004681178504252047
342013 -0.05153044926595287
449488 0.04372410449135439
448252 -0.01687910087079672
127761 0.03229911086420534
340255 0.13475357948229671
342733 -0.047050130171495376
006396 -0.18101695328162457
448879 -0.06573396279028357
342094 -0.05775467394229443
448090 0.22117346925467657
127185 -0.059128087110760494
129435 -0.19220251095254234
006435 -0.16431540488738058
341722 -0.07534625855729894
449881 -0.019574760520879395
127272 -0.025667413596122984
233670 0.11196719059327832
007497 -0.17463575546885085
233331 0.017622271512705148
233403 -0.012202765819948672
129336 -0.05440409608589588
235212 0.0658311219260515
234660 -0.14699742074996708
006012 nan
340402 0.04727684199568001
234204 -0.0950355212839823
449104 -0.1053073160361663
007884 0.054258739014474304
340855 -0.08216712907274652
448675 -0.1357849375488177
006309 0.028006361163816395
449626 -0.11635862692235126
006237 0.23366980339369567
007533 -0.18448615878744892
127026 0.0934378555638245
234351 -0.19008121283719856
127425 -0.18162823227978256
449968 0.06086078318828153
234813 0.06057206560403872
232974 -0.057776720363762295
127494 -0.1493618374779111
232809 0.028431220741959314
006852 -0.0880425138700576
128253 -0.12153835553644833
341473 -0.081228439176279
235002 -0.12293507827421214
341281 -0.04519055796910174
234210 -0.09314745839034755
234435 -0.06837313577670046
233079 -0.09557515973821579
235200 -0.00415067553189817
234891 -0.0120669923539552
341077 -0.11282096480411147
448318 -0.022576654108318606
450019 0.051395081057299834
342580 -0.14344031444779212
005706 -0.14297331549717515
128976 0.1874782704631948
449947 0.003424372153138868
450169 0.0003771035468916001
449695 -0.030868182495614682
233214 -0.12421019827822946
341212 -0.07283689979368929
450427 -0.0055205219767646575
233265 -0.10492359541928849
449683 -0.00019995041715315022
340708 -0.09248093081644489
007686 -0.03820322497258394
006888 -0.060325012694958574
341242 -0.06422929180362237
128670 0.25554135417681173
006138 0.15423443355257546
341179 -0.09413978684242387
234597 -0.005846858615913089
127713 -0.1560702612828768
234687 -0.1813897758564621
448795 0.09256362480665878
340225 0.17763904853556362
449137 -0.08715718595988516
127134 0.07138367424566279
007569 -0.17258804525647842
450559 0.017661467191026937
006921 0.0007805365990452937
449197 0.2756313686667487
234735 -0.1250423317398703
234297 -0.17611296351414296
341626 -0.06084711221553789
233364 0.07152634846470343
340300 0.2914664256678168
234390 -0.1669906074940565
342598 -0.14147004717041528
448027 -0.04699622792674452
234741 -0.10859954682718806
340567 -0.13001203679678622
128736 -0.04854969297492481
007461 -0.17597268197755217
340918 -0.07993271015915704
449551 -0.11515809965824292
128727 -0.061004965354616886
128244 -0.14441112176631316
007821 -0.11477471568977882
448255 -0.011520552388765402
128286 -0.10095503727483485
007923 -0.17598767169272087
007965 0.04280830371226673
450595 0.0068325925547319255
233886 -0.1502257048529096
449335 -0.14245846898467454
128658 0.21856637805133577
128388 -0.11313749897477006
340480 -0.046026496248791515
234444 -0.07154208117541304
450100 -0.022320852758146846
450622 0.0020619037514744885
127119 -0.014095752496895033
127704 -0.15337985520851502
341785 -0.07774754991170396
129537 -0.02250355345441761
234207 -0.07428833035384716
449710 -0.05583792487024066
006471 0.12471286404224176
232941 -0.1422318991644558
128142 -0.13526861059772893
128169 -0.14578934024404558
340852 -0.08135234654480479
128730 -0.057413269421618306
340585 -0.05336800996352862
128250 -0.14572663447090065
234174 -0.0032075280457540276
005736 0.07650091927027718
233973 0.026844697877746508
233187 -0.012550160485441077
007491 -0.18098078635828238
128214 -0.1304515590258231
127800 -0.06453238304893429
340192 0.06112730030852239
449833 0.08836233306279125
127191 -0.025672415962737782
449674 0.011618272295853438
127842 0.02724582427173805
235308 -0.15408883339581733
233127 -0.0595159303295385
342034 -0.05208245393839331
341194 -0.0833737141886856
129498 0.08417156079639024
450436 -0.006575651101642081
127635 -0.17892274361798668
128634 0.1806422339545356
129564 -0.1299703428463906
006357 -0.08840495016088892
233250 -0.11339127254379548
342118 -0.05829246093902026
006477 -0.23974799294757027
450601 0.003974374746062691
234189 0.026913127652572116
448177 0.014034215555169413
342019 -0.048560241554237916
005871 0.09298861263788233
232863 0.10148028292049499
450625 0.0027613176121103265
449788 0.08679913230386935
341266 -0.051236948848245985
448963 0.023085676586663408
341035 -0.1457615212416098
128598 -0.15488284674328415
007734 -0.1167296100520068
340813 -0.009632716263480156
341593 -0.0800065666091185
127665 -0.1730260428873347
449545 -0.06973350267970782
129627 0.01267878059259895
129270 0.0007059441754701203
341146 -0.14655354162715697
448735 -0.09642517868393075
232857 0.21989500396830713
341701 -0.06822560818412479
129714 -0.12558668422227473
234276 -0.16166671933320462
448774 -0.06472000417521018
005868 0.050758104899572956
128241 -0.13189519621812715
127068 -0.07151228287442861
450448 -0.007138976227829844
448873 -0.07011249477958496
449917 -0.04738835198849597
233943 -0.021433831592192407
006114 0.14800386907511234
342871 -0.11721941914035561
449389 -0.027299338082208698
449062 -0.08476585617703668
449668 0.01188521459425762
129540 -0.04798401708378576
128247 -0.1686888780683023
127995 -0.06800316954283155
007092 0.2771798583852264
233259 -0.10272466379857052
127113 -0.04956233013499032
449557 -0.17037451291853958
342181 -0.08491062933992559
340363 -0.12984416711994373
448123 0.019790035095070244
341137 -0.14937766283327394
449662 -0.01944701554084082
234312 -0.056338483580074594
232836 0.22028301814364995
234978 -0.0716636533283052
234303 -0.15444648221961269
127617 -0.17066748577712545
234417 -0.1251293884302444
341479 -0.08188330848092491
127659 -0.19011157090132766
449083 -0.0766605961580974
128022 0.2019767284765549
450163 0.0006397559354476582
129642 -0.05575405624708248
448435 -0.13464666869331865
450139 -0.008106170001909474
341278 -0.026870641396585394
448381 0.07715460068907745
341050 -0.13724629277176426
235116 -0.11039045878819057
342892 -0.14008766980693008
006213 0.15473795725123007
128556 -0.0382802485175971
449794 0.11113831084517259
128433 -0.10633958717865644
128079 -0.18651550610539475
128547 -0.009843223243626714
341668 -0.05661453929094018
342925 -0.16077124737997517
129162 -0.13600377672550365
449056 -0.07756845949649785
449602 -0.15084512411868853
127401 -0.13681164746562008
007578 -0.16670685314654976
234327 0.022074505954004023
342856 -0.1464317301918783
448948 0.05622722243753839
340477 -0.0563288554887112
007386 0.2861386498252114
450067 0.0018746332410441815
128643 0.1902739238971901
449935 -0.03605047646222939
341464 -0.07310988562799724
128223 -0.1341026182953615
234984 0.05328856190073915
005895 0.20680579293537607
342061 -0.058526063397695935
234087 -0.1251416282048301
007632 -0.18356280006565587
341431 -0.08399939950209996
007536 -0.18631265830062105
341566 -0.06801307607818129
128814 0.14396488038800953
232824 0.24345403275536856
233205 -0.10778362050397547
448783 -0.02186055355315565
233931 -0.07313003680285285
449680 0.021493750719722843
129567 -0.12485436716488878
449038 -0.06785562733215589
341149 -0.14488458697302237
234921 0.02532211324699388
235323 -0.12746485428305981
232980 -0.04059147326270626
342736 -0.02321199740823924
342490 0.01942340431319903
448033 -0.046769131888742176
233085 -0.09287883544238769
006492 -0.16291621298166611
234315 -0.023372152516589913
342862 -0.1305064830819225
234309 -0.09481791441904962
128805 0.16618116888807807
341353 -0.07506339173514484
128463 -0.14810594962277795
232896 -0.07075959176771225
448744 -0.09809785861357444
007137 -0.16901107364230686
342052 -0.0600496537188005
448900 -0.045326563151121185
448687 -0.1260860011706009
129276 0.10632530730447652
128793 0.08124956304066762
006450 -0.12302007360823732
341578 -0.0728095013700072
341941 -0.08428740843629022
127623 -0.16117299054871492
450694 0.0019457074256504575
006099 0.06544389277481585
449440 -0.04611318388439361
127260 0.03635098484247871
235392 -0.06304563631013908
007881 0.10107078928078338
448564 -0.09815338399883473
341683 -0.06575818373889582
234717 -0.13952028557900037
448996 0.05696379281190892
450589 0.014205011222588184
008160 0.12754919085789965
449443 -0.04706433358718797
233706 -0.1459496954761485
235344 -0.09451627670979386
448051 0.029105186562845047
235095 -0.16548488936542058
006780 -0.150719358050634
235350 -0.08514112030424659
234825 0.035724611909840324
232749 0.27525590529702776
341830 -0.08052954998030197
340258 0.16252173156548821
233361 0.07943237250218858
127758 0.026614754335157084
450295 -0.0006589882092681346
450661 -0.009732976527911238
007770 -0.09171896013862643
341416 -0.08018199889461484
129348 0.08335160747112083
128532 0.01225328631407234
232920 0.13363533398034105
342130 -0.05105233495046824
450136 -0.0021290989035015373
005793 -0.12496493863771109
128448 -0.14820628670699482
448957 0.038340432692619
128775 0.02002018697813695
235377 -0.08630646670764888
448891 -0.05097993404825248
342202 -0.08230485470538985
233025 0.05317576991393875
449149 -0.05952939606869011
342175 -0.08417436155041305
232902 0.017822177854330004
127560 -0.1615889610872871
233496 0.054403554825555714
340369 -0.11591962531993631
005625 0.27167952075254925
127914 -0.049621485213123304
235275 -0.14912704588874937
232755 0.2827173485642388
007083 0.277512272198995
233766 -0.1614796634564184
341287 -0.04814799265087391
127128 0.024336168483372722
007890 -0.08287547340791815
232866 0.07729331189110167
127728 -0.13566016816892273
234894 -0.08582006879826057
450520 0.01565792827556529
340345 -0.1476009139502296
128664 0.2451008531559749
340534 -0.13146623689709183
127092 -0.053236363426087396
232917 0.13433372371528543
006366 -0.08214706967078438
127872 -0.052356006202099355
128040 -0.009391296266231974
006339 -0.09689561338012656
127701 -0.15153993590708853
340501 0.01483954478687162
342142 -0.05673676829149823
235005 -0.06431295375144624
006417 -0.14726159250925458
341116 -0.09498017220639937
448639 -0.14546668157853132
234501 0.03580279044917063
127785 0.024856201414904848
234690 -0.18329280485112703
128100 -0.17529270172340533
128025 0.20635785438396315
340561 -0.12369913985281604
008184 nan
005679 -0.19846704736879606
448591 -0.14607579481779343
006345 -0.09934261746678735
341662 -0.05802370706256539
449431 -0.03992997647142734
340573 -0.07781257263160155
129321 -0.021132346618042353
448366 0.01253969007800004
449479 0.02096919393270856
128811 0.18387795155570194
341848 -0.07849372636684335
340594 0.010505438037508155
341968 -0.06639143838553889
129606 0.02452059022926524
448009 -0.04722293228170617
341719 -0.07266580743854974
234936 -0.04855736075675466
448537 -0.08196887236897127
342688 0.05760381147956278
448762 -0.09577089396800018
449428 -0.0431013503421045
450526 0.008115085573225782
448372 0.03621610494932734
127032 -0.03617093143765889
235101 -0.15204183256410378
234273 -0.15672047160186167
006867 -0.0653379988704753
127599 -0.16470730391029395
127632 -0.16629800396441333
128790 0.03387252655543182
235380 -0.08686713732716245
341560 -0.06686646126834599
448345 -0.05537671171299967
128682 0.2912338953911609
234162 -0.09042475976641218
233406 0.0071145805416914535
006912 -0.044819225240895516
235161 0.08287816865063645
235176 0.1191051896049234
128853 -0.22009118526861984
450016 0.05751752239048607
450475 0.004643366549185427
005907 0.052466866546451156
005814 -0.14044307872511727
234726 -0.1306152785464858
129366 -0.22932386335241728
006372 -0.08252322079102739
450211 0.014164171184801684
341905 -0.08366627959636008
342049 -0.056290075451123626
340351 -0.14511417771985788
233208 -0.11527521889457663
450247 0.005313397903866897
235164 0.11325137695239267
005763 -0.12642208766684962
341527 -0.08014729525773683
235257 0.037224928461551586
449035 -0.0819245451889424
006321 -0.04881732733877621
128826 -0.013766801579687061
233895 -0.14278695602265615
450193 0.007917971818227272
449191 0.20992352472430376
128379 -0.12794283617608573
341302 -0.055861132826773914
342007 -0.043675628658503565
235389 -0.05970551934217534
340447 -0.11735061699330702
449659 -0.031961024402220484
007737 -0.11259731508912088
340303 0.28741609769326354
340288 0.30159484352525956
007932 -0.17100804606462364
234675 -0.14938819993681995
128325 -0.161549186745853
340537 -0.16997257642288222
450226 -0.0026205702775584754
005586 0.1200934702864534
340927 -0.05607421073967532
450643 -0.02055771340213615
342673 0.062223591215052027
448201 0.007803776956690732
007905 -0.14976575891807598
006858 -0.02265624239105638
127764 0.030512785943346794
449638 -0.04989462089871655
007851 0.09278687292238783
005877 0.08996342979000255
128529 0.01260858705930429
006330 -0.06607670128978596
450370 0.02610791389639292
342067 -0.058077806470342365
342574 -0.14581453754692544
232776 0.19368805852877038
128031 0.11851616754356176
007902 -0.1477165265323657
449632 -0.07533096842295971
128088 -0.1789900291417611
448600 -0.1431161408893215
340894 -0.08073136511328027
341857 -0.07908608995655453
448069 0.18259409191162604
006174 0.1542022415329993
235413 -0.041397056691880346
128208 -0.1276137637042169
128760 -0.026319061101223815
450220 0.00506001689643276
448630 -0.1443179999661856
449128 -0.1089347802474795
341452 -0.06964319146774428
005922 -0.0075828390109033495
008007 0.24360878566773042
448822 0.1615560450063999
007914 -0.16272657244307642
233106 -0.07744996171308581
342208 -0.08150195401662107
450142 -0.004306513128785536
450064 0.003306504565167635
128316 -0.14290056422564806
342634 -0.13705485905214815
449155 -0.035975570418412685
233367 0.10851857279449077
006792 -0.1474505762574534
448036 -0.04243017018154363
128355 -0.1519141468933369
006984 -0.13413132912102013
129420 -0.1579732734745114
341017 -0.14450501024993023
341131 -0.14752122700466386
450337 0.004956409732288887
128796 0.09796515964215098
448720 -0.1247277874067444
235053 -0.211118787270697
448306 -0.034670858822521876
006069 -0.14419961401027728
341047 -0.13960495984746027
128601 -0.11241549915737573
448645 -0.14829053424653552
449761 0.020661344750744836
235227 0.05763443807148112
341752 -0.08501764683136707
006285 -0.14021004084062177
128319 -0.14998097873737076
450538 0.020130786632368395
448978 0.037585589117031686
006183 0.1529365512519196
234696 -0.18192869042873663
233946 -0.0391458016376765
450124 -0.007787263270246817
449584 -0.16091189337429104
450283 0.009551068865644878
340342 -0.1354788739356923
448927 0.02603338805259926
448684 -0.12447772812127474
006282 -0.15071270028442066
128709 -0.06919940725239529
341296 -0.06460953773879546
341974 -0.0490113349910117
005865 0.07276028987163202
448072 0.18663415543078107
448798 0.11934535628628816
007116 0.2761031559535435
448198 -0.0006170079710325508
234255 -0.11362862011254322
128268 -0.10592004897928706
342889 -0.141463715665684
007275 -0.22844097276131922
342838 -0.14974768774615335
006135 0.15315762169376024
007539 -0.1798761366880416
342901 -0.13790263960731455
341986 -0.056842135405088236
341236 -0.05404677442119144
448159 -0.0200983160100005
233370 0.14177047122372077
129693 -0.021090301544973534
448528 -0.08294549919586831
341344 -0.07332482494290254
005859 -0.0030539954727221816
128103 -0.17207296244002301
235383 -0.08069445619614124
448063 0.1679014642535395
341983 -0.05848033811582549
234282 -0.15778414644556757
008265 -0.15228870769899747
006315 -0.04519357584943675
234270 -0.15453055134731095
448771 -0.07342420592596283
341788 -0.07276840966442717
129702 -0.11853918797287401
342898 -0.14361226026073967
341248 -0.05756386985131005
342136 -0.04844297511424976
341530 -0.081673304413004
128181 -0.1188216424036262
235215 0.06911017453113254
449875 -0.004108063129788778
449176 0.011552176450953057
450424 -0.006853611323329297
127797 -0.038258157221097794
450445 -0.009963606134339673
128679 0.2860020732864033
448609 -0.14235555247316087
006882 -0.08728779218568182
342091 -0.05766226143208559
341914 -0.08312855718768446
128307 -0.11623256351828863
450574 0.012619798505227665
340654 -0.0763632427105016
341923 -0.08655926548530203
234930 -0.0059757971031983576
006708 0.20400993644722917
448816 0.1668399311577417
232959 -0.0489239916406815
235290 -0.14700749800318763
448558 -0.09671571149410838
449467 -0.02997020662556983
129255 -0.1631846338489422
449131 -0.10524012156336167
007644 -0.14564295412432438
342085 -0.04979476421771078
340606 0.018252606431368234
233100 -0.07510977986737163
128106 -0.17248221997330362
341428 -0.08649426159943804
449089 -0.08259346444006782
128361 -0.15068298018916454
450244 0.0014150063255834384
450319 -0.016585984687379263
128691 0.2853728190052658
342832 -0.1504749638432679
129309 -0.009297226677396743
233397 0.11770123199781023
449077 -0.08961520477315577
233178 -0.0007683825652367592
005823 -0.13957876166131536
008286 -0.13893021950646053
341902 -0.08293870830786072
129669 0.026930013919839423
342010 -0.04212944130890011
234492 0.054159644458975115
006651 -0.151965694847439
450112 -0.006602843761995085
341779 -0.08254416734200719
448468 -0.09396597389768202
233031 0.07551258949800439
127911 -0.023716021218163096
342859 -0.13693541464585243
448693 -0.1238816443805249
449464 -0.02886715702303884
007794 -0.08498553442341882
449764 0.034707637361573646
128697 0.21431500590115954
006588 -0.2095221655709403
340882 -0.07722618726145088
449071 -0.09859024655229626
448474 -0.11841612518063843
127989 0.026865291667543225
235395 -0.046306435313851806
341329 -0.0533767172284549
340780 -0.09596967233181888
341095 -0.10458246625543648
448864 -0.06258119765186199
233088 -0.0831592754735541
234819 0.045557143163461496
234579 0.010310841111114352
005574 0.13589007390649963
341827 -0.08436264690834724
232875 -0.08682200475048213
449110 -0.1121274439578029
342907 -0.14368886635572128
341674 -0.05959018707940893
342145 -0.06482785333138857
450265 0.002391428541621221
449647 -0.01678295976682122
340504 -0.01787165956559525
449650 -0.015605730298674592
340615 0.028326420351715394
007053 -0.11093667227533538
450649 -0.02293359503417363
449938 -0.02955528048554708
234537 0.08150368047112064
128457 -0.1473691464437282
005673 nan
450571 0.006558895448884544
006909 -0.054425735173262955
234678 -0.15846754486797848
008259 -0.1618226961484031
127746 -0.018121278112781882
341227 -0.07316558731478877
234711 -0.15182908587281493
232827 0.2352561297908213
450331 -0.005376909582392616
127167 -0.09483241759681428
232992 -0.056256703585951424
341020 -0.14199740016866233
342559 -0.14861343932893126
233220 -0.11380383916679765
234732 -0.12607048127539727
007467 -0.18180130233092992
127740 -0.07345417885151019
448732 -0.10300774974230559
233898 -0.1403193933768732
127206 -0.0518659416741274
007830 0.03557586560372821
342028 -0.05299427913813967
449986 0.08271702319302857
128493 -0.05007661105023999
007131 -0.1693585865081303
235236 0.05432230030422676
127611 -0.16032953128803273
340510 -0.005555328794081024
234495 0.0570874882960363
007959 -0.05006605062137693
340603 0.03400056961857701
128175 -0.1277525875075057
450451 -0.007039093081695805
449143 -0.07222930294515245
235224 0.07838889743702965
233169 -0.032014636287401525
233421 -0.003705195153381278
342088 -0.05191653548966752
129621 -0.05867481724120254
129591 0.03453830539173062
007719 -0.12946716466099997
449413 -0.017106883102170536
341326 -0.04059867922774272
129495 0.13503543546075272
233400 0.08068624708837223
128517 0.04598399477073682
234345 -0.19399856342480026
233289 -0.09097551342171986
234474 0.004504348768856064
450235 9.698813948225935e-05
127023 0.21352142462470114
234507 0.09517653829313921
128550 0.007261381075477028
006489 -0.18280873176616727
005820 -0.13914666517610697
448480 -0.10582640282755977
006468 0.15101098111019265
007947 -0.09852880735100407
450664 0.0008054156817522706
341122 -0.1096292792123371
234681 -0.1722339111511488
006993 -0.2003940058878375
235347 -0.08613739379499324
128583 -0.1547392500218636
341392 -0.0837345807180951
235194 0.00972398558927378
127923 -0.03829656872848306
233373 0.16869390311340038
233244 -0.10732986925407002
233184 0.0065406051465431575
235131 -0.07327409472824711
233130 -0.05202152055295472
006942 0.2283757066657877
450076 -5.8434188140337466e-05
234357 -0.18200662903344303
340645 -0.017875125877309165
129333 -0.0642038912312121
006522 0.25553306041921614
234531 0.06864855822346744
007761 -0.124483349245219
449509 -0.05060013199349119
341350 -0.0774948071213322
006696 0.006067037714698387
447994 -0.06116420117673232
450511 0.016732585420698512
449851 0.04059166814970975
232788 0.038639286207774334
448288 -0.05086566023445554
235179 0.09038927450237129
233286 -0.09213545567866989
127755 0.011529745195698264
128199 -0.1327951407845665
449965 0.05340947752268639
448003 -0.04575988017225923
448327 -0.01743254890316733
008004 0.24246506657160774
448267 0.03283378699134284
341233 -0.0759159474369963
005901 0.22182539098657447
233631 0.0734426780483014
340624 0.0312180997044428
235209 0.03984230638390394
341875 -0.08324116472822489
007698 -0.12372524513472585
129588 0.00954421819464299
006960 0.324076160011378
128652 0.2147420196254997
005595 -0.14337636301757165
007827 -0.011422946823615783
129636 -0.02842178447272188
007443 -0.1950393504630399
234573 0.0014302763673994237
006342 -0.09593550161629909
006198 0.1535041736287563
234912 0.04989135375412679
342160 -0.07428242135258017
450565 0.014931498804453594
449716 -0.03403689175816173
006033 0.01042274297536673
448444 -0.1413179324479053
235260 -0.01117777960347108
007806 -0.11518748818725115
340486 -0.00028518649559203225
128190 -0.10640977421641386
450178 0.005394944880145537
449593 -0.15636044245817995
448204 0.0302301986374851
128646 0.1892690167176709
128163 -0.1369496310166036
449158 0.003448628409196559
129318 -0.05258253925061097
341944 -0.08011741417952484
006189 0.15382417756057157
006381 -0.13938127164487485
340741 -0.12165310877606891
235092 -0.15676031804505777
342712 -0.12509854820341362
006795 -0.14768797361931835
007707 -0.17246956278863174
127614 -0.1676759498113491
006774 -0.08218931246823981
342823 -0.14901243509875597
007941 -0.1500408319524647
447988 -0.06345620210427418
007266 -0.07817251923467786
235026 -0.1390862891637774
127065 -0.06973074511876182
341599 -0.076709906534129
450523 0.019208625659415248
341821 -0.07976198254003755
006939 0.20333733705301132
232845 0.2561582663438995
449977 0.07090073134919286
128604 -0.10019756498790922
234810 0.05318509099107766
007887 -0.021200464618050963
007677 -0.002677409027619334
232944 -0.1558856630673075
127863 0.04420126023905682
233040 0.09721937765501779
235044 -0.20808323658209552
448621 -0.1445783560980483
341491 -0.06468592194958113
128370 -0.14081491503063562
128160 -0.126840864478602
340639 -0.026492966635616275
341368 -0.08630734179771385
006150 0.1538077909119275
006090 -0.02200909791669018
235056 -0.1983020226381302
448075 0.20073335224859548
341410 -0.08346129232943234
127389 -0.09672730342530646
449014 -0.039154676480349426
128769 0.05913777066434687
448999 0.061448433280057446
340588 -0.03542942471296744
128133 -0.14150724894637598
005721 -0.06798787385422662
342829 -0.14897236142839704
127437 nan
448627 -0.1432567232342624
129306 -0.008095036474261423
006444 -0.14141001579264584
450640 -0.017653014302802222
341182 -0.08965343771194544
235140 0.005348437906974432
449923 -0.0407447307507092
235020 -0.04714557635970938
341980 -0.047509032315792364
342148 -0.06530494071166128
449836 0.08187375558312907
448696 -0.12321281645273852
448060 0.13745181295991032
448510 -0.11699419360714486
449203 0.29442253517068934
234447 -0.10554349093501239
342619 -0.12572621210152066
234945 0.18827889123938885
129468 0.04766491422695773
449848 0.05043783398895838
006387 -0.1938354565146191
341089 -0.0950411366940187
008235 -0.16317306549794247
128742 -0.03739411392918342
449032 -0.06262544512762945
128259 -0.11816143734368258
234177 -1.621760863743599e-05
234699 -0.17196188987808184
127485 -0.1517091130453443
128193 -0.11919255166097022
234219 -0.12802650912464075
340252 0.1253233472391526
341323 -0.04183636084813293
449134 -0.09224756837014579
449863 0.021775363385514224
340405 0.07084707588204374
232923 0.12387693937493378
007920 -0.16940754924862864
448660 -0.14788777250438223
006516 0.234125743432576
128019 0.16566405430575978
233115 -0.07154605961511708
450652 -0.0254398450314928
234459 -0.06671366495601413
340864 -0.08329706787739118
127776 0.01958482325526366
235287 -0.14731062811168064
449455 -0.09136163659870918
128262 -0.11187914489664551
449494 0.10941014763557115
341845 -0.07600149118780561
341482 -0.07588570294403918
448903 -0.03708129248145542
340891 -0.07832716111828313
235314 -0.15602564598226332
234519 0.057081717398947615
127047 -0.03856075900185737
449995 0.06826581439113764
233172 -0.01738799470492227
007563 -0.17710422073222276
448546 -0.08542578924002493
340441 -0.10384941317326898
450046 0.005709951079413946
235035 -0.19402686805255553
127413 -0.15446721541453323
127812 -0.06351580858582895
128349 -0.15440516207168284
234369 -0.17793678324509962
128058 -0.11010610504080968
129423 -0.16857183617113275
449872 -0.003635501941754431
233154 -0.044656624672001106
341851 -0.07773394489435369
340903 -0.08435410368442066
234222 -0.12135500564037548
234969 -0.06895039975306864
340582 -0.06461937462783006
340291 0.30543854950362354
449755 0.03047418849588804
234966 -0.0031069942453034838
450391 0.0380574602244462
450532 0.010105306969528582
448249 -0.025041166533771742
007716 -0.13986983037414288
129294 0.0341534471595939
007938 -0.1580132257625137
235359 -0.028765742427103745
340483 -0.02716344011759086
450286 0.00643566409100916
006327 -0.08465876167869299
127536 -0.12301660111995626
128043 -0.025986301262485346
127182 -0.0822151198671252
341977 -0.05024822588093964
007662 -0.04477736268724713
450190 0.008348319632415651
128427 -0.1186007757012007
235248 0.026546381414898106
341164 -0.09673894548779723
127692 -0.15182746522494373
127017 0.19060535552009703
008196 -0.15055008248968438
449515 0.056569115684058965
006291 -0.08236908275642879
005886 0.1010975786434707
450430 -0.005423794985477579
450517 0.01746815603635824
232830 0.26199490034661327
448174 0.01640634316773642
127152 -0.054954411724402644
129297 0.01590896230393284
448831 0.053879228226638765
235170 0.1462663288169317
450598 0.0045324165129635606
233136 -0.05109239277544349
232956 -0.010517215580755144
127596 -0.1567179155168506
233982 0.0335471397970558
235122 -0.10720065577278734
232812 0.06484203864213707
234603 0.05098268459522608
006861 -0.048941597317385004
007704 -0.16702316256742628
232752 0.2785349345059686
234381 -0.17234129243866902
006303 0.0003730817848011036
127668 -0.17962642191597933
234489 0.02168099508454709
341167 -0.1002930099626635
449746 0.015947177998734244
234195 -0.04904691641082629
235251 -0.0061530778672960005
449314 -0.17671255445541717
340273 0.21994461880754096
007863 0.15673051801365204
233238 -0.10523953515395333
340885 -0.07595230484707206
340612 0.016677026682645237
128538 -0.0009304224314277847
448867 -0.06043087510074559
341893 -0.08127260793652928
450535 0.010513990635664452
127170 -0.11435151882948338
005733 0.05785400166733717
234240 -0.13544947750831726
129561 -0.13165270710027496
449941 -0.019532746224223286
234429 -0.07243783410185028
006519 0.23875244849787172
127869 -0.013091285846488483
448741 -0.1042946858313687
007680 -0.0042262110595888075
450166 0.0010078155696358702
448912 -0.0381964074570429
128346 -0.15440077353649556
234591 0.003201304035733032
448966 0.023381159539316222
234261 -0.13190926178736034
127221 -0.12685638130621554
341518 -0.06537707967189631
232884 -0.13394111190297003
129453 -0.03806125126575324
233124 -0.06502563181618168
448945 0.07277590664364114
006834 -0.09103413479668754
129600 0.07907431968253988
232773 0.20975749815699554
234645 -0.02266544472908767
341575 -0.07382527247549286
006072 -0.14201103674805304
450556 0.024242125825189514
342106 -0.05761172748110694
341170 -0.09884571619352228
234321 -0.03486012081327188
341641 -0.0653626361849212
234267 -0.15112534918096995
127449 nan
233076 -0.10034923319959915
128637 0.15606165020260787
128085 -0.18039904632516424
007674 -0.008350531857044433
007635 -0.17632083886827143
007785 -0.09467293745984413
127683 -0.1548132736346644
342880 -0.12452366444852198
341389 -0.08737657397603929
341572 -0.07104132363897091
005904 0.2270640880740874
233226 -0.11494100308008193
235047 -0.21112136155640768
129000 0.260291417580813
234348 -0.19018274001133295
234333 -0.19102574115401835
340471 -0.10529366912755299
127731 -0.12995385707467605
127095 -0.04662964748666691
341398 -0.07960040874570372
342715 -0.11904534982858146
128061 -0.16174946943498375
234567 -0.027720642797538577
449362 -0.06560835021645989
129330 -0.05946289085078246
128010 0.0006978424787334013
007689 -0.027165622247724466
341224 -0.08557465862401191
342895 -0.13957801902813352
448471 -0.10724115421918114
234996 -0.16302355245924957
340219 0.17071941960196874
450439 -0.005165116814686357
129141 0.3352305094401042
341068 -0.12401291082172132
341617 -0.04861550290933921
232854 0.24441524874162956
449950 0.006748010541665029
006222 0.17744741618308493
234642 0.00959091697730591
340276 0.21393783223874335
127386 -0.07010374552178185
233889 -0.14525011422827522
233376 0.1979233083816675
007929 -0.17784068510945453
128586 -0.1460035567388723
234588 -0.005400152050097066
342910 -0.14225621799045973
233925 -0.1460016154067897
450364 0.03166012873575205
341869 -0.08248900445837637
234465 -0.03686773666995793
233916 -0.14190866781278347
007056 -0.08837711207923435
340210 0.10225170264168391
006096 0.04180164281154863
234960 0.01339136286238375
235125 -0.07049168247062494
128352 -0.15157269619510946
450385 0.039928491851411584
006363 -0.09141076052630391
448807 0.15109067693560002
342703 -0.05411992018995913
342403 0.06947473981822071
342391 -0.01636420331597499
341059 -0.13346042533220645
234486 0.04680831038592568
007728 -0.0998488052137618
128028 0.16180572457566703
233625 -0.05924814006909223
006306 0.03031186553875897
450679 -0.019185248702243755
235107 -0.1479789461295795
127269 0.016847953697528353
342058 -0.05341671702687408
007935 -0.16801880065277933
127737 -0.10036977599395323
234384 -0.17062070319446468
233979 0.035592287827125056
006771 -0.034349691644203435
235068 -0.1399681818006121
450400 0.018469880277904187
233787 -0.16875929899242412
342877 -0.12483865770942722
128295 -0.09684642325041053
006075 -0.1406129773168698
233055 -0.05742623323062335
128403 -0.10508650124522634
341935 -0.08631188770903576
129501 0.08275442586247883
449728 -0.017262546298998812
342133 -0.04864017051956489
127194 -0.014563336304438276
129177 -0.12519681268989005
233901 -0.14041148526751052
234516 0.05588366989525958
450421 -0.007238844259726333
450550 0.02118483967411072
341764 -0.07172892084197394
235071 -0.12823074018102365
235353 -0.08857573762890103
005568 0.3258691748794244
341173 -0.0944741108738563
006948 0.2662700371947688
234975 -0.10277771337859051
341557 -0.06721092803096597
449095 -0.10098370195901916
450292 0.001700133242329787
127029 0.03560219723228277
448759 -0.0922490670667761
127677 -0.17071599223626355
007617 -0.15574051307177153
448354 -0.03572877504642767
006177 0.1530591834970072
340309 0.19966347930463074
448909 -0.04280788527756984
449779 0.03909037705850998
235422 -0.062090024377671756
127059 -0.056888301429615123
234549 0.07766437913824065
005700 -0.16140582237714599
233940 -0.03783681493173996
450529 0.00353615291706928
449437 -0.04280553973948524
235032 -0.1866404188309539
449572 -0.17165064058550658
233952 -0.022782996092676637
450091 -0.0045278686384954605
234693 -0.18088259008451615
448045 -0.02494940974733716
449386 -0.047423562791058006
007824 -0.05127879784366296
449677 0.01151629646098016
448048 -0.006204770897922441
128514 0.09136439994515347
341347 -0.07714578157287384
007833 0.06564751275025373
128442 -0.14619308495011168
234702 -0.16654046014428991
450607 0.0075538935372459915
234249 -0.10700510987186122
340549 -0.14995228552347412
129063 -0.15923395989433167
449956 0.030989201540609888
341689 -0.06610525689990364
449839 0.06658357045635374
342538 -0.15086512927235327
128406 -0.11208388393075594
005583 0.2649613885480432
341929 -0.08834842825719595
448765 -0.09683809591979577
233181 0.004876956121861289
449734 -0.01414236284018385
342808 -0.14340352070184403
448339 -0.048127943109705675
340366 -0.12465783991317823
127794 -0.029724461913265
234852 -0.12083095196811927
128871 -0.19490717794291332
449449 -0.06886535551269175
006048 -0.18971014590490434
128082 -0.18400786730630328
006288 -0.10863053189697604
448714 -0.11831464211899875
342046 -0.055911354388225934
448348 -0.05271092905976257
007098 0.27880367283710483
341989 -0.059021470033587355
340306 0.28337918089352415
340450 -0.11465362950047583
232989 -0.061963146590000066
233271 -0.10276640639233756
449281 -0.16709370373868618
006360 -0.08065788594779486
127038 -0.013240182466617364
128391 -0.10732710656875864
007122 nan
450466 -0.006569572590299951
233061 -0.06699361003428449
007509 -0.1753636323283669
448792 0.05616421645635485
448024 -0.049846237607561114
449029 -0.06482698090486139
127710 -0.16355761965756777
232848 0.2670881275258692
342646 -0.1367156458621409
128520 0.020973057676760894
341671 -0.05807092086734988
007260 0.23674746713288572
129426 -0.18400527844353326
006705 0.20725990973015984
233646 0.049238685577634785
342667 0.011561658653632673
449005 0.028095092141702832
448750 -0.0964375074029874
234708 -0.15840839228848552
341824 -0.08236569162770509
342115 -0.05898810418379907
341188 -0.08664153762510753
450031 0.0036003417745682823
127647 -0.1736028368917278
233328 -0.010400554010875218
235128 -0.0856464432415702
007758 -0.129223753925556
448000 -0.043302360680299815
341218 -0.07661663880853943
129237 -0.21885037800622367
341704 -0.06603931131965454
341734 -0.08229821246097488
450049 0.005683692754232199
128139 -0.13800939901970202
341371 -0.08151143673229032
128421 -0.10993621134078946
449524 -0.0035510033652895955
449233 0.07469900965174554
449623 -0.11553904576411807
450070 -0.0005379075492230288
234798 0.07390477332038042
232797 0.006120370784440566
007080 0.2770496695382254
449992 0.07154924120551226
006273 -0.14883664231543586
232794 0.009634051814911856
342700 -0.08582502828638738
006351 -0.1048521948584454
129285 0.06162416240040013
128091 -0.17963100863109188
341638 -0.063126289208829
234849 -0.14067190511468275
341659 -0.06076924123037546
235362 -0.06111131069423779
341521 -0.06936208759413824
008238 -0.1682050253348376
005691 -0.21959214188008286
006498 -0.1467400257833037
450298 -0.0033382473473634435
008310 -0.06954865711365811
129531 -0.06711937217790533
341716 -0.07032089349528248
340924 -0.0657973934963447
006525 0.24832063129970003
450232 0.0021322481421938333
128787 0.02193621773095358
127839 0.03343399509218336
234606 0.05169307886477189
234822 0.04099063726404132
007575 -0.16945445736491882
234342 -0.18995480291427133
127929 -0.0459730298228259
450025 0.030732451939231867
341461 -0.06805092996229059
341602 -0.07593559298472839
127053 -0.059125016274906336
449368 -0.03226244449615479
128559 -0.07251936343678257
235188 0.03057193193495757
341041 -0.13893955643719466
006699 0.07503601776408755
450223 -0.0015460680576038816
232746 0.2755885883471061
006936 0.1809206296824014
341314 -0.04588694542390255
233757 -0.1544042602417961
008283 -0.13954489090587288
007263 -0.04862127020512017
129684 0.013228900317726148
340642 -0.02315590646844609
448240 -0.022017336396313203
129438 -0.15714821460781347
340465 -0.15752235287673508
233256 -0.10575431273789355
129477 0.0614894481718976
006126 0.1535532514727305
128394 -0.10548018463074216
342163 -0.07284803198022144
232878 -0.11862835144160917
341074 -0.12437261596194876
340861 -0.07912477078560126
127074 -0.09087766835358044
008253 -0.16115212274853707
006873 -0.060667144215413235
233253 -0.11486838237079233
128385 -0.11646386072722076
128907 -0.1643438602916498
341485 -0.07448156132548506
128358 -0.1515990313046817
129516 0.0310768135308236
006312 -0.015415658243510265
006486 -0.2002024623325893
340750 -0.1207174843877854
448777 -0.04632560513052735
450562 0.013748788534964666
448855 -0.06926226023705079
007326 -0.11633439268155303
233160 -0.023560464694288904
127056 -0.061158685369128975
341953 -0.07301804627772643
008247 -0.164044556841946
128523 -0.00038420254888881563
129303 0.013746005017103907
234153 -0.14469129678980963
128157 -0.13284105035732793
007845 0.09606398493567263
127227 -0.13215993115632968
448819 0.14862888805070565
006003 -0.15007738537258572
341536 -0.08258632178613592
342199 -0.08334585722471184
006507 -0.042401983471815244
129483 0.04610968268187372
233679 nan
448951 0.04201316087231267
450304 -0.0022390713758639632
006447 -0.13263668939422524
450499 0.021149986509292843
127902 -0.03709200780137596
008307 -0.06048610137193496
448852 -0.07389501972221775
341632 -0.06440778193949552
129066 0.04593008283584836
341896 -0.08071469621804732
233319 -0.04946236342877405
128376 -0.1326345224610281
341887 -0.0822083251615819
005730 0.0702686433343696
006279 -0.14769571216838456
127767 0.034412313694270155
342625 -0.13902350028405067
341308 -0.04404547197123672
341746 -0.08899967724164862
340597 0.02931412027072937
128409 -0.12406178838180404
341239 -0.0679095507420549
234600 0.01860926206336537
007074 0.2676490997947907
007059 -0.07689240784331515
127131 0.043620673172739495
448228 0.012145529721341026
449329 -0.1543677758901305
007989 0.009091305113862755
235371 -0.09279076340867805
449575 -0.16934042183042863
128304 -0.11050091354735098
341404 -0.0810972357803773
450151 -0.003964416090926918
448711 -0.12155643834446461
006192 0.15533693739616408
449506 -0.02812467233570819
450040 0.0007984054912720758
234636 0.07485837055171699
234927 -0.008761798946074097
234786 0.12486264204778594
127878 -0.07297061451540077
448351 -0.05041915503650329
341950 -0.07749566912150224
007650 -0.13929694462823136
449599 -0.15227776315983624
128478 -0.09824877868082227
007431 -0.22004716410240344
006378 -0.04321187894646024
448294 -0.05819917291854092
129603 0.0380837170825545
007446 -0.1889431359198706
232785 0.04976888311211749
232770 0.2446434468959514
448870 -0.06254216477048123
340399 0.030965921693921535
128154 -0.1296662856042815
341758 -0.08010660249842973
127161 -0.07848667437927924
128343 -0.15567583940326998
233028 0.047960947416282665
341833 -0.0778442502095873
006165 0.15250517247797368
342400 0.03656340316082634
234285 -0.1636180046978291
128298 -0.10738233398206487
341023 -0.14615051034319645
448657 -0.14730369921083802
233145 -0.03881553328582864
234375 -0.17587740959488718
127674 -0.16582017594212378
234513 0.07562061220581769
127620 -0.16097812005607273
128466 -0.1425229432543366
449539 -0.022469255193394034
233337 0.07294693938763104
233247 -0.11169790933014986
340222 0.16709928645755784
006654 -0.1503336517610788
450697 0.03140924028449767
341971 -0.05238007401291296
449770 0.03448848795013812
449347 -0.12098622262053757
129447 -0.03614566948232281
340228 0.16839105370094634
234363 -0.18397846386243707
127983 0.0701629725229316
448066 0.18039763372090573
128502 0.10135942786228887
448933 0.040206245541811396
340339 -0.14159329869874454
233811 -0.16577133840444136
128499 0.036713776027427106
128700 0.11351092321056817
342070 -0.05659920467693984
342418 0.1057689889028459
450688 -0.017009915675040805
007653 -0.14478048725689932
127695 -0.15213287175991833
448231 0.015988684124139025
006375 -0.08028500607893073
449818 0.17095013310387988
448804 0.1372258257614764
342577 -0.14564003398509973
342664 -0.01836636261848429
128685 0.28527697637418137
448270 0.021116132829204406
449791 0.10030968027697856
448633 -0.14589477259315503
127905 -0.047162019063305784
448594 -0.14401183881474014
129666 -0.008301452043180583
449827 0.11128427964145438
341554 -0.06579783365959455
448462 -0.05981652040076013
128367 -0.142704302973382
449161 0.05839851360861996
128661 0.23078411927784964
007587 -0.15600839971186042
448378 0.0703118512795055
234408 -0.15824895660098137
450121 -0.0043924206207052886
006510 0.05362026091805697
008214 -0.16870163483594455
234840 0.01024351130609959
449059 -0.08923289722508901
342457 0.1491178374021352
127077 -0.08119192444577539
340474 -0.08475911793949768
340201 0.05334176142179731
341908 -0.08243199333730349
129513 0.04527129374621433
234777 -0.004179037043026508
448987 0.04398440856790516
128718 -0.08703772962228512
340900 -0.08128613438315065
233967 0.02038468281968651
235263 -0.03139062737079476
340531 -0.10227003689803399
007911 -0.15671358440708652
450514 0.0189101800219679
341728 -0.08737358100500961
449341 -0.1348019596640528
234738 -0.1161718311763945
448153 -0.08667365962722441
449887 -0.03219759258012923
006210 0.1542187380412268
128205 -0.133907523808954
341413 -0.0817962183437699
449896 -0.04309300864523688
449905 -0.0439651410757235
128055 -0.10631452931986227
005808 -0.1280604555719245
450613 0.0013042901038919066
129045 0.14148614772413146
008028 -0.1599749967354496
450637 -0.015052712236277901
127881 -0.06623022819620294
234744 -0.09426437012634328
448447 -0.14231868913904358
449671 0.01913065744051999
235416 -0.04639716143064993
232782 0.0804962293051457
448486 -0.11274741442943165
448858 -0.0837457712243179
448705 -0.11607920561801073
449932 -0.0333219710188388
233730 -0.16014898707832345
448147 -0.0965630385883798
449707 -0.03588921751949813
450082 -0.0043572126763658445
233235 -0.10791049702792617
450610 0.0007829553290806373
007899 -0.1479264203461477
448834 0.01423713360722607
342748 0.06535845874768376
128121 -0.1521800535339701
233292 -0.09613340235470309
234075 -0.12579546277485196
341425 -0.083011170010145
006147 0.15303025532867837
129258 -0.15361719143697944
448840 -0.05492465222896778
450268 0.009533891288370074
128145 -0.13606807700975776
005802 -0.12161385958209943
005892 0.16509156427006919
234126 -0.12189730452701417
449605 -0.15066989771131592
449380 -0.0511589200834431
006528 0.2022724095746053
448885 -0.059567815702495364
233334 0.04449607843120611
448087 0.21038097326406302
128766 0.04751832245072383
341053 -0.13936647104949845
449371 -0.056954153508717506
007656 -0.13913624132999947
340627 0.019055432667497738
448210 0.06309031803295034
005841 -0.07973754789423379
341335 -0.06894877865267403
341401 -0.08308717806245035
127332 -0.023047100929986852
341209 -0.07138709919441226
128721 -0.06600033662300782
449497 -0.022879009342481504
448363 -0.010216488244947692
235320 -0.14999612478278757
449326 -0.16023771722261348
342853 -0.1469773399837296
233391 0.1678933708787994
342814 -0.151582733589728
450010 0.04272324476292524
448243 -0.0033637720835272013
448702 -0.11992297900482199
342811 -0.15029470693497432
234234 -0.15048676567492048
341665 -0.05944830224258267
234411 -0.14993439579759058
005577 0.07941256263703676
232761 0.24530901893372065
341134 -0.15077228940388362
448729 -0.11515582023685296
342769 0.12750216099860895
129675 0.07918946829586604
450028 0.008808712754308393
448165 0.02432186870347886
129429 -0.18938708274674385
341203 -0.07240778843754236
449776 0.033569683955640216
127098 -0.0466664888949172
129534 -0.016004929866832614
448507 -0.13012604874443326
127656 -0.16810626277217158
341506 -0.05005129941303994
340195 0.06781664691082781
341854 -0.08038921790070071
128178 -0.11938849405749645
129510 0.0478622660605411
450058 0.005712150750341543
007050 -0.10341274331951712
006243 0.2847706896377529
342643 -0.13696241053094538
008001 0.23818592107073866
235011 -0.026406288221561887
233388 0.1536842629212101
449692 -0.02571165528546406
341776 -0.08335667351208137
233211 -0.12242487742770533
235191 0.020737717829834284
233046 0.005611161506972147
235233 0.03883904368373938
128397 -0.10166398961780321
233262 -0.09635125054866392
341710 -0.06784083118646986
234981 0.06404758883040002
128541 -0.003920085309341228
232839 0.232276776578593
235185 0.04843623452246805
448579 -0.1329805370156947
448234 0.00685000124120744
233934 -0.052665315041119015
127071 -0.08118359827187022
129507 0.06579473485636553
449167 0.05375298045197569
006915 -0.055775750251043414
449731 -0.015791651938285224
341926 -0.08807319911652067
448258 0.010651694743927095
341761 -0.07774969542772042
006156 0.15395090559608918
232767 0.24781885681876964
006204 0.15263100321104783
007725 -0.0840323304656446
127263 0.0075457094454452695
341743 -0.08740047971654381
342178 -0.08535530946417288
448246 -0.01958038454430347
234300 -0.17162257975059655
449566 -0.1729665842693892
129492 0.13055281842336594
448615 -0.14747283281518572
448132 -0.006274734456291243
449173 0.011366760549660852
128451 -0.14674530294935453
448975 0.0357312431751915
342757 0.0824124817532095
127686 -0.15200461858701128
450316 -0.007650324782494291
233880 -0.14385102017390808
449140 -0.07135882318366209
449026 -0.06713107070441778
341305 -0.050656363843658035
234789 0.10433063414937634
235221 0.07058401199930531
448342 -0.06495823831665533
129543 -0.10975884172253142
005757 -0.18762820549112147
448375 0.049461238562308725
340336 -0.1328485221917839
233022 0.03913960128112408
448726 -0.12293067936236902
233961 -0.010104069774253169
234231 -0.14876869550004365
128097 -0.1760784701160055
007062 -0.01328095079165453
341965 -0.06334171863873832
449395 0.04116884188246669
127830 -0.011273612547404957
129300 0.027391605022716762
448708 -0.12035087587652092
342214 -0.07268637015358469
127629 -0.16916860072385698
234456 -0.08026765817904766
450250 0.006969292655750305
342847 -0.14883147265808747
341110 -0.07742238152849432
340546 -0.15547537377151563
342604 -0.13641793148324505
127326 -0.04206610230541733
235317 -0.15592053222488056
129264 -0.10856024366390236
128382 -0.12353948041254065
449656 -0.02845062561491873
448504 -0.13281450067260214
342382 -0.027151738684792193
342571 -0.14767304537648104
233274 -0.10266434558883027
342802 -0.06440268433283246
448618 -0.1442348773676063
127137 0.10389037228976188
450301 -0.005982044897228378
448813 0.16580365243101663
342466 0.10734598084779408
233229 -0.11028409133183018
448282 -0.04018003841189216
006249 -0.12125832717570048
449182 0.041328131082688103
340684 -0.07777506459957707
129687 -0.007311433290888607
007584 -0.15662915584237452
008277 -0.1400894376448528
006684 -0.05814366340037864
235197 0.0015764055044754802
450229 -0.000998267661854027
128166 -0.1459549748412764
450463 -0.0070661545907178235
233199 -0.08153664634903834
007683 -0.06754364727666137
450379 0.04759691380265078
007524 -0.1861671885582408
449596 -0.15435938241661806
006735 0.06469237553152045
341293 -0.05495785016947939
340519 -0.05153499069119328
448330 -0.023954527739763375
450631 -0.008046597120566705
450274 0.008684910787619132
128004 -0.09980850916369124
007530 -0.18609966810057763
005811 -0.14172713322808309
448843 -0.07086522133164037
449959 0.03417485979895083
234453 -0.07282459625024869
341629 -0.0628927554830699
341686 -0.06553904991721206
449419 -0.01178093147192147
449317 -0.18452240371261047
234402 -0.16487024946697756
450280 0.012416517264576836
006123 0.1535870121751958
007671 0.04710393451725839
449272 -0.1733391857336438
127464 -0.15291186489125408
235017 -0.030572808414274386
007308 -0.1654579252179588
006885 -0.07860768009939959
129552 -0.1416625789921693
341866 -0.08265851303029209
341884 -0.08329867269226617
449767 0.038921614381385555
233097 -0.07135349094670168
341434 -0.08247151496814208
234156 -0.14662291961696108
006063 -0.1506376141202078
007473 -0.18571320502158015
129246 -0.18184825615177777
006438 -0.1633648155628918
233310 -0.07468752755853655
005739 0.05761315797640237
235104 -0.15686103428309947
007623 -0.16745316807329033
340867 -0.08254496334451487
235428 -0.05934003071094992
449125 -0.11127014259156387
342211 -0.0788104574940782
235155 0.06700667781652357
341098 -0.10146750926425425
128196 -0.13326392686840924
128289 -0.09478591794973842
340552 -0.14630012114913074
342097 -0.056490787309735696
342586 -0.1434169025648208
341677 -0.062069617557916984
232905 0.07835785428953279
340396 0.007711883408912047
007437 -0.20679517960354063
342706 -0.08634444902528007
234948 0.1794813089987545
342502 0.2769015168023641
127125 0.013614115533374604
128310 -0.12171112585105465
450577 0.010894149184820899
340930 -0.037651328631080255
342562 -0.14670441718328567
005883 0.08910862214508511
448216 0.07060413061446165
232911 0.09174846740492366
232995 -0.04510910144330801
449086 -0.08356889601336105
129282 0.09554832883395323
341494 -0.06254973639046467
450175 0.0029838595723256055
448438 -0.1385074191623264
234576 0.00892780234655396
234441 -0.05850815339824854
127155 -0.09344243039450947
341374 -0.08659942399202701
128577 -0.14205026048293232
234771 -0.002321596438412703
342919 -0.1517512105158857
448924 0.011313220984161014
448180 0.01442807493386445
233091 -0.08708899025777476
233922 -0.14736508888842198
448531 -0.078413660991484
449185 0.08469137355069606
233223 -0.11128569101561427
007977 0.2112567253875842
232935 -0.1406063244601891
341197 -0.0908305829035215
342730 -0.059086550545252636
340696 -0.06393377697319448
234933 -0.07391241015456994
448195 -0.012574752303237848
128049 -0.09048402686155219
128226 -0.14559774233642095
450115 -0.0043559392790090915
449107 -0.10930000270994561
127173 -0.1085361572495518
232800 -0.014827373156954083
007560 -0.17766246408802283
234483 0.01806511006599518
341872 -0.08099263433587735
008298 -0.10168625214828172
448360 -0.013357105282901035
449425 -0.04039638733686194
128334 -0.16402227524683777
127821 -0.05879171342963829
450133 -0.006610069402146681
129279 0.09963619928632951
448663 -0.1473110704531901
450148 -0.003473719464789118
006903 -0.056059506435814664
008220 -0.15573128944670472
006336 -0.10393571651091173
008175 -0.024034099879195584
449653 -0.025393346789756494
340513 -0.032199673615570794
342691 0.037683741217610325
449578 -0.16641623407363149
235245 0.023934089948260594
234993 -0.11385932744328
449050 -0.05917701149374488
340912 -0.0914129695369659
128475 -0.11273565633793367
448030 -0.04638398576888683
232983 -0.05764049184436194
128232 -0.13375770675705106
341860 -0.08007444430627936
127803 -0.06628361219805369
233175 -0.007374637104846812
340324 -0.04649685751060628
234291 -0.18338113662808442
006195 0.15208560169216187
006474 -0.24166103654781634
340876 -0.08185439460164294
448786 -9.069723107825713e-05
234366 -0.1811641322380513
448837 -0.047624573889861375
129459 -0.01414727962226627
235143 0.010142990397999254
234462 -0.038884253677116
340744 -0.12430201966459836
448768 -0.09121809409024768
341080 -0.126935394062551
341635 -0.0626687228983475
127986 0.012741427741143231
006483 -0.21360765252253905
129267 -0.05956151660682599
342610 -0.1350324329359707
233424 -0.009622996466027368
449194 0.2582779277340638
127248 -0.009424908067375486
342883 -0.13127378583322688
342187 -0.08593367242650968
342025 -0.05030234756302976
340213 0.13168393634936046
233478 0.09647407256016113
235299 -0.15072898940434531
127917 -0.03370132053904268
007968 0.11484765850209726
342520 -0.1531360565669953
450358 0.030707891777932633
128331 -0.16778972394397504
006117 0.15125659847739498
449434 -0.05673831704726035
233892 -0.13394059654739165
007581 -0.15878787150492774
448129 -0.03612247893084849
449974 0.06438877092887477
127569 -0.16470186535328152
232881 -0.13247043478518433
006783 -0.15020251988944133
234957 0.17174499543880212
341647 -0.06511715226765574
342127 -0.052981890893571276
127446 nan
450340 0.012597122911046404
234213 -0.1217763639621714
448780 -0.028592895043212822
128127 -0.1488369029159384
341509 -0.04817338691916979
449122 -0.11860442366369162
127110 -0.05855160023580584
234906 -0.02902020210439571
008262 -0.15932093442718295
234171 -0.022992571068050045
005874 0.07127956139347541
235368 -0.09711915823685341
234807 0.07260796496180259
232758 0.2769506200154622
128313 -0.13349319365976955
233652 0.08399383479325229
449560 -0.19158718099074729
008256 -0.15851074725016967
341815 -0.06882910065987675
341653 -0.06154555296433256
006864 -0.06989270891001009
006354 -0.10573878163605734
006426 -0.13836031790045877
233919 -0.14166545911924827
341176 -0.09358287607321894
342436 0.07195087146129935
340237 0.17225933717514472
342622 -0.1384482043398456
233712 -0.15208057239721245
340846 -0.07631477591397776
449869 0.01370923279051541
449902 -0.03707852914832565
340747 -0.12009564074011965
449842 0.07099626100099121
006093 0.01623691331015693
233628 -0.030416190718847613
005685 -0.24264514649496013
340543 -0.15972185704064748
127062 -0.05311544272329523
007608 -0.150558982888301
450604 0.0095391933877448
128490 -0.0958827618086967
341782 -0.08236205283506416
127824 -0.04692339227492746
448300 -0.05377485632964699
234414 -0.1269674489215208
007158 -0.145942587971417
340456 -0.15788209877155873
234585 -0.01331920107919166
450628 0.0044976478268588995
449092 -0.0922276252936474
007344 0.052586764800400254
235239 0.04367064552662744
341260 -0.05417758297180753
006399 -0.17414855502900622
234336 -0.1917756964301706
234651 0.0335254001755047
006411 -0.15149576757880676
448549 -0.08984983538418942
127671 -0.16494467277375482
342001 -0.03931795632994514
234246 -0.10931422110554634
448882 -0.05889067060866268
342217 -0.07343770519006108
235365 -0.08626631330603517
233007 -0.03308274119444428
005916 0.0042761497470845036
340270 0.196127321002784
127707 -0.15652462979688508
448390 0.13233430664260665
008295 -0.11560856894440155
006870 -0.08473294110961886
233904 -0.1474778910174955
232926 0.24140082428835194
448489 -0.1118399842338377
449377 -0.05429455058490493
128562 -0.05268159464210081
450262 0.004115770336437592
450094 -0.0028426850943563888
127638 -0.18296049423491495
006384 -0.19362551293522443
450670 -0.019079253266196593
448078 0.2038151960375893
005571 0.24949856656378336
005955 0.11455652586481445
234942 -0.03670199062227261
340285 0.2880780457314991
129273 0.04881359068644089
448285 -0.04369654163481697
234672 -0.1507050409493108
450259 0.002210342572940573
234105 -0.004282210081342667
449074 -0.08997910876036366
450418 -0.008875305235812408
448315 -0.022334844514482696
342670 0.03516432300059796
450079 -0.007393139138630784
448573 -0.1109141232510443
129327 -0.07007417815072195
449824 0.12202414961622711
341083 -0.11587343767093561
448801 0.13391049177611367
235014 -0.025513694017410913
127908 -0.029740985237445446
129471 0.05741231678121996
234186 0.01096827092443401
007272 -0.23995424014085914
448588 -0.14552664778654856
450352 0.019754227338936624
235332 -0.10473199361819137
233472 -0.1202159551590208
006153 0.1530706500695422
127374 0.10335499899727957
234399 -0.1654084469783366
450052 0.0033058640058621393
233064 -0.05070641840691175
450157 -2.8267614174897523e-05
340297 0.28942876801702194
127788 0.015089512620419337
233001 -0.049189224370795544
127014 0.20902829447751325
340828 -0.019140404758417794
341437 -0.08018519952053117
448954 0.027955777467149428
127581 -0.1512493606958079
129207 nan
341794 -0.07090908848598355
008244 -0.16543706019407464
340609 0.006259776772688759
233598 0.07892014289161216
450634 -0.012328194903910844
448525 -0.0878277335817158
008169 -0.08303312816034172
449350 -0.12228992268039621
128277 -0.10620023752058741
448915 -0.02667924722096765
127689 -0.15953005013096985
007551 -0.179804855427414
341890 -0.08128215226260668
342685 0.0538159192168369
127314 -0.1624302901918926
450478 0.006879202770234992
342613 -0.12777886696104873
233241 -0.11038828405360183
234633 0.12087650611592267
234780 0.07021375485597245
129243 -0.19033627684003832
129504 0.06553499222761407
233907 -0.13905008804601485
234318 -0.014712961218077953
007848 0.08614365275252936
234801 0.04125079599007096
449068 -0.11147973567118377
128373 -0.134955601603968
448939 0.050007150048136786
006228 0.1645066540003046
235065 -0.15538125439217662
128454 -0.14777707700053294
128430 -0.10743940053379228
128445 -0.1482749253875577
005817 -0.13984150466808853
128649 0.1831685906135445
129417 -0.1429189091637021
449503 -0.014060725354486039
127602 -0.17125115445606956
234471 0.015018962849695991
340408 0.10118656408670983
450322 -0.014599800077805161
128229 -0.13733830521930637
007047 -0.1131343997812735
127848 0.05795743358330389
128172 -0.13752676221828353
341737 -0.08451424288922664
127974 0.17435459197045905
234570 -0.018579136567576197
448666 -0.1467627159294775
341311 -0.047498018222118285
449689 -0.017405561558544686
235158 0.07254392126423713
448324 -0.01684273631477066
007974 0.19062322759710024
448828 0.09235981253484643
007992 0.21497942078029803
340936 -0.05561068591816583
449476 -0.018144338045257696
234714 -0.14460453652602218
340540 -0.16289435668923913
341470 -0.07866699398847812
127563 -0.16251918250432942
340651 -0.05574599504732078
341191 -0.08131669001663504
006186 0.1547760569860065
127920 -0.010810342248493513
448648 -0.14834876192551263
450202 0.019454289164880186
129678 0.07999727616403883
006390 -0.1890584724823731
234201 -0.06463735928482865
450349 0.017658750616965896
007647 -0.14532130368418988
448291 -0.0594087914766754
233304 -0.0846515550041014
340630 -0.0014485427420902104
233379 0.18633646343154286
341488 -0.06574183873703171
127245 -0.05199140878538402
341863 -0.08129956588248392
340261 0.1678553349427831
127080 -0.07483590315362375
007749 -0.17086666413868645
128202 -0.13330373058954662
129003 0.27936602359054885
448651 -0.15016371632180017
007572 -0.1694601348818645
342835 -0.14863029582221896
342913 -0.14405026250235167
006258 -0.15455528895060222
341836 -0.0688094435475258
127035 -0.03926195814632125
235203 0.022861546004489385
234705 -0.16250726172893404
234225 -0.12603842249731653
448222 0.06381060707467823
234609 0.10441623693438881
008271 -0.14422572500537992
449353 -0.12595863011675396
342064 -0.05757047373207887
448756 -0.09565516424067927
448981 0.06004698786412371
450088 -0.010934486956309719
342916 -0.14816974928717458
342040 -0.052315346182582836
007410 -0.13645859883297892
128496 -0.0009317103906401572
127587 -0.13811431410451416
233958 -0.004115962590685816
007854 0.11004799509805345
448597 -0.14449680560551922
006918 -0.04559999222707267
234084 -0.126115359957256
232953 -0.012284145725903878
341383 -0.08489176508902613
450271 0.0069327331393943354
232929 -0.003807801865823314
234534 0.07600501445332436
449860 0.022482218655499743
006255 -0.15797014964035824
128781 0.017296045454356836
449320 -0.18040607726778063
005856 0.005498823767032465
449485 0.028264386370991518
233277 -0.10062510207336804
007626 -0.17368476839332878
448501 -0.12939928101365097
008226 -0.17540335354399383
128235 -0.1400359023681541
341563 -0.07003493257609983
007515 -0.18062224952542053
127209 -0.062422620466236624
006324 -0.09573873897175213
233217 -0.11939621269099554
127044 -0.033033964191491336
234306 -0.1285315514069558
448081 0.18780545358584946
129261 -0.12617528308325027
450472 -0.002304937969415212
342583 -0.13913483524505998
128481 -0.09734379986839567
342430 0.034029438133750645
127827 -0.03174467577054983
342631 -0.1329106240533769
128064 -0.18934778902640456
007878 0.15881650215928322
007779 -0.07833824782989775
006057 -0.1674130757649739
234783 0.11452306702511775
233739 -0.1851055104896505
340618 0.026100706431164123
129231 -0.14639789381537943
234423 -0.09775430461440339
448624 -0.14536137246274278
128469 -0.13473642000478453
450394 0.028116288884215385
232908 0.08156814486654122
128589 -0.16444394958179367
232914 0.1274793047963837
235293 -0.14878936686546973
449407 0.030141632347668992
233151 -0.028464118699562384
007791 -0.07313336006908461
006171 0.15475561539162622
006105 0.10582609126176781
234393 -0.16590307331668638
232860 0.14815566407309638
450097 -0.014860184157209352
233190 -0.02210098001715757
006720 0.03215218323829533
234897 -0.08032465221501199
007896 -0.14473616215687043
340897 -0.07832039154456
127116 -0.027304013618806588
342820 -0.14860025585712225
234723 -0.13378810553236986
007731 -0.12333996325888963
449047 -0.0683866384801241
006207 0.1535062845061426
127188 -0.03869661228051261
450184 0.00397677473307216
129441 -0.11046625591459727
448135 -0.029281919840422735
007866 0.16386609633631832
007548 -0.18309980360558784
233436 nan
006924 0.11862569655420559
234540 0.10545386465670027
005853 -0.015832427588959693
449101 -0.09566209933556766
007869 0.16463116509717285
342676 0.07113177102709574
128271 -0.11350128786504493
340669 -0.060647956721016756
450307 -0.004745612901663381
340525 -0.05764723937505748
342568 -0.1498810605741339
449797 0.1301625638624568
234903 -0.09059720511726932
341533 -0.080522738464848
447997 -0.056510742943084676
006414 -0.1482712159425149
233052 -0.019240332932425826
235266 -0.03798517009321783
129594 0.06882628583791638
448654 -0.15077100837202503
235134 -0.05355124658145336
449614 -0.11880868704424938
234816 0.044697383809427185
342652 -0.09929036978003268
128046 -0.07573844849394976
006300 -0.01794307525531271
234900 -0.08971837004388533
341284 -0.049435352848333836
340570 -0.0992530394165869
235062 -0.17623895242990611
449563 -0.1818807767218542
233019 0.02740461591667644
235008 -0.029597496988339887
005703 -0.14577116501304296
005844 -0.06673018787239295
450043 0.007597259400555562
341962 -0.06716564761893067
449884 -0.02801124412439079
340591 0.011901319693873832
006051 -0.18317665786720316
129474 0.06148239652662994
450484 -0.0027211284269081544
233073 -0.10866893510551433
006162 0.15415278607995841
234612 0.016115246909473774
450130 -0.003243277718016713
448084 0.19257647628100738
341476 -0.08127953641370941
449806 0.16802701242892448
233340 0.11066758412596611
448321 -0.012607947052153895
340816 -0.005683690325903146
341650 -0.06189114089462395
340381 -0.06029320457226163
449041 -0.07013544316308935
449698 -0.01770874370593406
005580 0.23786080220481293
233133 -0.04988918043280779
128280 -0.10406527065805471
129489 0.11728842949544972
448849 -0.07856183244574884
006408 -0.15854828211725974
005898 0.2139082110424197
448264 0.0483305112875887
449644 -0.03501132417278701
233298 -0.08916720606386218
127845 0.061171775054558904
450346 0.015331874362656286
340264 0.20481166325768208
235050 -0.21332273029145743
448942 0.061651366553118765
233166 -0.02442084760349494
341695 -0.06719297170774584
007620 -0.16173780215800415
448279 -0.034500312010110286
129555 -0.1347010053184128
232806 -0.0031488026566914235
128574 -0.10386001499969397
235029 -0.16546037562198443
007755 -0.1427206841726152
340249 0.12655223902147986
341230 -0.07440928923257586
342376 -0.03697654263875822
449911 -0.04317635623290399
007416 -0.13961878358831945
127851 0.05676615213732547
342484 -0.013246524477500894
235398 -0.043696883538412674
450673 -0.021825207211529203
448465 -0.08620767707073476
007842 0.058141242133246514
234198 -0.07031384141745002
449641 -0.043088294833147425
342661 -0.04954159330420918
007986 0.1597372133326632
128109 -0.17074182145253913
341056 -0.1407378740712434
007419 -0.16457406447840783
448441 -0.1428170594734344
127884 -0.051152384623802054
450442 -0.008979739223608339
128217 -0.12920674796121384
128322 -0.15009620500565082
340690 -0.07159431877730525
006723 0.014317587742851868
449344 -0.12313214081620412
234804 0.056859209864299265
006687 -0.05768343402188189
234141 -0.14933663392893923
341818 -0.07645878712254157
448672 -0.14492953002745743
234237 -0.14266908402335876
006750 -0.0023137115074250325
005973 -0.14986360640752883
341455 -0.07196259679747058
450682 -0.02456144059249525
448144 -0.0751844579265231
341251 -0.04997628148982782
449803 0.16010397737256668
234477 0.02219994218957788
233937 -0.043410992387127645
449473 -0.0038963384220198054
450406 0.0014470829529262368
341101 -0.09828885201753977
340675 -0.059784271969152515
235311 -0.1546360195174463
449113 -0.11449256347710157
341275 -0.027686735421100114
006900 -0.06540068185326695
342556 -0.14793955832870778
342184 -0.08652603383109603
007590 -0.15453539340868816
448636 -0.14495424131562093
450367 0.023776101584983365
450055 0.004083573643994739
448747 -0.09945625693552078
340522 -0.06452627957666641
233910 -0.14057083060331274
448192 -0.0028478204762494123
232998 -0.04937016025156538
233094 -0.07706037826996735
128763 0.029573898699368793
129345 0.03794879503504879
449023 -0.07548998994726049
340294 0.2983987628900656
448276 -0.013418521594396781
128568 -0.08085998329602388
128715 -0.06885481894304211
449929 -0.03727692143467039
006159 0.15326781845957785
005805 -0.12396975047857668
007602 -0.15181406654378093
449302 -0.1886236849360246
129240 -0.19252580209587183
234354 -0.18623188855648207
008223 -0.1701381713204493
235296 -0.14931022324950122
448183 0.00861217101629211
235284 -0.14724058985079405
007767 -0.1072762894237816
342076 -0.056488898926103044
450553 0.023388398212558552
450085 -0.011338801066516357
007518 -0.18204034958715765
128412 -0.11361229608929346
342439 0.08359579952694461
128553 -0.04003774516697514
341086 -0.10274247366148273
234669 -0.15237679809489577
129213 0.24043737139020646
128802 0.16213270540817423
341749 -0.08636704359484391
007236 0.28927196472410166
007611 -0.15258229348664923
006234 0.1395463186597067
341290 -0.05730085302188637
234081 -0.12448882678198436
450502 0.021259675878943993
341611 -0.0604782801667117
449383 -0.04107959546487799
232818 0.16752846768240595
235137 -0.023012051662172187
127140 0.08295373969394675
449296 -0.18735635218952815
449179 0.022928402942524632
129369 -0.23059983084081073
234963 0.010614228942406873
449944 -0.006090168919795313
006036 -0.21729379230075413
340489 0.008329016281093324
450493 0.013830467597200613
234330 -0.1873834507955627
127572 -0.16026135591197607
448540 -0.085029921834431
127725 -0.146035329196435
341725 -0.07981538238082184
234138 -0.14939548790860338
340555 -0.13735487691595785
234510 0.08158395740786586
007995 0.19401874481265086
233016 0.009756309100737385
448303 -0.045664774086220654
007746 -0.17176936121068448
341155 -0.11519824118773683
128487 -0.05989378825185069
128595 -0.17086893985099783
448309 -0.03047725893565172
007527 -0.187187498062376
449989 0.067905621937007
450205 0.018359659067613627
007857 0.1439686735491436
340687 -0.07223043357801619
450508 0.0196426277532531
448018 -0.05179847703383459
127896 -0.030902473086262365
127836 0.02488564931827871
128703 0.0018603700201268274
449635 -0.06135731930335157
127743 -0.04536312808383411
008301 -0.08149412248443405
450214 0.013866990940887069
448189 0.015851995657950525
129699 -0.10962131518185106
007773 -0.0898212643911407
006402 -0.16661162749023808
448603 -0.14368281986418524
450490 0.008296111698789303
450415 -0.012143758273349035
233109 -0.0618151148886602
341032 -0.14329423508350683
234795 0.08189766645208907
449749 0.016027371206553846
006201 0.15504222961576716
449620 -0.10438191867022201
127962 -0.06810833897738695
129519 0.01113648861626436
233976 0.02911983120378363
128505 0.11674220569912624
233874 -0.13465504871951847
006231 0.16682849191063506
127584 -0.1544589798732149
007599 -0.1522260217743249
342841 -0.1506416492200201
448555 -0.08704284315178602
448810 0.15414693945509628
129456 -0.027481349591773764
341548 -0.07120217998675266
006423 -0.1427605657560695
449098 -0.10031166399451816
128808 0.20233596953573463
128073 -0.18682422784585803
127719 -0.13998077231652478
234378 -0.17439587254051533
235113 -0.1434783163640364
340678 -0.06084467950362387
129123 -0.049872569936923884
007422 -0.16631485493247078
235329 -0.10483251513675619
449422 -0.03807738995311236
449899 -0.04087252421397103
127866 -0.004592663225806632
448552 -0.08751489780569324
341551 -0.06993732998061628
449878 -0.01803466977845099
341500 -0.05282343591779168
449704 -0.026986722283340685
129249 -0.17956813221436413
006066 -0.14661420998291194
450034 0.00040914307835050246
234768 -0.018573789017674185
341596 -0.07684006734998308
340498 -0.024339939505387438
007860 0.14299358216543046
006594 -0.19747647928199458
449719 -0.03184187721008839
129462 0.006469085929810579
235335 -0.10514470354654197
233466 -0.13719008370453192
006102 0.08783488355187757
448483 -0.10089365140247067
342679 0.08495064887206108
340267 0.20610015880162488
450310 -0.0009215359760253752
006348 -0.0945676158004609
449011 -0.019331228445298644
005748 0.1763002339545991
449686 -0.011014568611898196
127278 -0.02816537294157949
233295 -0.09122915370295748
127203 -0.03182145720765539
128337 -0.1608988953127434
232977 -0.043201447515615124
005676 -0.15400438081650505
449461 -0.05953203362596003
450586 0.01611815028777859
340462 -0.15530900536963055
448519 -0.09397123589070402
340663 -0.0575255710429955
128211 -0.12925186267543698
006930 0.1444218215859274
127158 -0.10421900876167794
448336 -0.04089108364487668
342595 -0.13852747479363617
232842 0.2187058052368869
128757 -0.016891734102967557
129630 0.03285183522937708
129549 -0.1269253407285359
450373 0.039709071886810915
006531 0.2042150132239811
127101 -0.04994302816948187
129639 -0.050826017411826595
007950 -0.08968792427416102
450160 0.0017710802604525844
235167 0.14478915730120492
449332 -0.14751766755985876
127041 0.0018233553482634537
341338 -0.07282390408087797
449053 -0.07254389841570831
235305 -0.15304757489098444
006129 0.1519882318592188
340312 0.15903668058091316
448738 -0.09813997293094148
127722 -0.15286851161880682
449119 -0.11621702847123679
127998 -0.10828698951911495
127149 -0.0326356891128752
007542 -0.18313993341376344
234426 -0.08687930437227719
449980 0.08356597133942571
450118 -0.007500863221144369
127968 0.040913702702312885
342166 -0.08024015342252908
341608 -0.07019508666729217
006846 -0.11973854410585272
235404 -0.035428850524000494
448960 0.03683450992876317
233163 -0.0327014258551219
341440 -0.08041183250138971
129528 -0.054064736402255
128484 -0.10541444765148028
006168 0.1531297923066793
006267 -0.1501740080549183
