005742 -0.04526183968337554
449914 -0.12471862669745144
234258 -0.11508100614282257
447991 -0.1297366056666716
127233 -0.23615866683052528
232965 -0.12651527447504227
129228 0.06646096496895597
232872 -0.05923196175561559
128895 -0.012518612355521935
449857 0.006013008627129758
005745 0.08841569614507026
450403 -0.11104200262082338
340834 -0.10231546432168347
235425 -0.08205611378601994
127875 -0.17899818561904146
449722 -0.07080432870280401
448273 -0.11005465904114738
234159 -0.23968351380514225
129633 -0.07963592833732591
341947 -0.10215446400116354
128418 -0.1092949115780394
449587 -0.1858669812607885
233592 -0.082293613110023
450376 -0.07912265453318212
233139 -0.06838274965382585
233883 -0.2256695295644739
234753 -0.13739756265874156
233280 -0.10449301152886725
234063 -0.24020086015973774
342082 -0.06363193474451183
129480 -0.02272350842150712
340459 -0.2224173681978294
129012 0.2927256021900502
127107 -0.12852249213229047
234924 -0.026699682537581065
340681 -0.15629069507728519
342850 -0.2208612446145062
008280 -0.2393305962690954
341104 -0.13939337459851153
449164 -0.04899441904910863
006756 -0.0689058780670166
127230 -0.23784368083659993
450127 -0.08953545550771412
450382 -0.08150573658222997
128733 0.04033648498644965
233112 -0.04275734950450759
341959 -0.09469627135045322
234480 -0.03395918190113951
341680 -0.08929059102892595
127899 -0.15203971732011587
341215 -0.12290665223650159
234294 -0.090655004862723
235149 0.04815035850482404
341524 -0.11638638016823445
128931 -0.028349263379661264
234525 -0.08455364566000682
449305 -0.14827525916932124
128070 -0.11831144293551912
007434 -0.08644248560712993
449713 -0.07023432763143136
450172 -0.08284749268825806
449530 0.08133100183351094
234450 -0.05259653224917546
007638 -0.06836536144842689
007293 -0.19371401511157474
128460 -0.1572327089710052
341713 -0.09195842078256403
340216 -0.022875449897120228
127224 -0.22620692145314109
449953 -0.051121828332989096
006270 -0.23601629547259773
342874 -0.18314685224200616
129444 0.10970229073615083
128745 0.032117733513185545
340576 -0.1771573602813037
006420 -0.24577345242575993
006897 -0.1598885580913988
008058 -0.23145144704788448
008274 -0.2388606525238908
448906 -0.13596324240370267
006264 -0.2298526309785389
342592 -0.21355240444772344
450568 -0.07977976008845412
235089 0.08277950313981958
448498 -0.19908171708300357
448126 -0.11032362375461839
129234 0.0036800018368493294
341812 -0.10035744674888619
341407 -0.11514239038756856
233970 -0.0904877423949003
341254 -0.115094469866584
128751 0.010014063350528755
007788 -0.07469774348962109
341026 -0.17073658694734473
127857 -0.004048691344128211
007338 0.02866794295388532
448312 -0.13518938326541285
007776 -0.012356784591794394
449893 -0.10150597908682414
233322 0.033464542226198886
129312 0.15364846849826935
232950 -0.033607178218925865
341152 -0.17336139134973458
449752 -0.032480539672381965
128904 -0.10809035321201667
341245 -0.11586510056035611
342469 -0.05272265401466814
234918 -0.024884074219186394
341092 -0.14525792061614654
340648 -0.03327063989904265
448567 -0.11811170135275459
127809 -0.13783543674633494
235341 -0.18387855958204535
233385 0.013968127765849079
233148 -0.0652863100610984
341419 -0.11777501705000162
007917 0.007855730375858277
341332 -0.10794230801045496
127806 -0.13443999552852892
006690 -0.13942124087446855
127083 -0.20836054483685593
448039 -0.13092752837630178
007614 -0.23480320207329802
128565 -0.05909237830581634
342016 -0.07041179966393586
448495 -0.19348778861800048
235206 -0.05815467529509024
128688 0.13235442422773178
450583 -0.07179299044777508
005601 -0.23737486581953746
342904 -0.17096838077524584
450208 -0.07669810216054149
129690 -0.09769162655957973
007740 -0.0834507077385308
006681 -0.18103132023688964
449392 -0.10970093377655246
234243 -0.22201419674421485
448918 -0.11815273431836726
341515 -0.10769805862680369
448513 -0.1724983396927459
450667 -0.09743299775714905
128526 -0.09224944592955518
341512 -0.10555791774472983
341755 -0.10661118170966818
342103 -0.06751916538474542
006714 -0.10613669323500241
448969 -0.061488694461174435
007641 -0.04459752872022227
341773 -0.10967007184785511
007926 0.05871120639861357
235242 -0.10557699343419415
448477 -0.1899969220073788
341920 -0.0984384570752063
005796 -0.08496708784524193
448387 -0.015181567807676929
128571 -0.05725746570148534
128754 0.002710609744140623
449740 -0.05675337795647785
129084 -0.21166027372791654
449971 -0.013311592960309445
007554 -0.18396119189863447
341938 -0.09847281156207029
340660 -0.07545966292905339
005727 -0.09651326031641624
450004 -0.03557927214124278
128778 -0.04480689745334325
341998 -0.06438132897237019
127716 -0.0832180556479272
341200 -0.1268206350089241
234615 0.12057806521160946
448015 -0.11227122978239153
342370 -0.05816231248289951
340657 -0.1018877771764609
341899 -0.10759985250950943
448921 -0.08964324403865508
341623 -0.09048249158669429
127779 -0.05942035326737016
448990 -0.08624824019890301
340849 -0.1057354113058184
006711 -0.00491207331613777
127593 -0.17005952712028258
234627 0.0752715332190287
234228 -0.23673324366034162
234498 -0.07919457959540098
340822 -0.07114044525530107
234750 -0.15604099566078028
234438 -0.10454919160649599
450196 -0.07717823637842043
342709 -0.2101454485503454
006054 -0.18372599393946443
450457 -0.09128864694172328
127605 -0.1163923480950768
342697 -0.16790705003472392
342112 -0.060915341644049915
006876 -0.09559760971674844
005889 -0.051398357032483466
129711 -0.09631411394010177
007425 -0.015082474373668987
449452 -0.07576061669047708
129546 -0.21075463252540794
006111 -0.024241476376229303
341128 -0.1735344126802761
232803 -0.12601463749606237
007413 0.040905426335796406
341809 -0.097142524897863
127575 -0.11022846830785706
449521 0.051417688949738395
449908 -0.12120492516262259
340438 0.012772361277122795
006318 -0.12288106497532687
448690 -0.1318068674707569
127752 0.034211169119054224
129432 0.14688933333720192
342022 -0.06709110945697362
450199 -0.0739364568056156
342628 -0.22150141267845486
007893 0.05839708213355903
340279 0.1696898008164212
449512 -0.017985175956379284
128655 0.02038505760741321
006819 -0.1435735096210426
448576 -0.12666852313374716
449782 0.0732682628637725
128130 -0.12073915408401892
008250 -0.20259237831862517
342379 -0.026875967951654353
127680 -0.06625816590339154
341395 -0.11071490061783179
235230 -0.07418599137232496
008217 -0.20136140994583776
129705 -0.11036562060680494
128094 -0.12947328773953223
450460 -0.0867000422544746
340354 -0.2054093099498859
341569 -0.11272980616391726
449830 0.012489216723378138
127653 -0.05204022088778026
235038 0.03992285947653409
450256 -0.09858041203494311
449323 -0.15564930748244765
448723 -0.1314622954444007
007764 -0.01741049023776519
340495 0.05461214692913328
342739 -0.0815618080791989
127176 -0.19577925016009623
128739 0.05530740701875021
342745 -0.0497284592144073
006693 -0.1139705267322547
340516 0.08330359445655247
450676 -0.10449980879992872
449758 -0.021392849574162015
342172 -0.058987727115889524
006141 -0.015011200040736528
234759 -0.08854537068944036
127302 -0.15013663730924093
233103 -0.11484486458354744
450106 -0.07525180818295187
234165 -0.18508373103354434
449200 0.14014129808298503
448237 -0.1363695921226273
449002 -0.09209328534531637
340711 -0.19190937240941838
007065 -0.07959712196040798
450154 -0.0819113800889171
007566 -0.19095507031030556
129342 0.09312801185805496
128673 0.06541191245963514
234183 -0.09545251888594605
008241 -0.20773075563844126
006879 -0.12229183736610263
341770 -0.10725603681212559
233382 0.019524424369739727
006534 0.17891329637730738
341584 -0.10590626608971458
341458 -0.1221402427205427
129339 0.06851513065631071
007713 -0.13714189027023227
233349 0.10560846131884373
234765 -0.02034590690984378
450334 -0.10640535243566322
449866 -0.034935585967210865
235386 -0.10626556358135567
341065 -0.1658088925737775
127977 0.08883641649872871
448138 -0.16942275008038868
234147 -0.24298711827745328
006294 -0.15137684753032
340435 0.01420883857415866
342616 -0.21002550863883865
449500 -0.0683725756772441
127341 -0.046239702474503284
449845 0.043152815457292056
234192 -0.16010837805572045
448141 -0.18010333196195974
233049 -0.050208276783459745
235356 -0.11526405557212917
340819 -0.06913158894093181
127893 -0.14822928635416954
128607 -0.028040932773826025
129291 0.13316128753837106
234168 -0.16081652041034616
450388 -0.08205362186230049
128187 -0.09447681073104625
235098 0.05024775715872233
234618 0.1771072340188038
233313 -0.049431470321249955
450547 -0.07211435067354659
234279 -0.042154278022677856
234150 -0.2508159739894592
234420 -0.08695696467070055
235401 -0.0884898059582584
006219 -0.01291842359714407
448561 -0.11914276988994323
232986 -0.14596479140916446
235407 -0.0896703644574422
234909 -0.05193986649543638
448006 -0.10641862567460715
448699 -0.1303662910552914
234372 -0.1372366066047368
235041 0.06782180870806313
341362 -0.1070150145151082
233799 -0.19719056182437472
340888 -0.09932764559807462
128265 -0.08082548049211682
342658 -0.1438006736075652
449170 -0.11934618657151558
233037 -0.04562277003660945
340204 -0.06684275278969415
340240 -0.03870907184575754
234774 0.038891480636630144
233070 -0.17981010385508783
342124 -0.052991249378316244
232947 -0.037708619960041004
449212 0.2270396496253039
007695 0.045959145347761396
341062 -0.17006247414363262
342079 -0.06682902759323174
342385 0.005290869939782137
449206 0.18320550095467342
006225 -0.03183656543020218
448219 -0.072992845973761
128919 -0.21456265045278863
128115 -0.142239498148454
007659 0.17626662035235385
007998 0.02779130548246772
449146 -0.06025161031421219
450412 -0.11159190326774346
340879 -0.10644604016156026
007545 -0.18276114797905618
448612 -0.1352526309631984
341140 -0.18379171510845232
006429 -0.25401813979712323
342373 -0.051849002271548504
128799 -0.023784225856196016
007971 0.24427671368872952
449800 0.09353497885484335
341707 -0.09029654672910672
341263 -0.101869300265128
450313 -0.11147336187249486
127749 0.02510031746386766
128535 -0.07747804728797682
448894 -0.1391426079953871
450328 -0.11496351931546607
234990 0.020667273086959554
341119 -0.14858271251100544
340858 -0.10183775928911036
341206 -0.12414206461272356
449416 -0.12986973724845383
234099 -0.09459035460619991
008292 -0.2163069837252957
448120 -0.0803615932275927
234762 -0.06551370525045928
232962 -0.1104433824749961
341740 -0.0984337380732454
450409 -0.10822551702564866
450343 -0.09133022659149065
448099 -0.003260320901188294
340840 -0.11268889245633615
448357 -0.11127688842071773
448993 -0.07902809629843846
006906 -0.18003729010155822
006276 -0.24037047783917656
449920 -0.12422749509681075
127104 -0.1430722750874163
232821 0.1112940270780231
340231 0.012603716592668542
129129 0.09500869115193684
449398 -0.08624067773571598
449308 -0.1266281646316093
234546 -0.06180275054205032
450103 -0.07049496851006132
129672 -0.07068855379573412
129696 -0.10909256581072888
232869 0.06224045472035591
232938 -0.21257171207178124
127251 -0.08005499862044019
129708 -0.11010343125438748
127089 -0.19453864571549004
128136 -0.11236697512099582
449356 0.03525712513631905
450496 -0.09718374388805578
007668 0.2188491663733539
449581 -0.18694738051011994
342478 -0.09371392074085416
007983 0.0986466700105474
340621 0.00736101141724556
449785 0.07976868469927628
341380 -0.11193122900242271
450658 -0.09301950205865413
234729 -0.24720143296051955
341614 -0.09708938366284477
007797 -0.08886362168062122
342784 -0.1645879563831148
234387 -0.17681802952861148
342448 -0.005459641607798495
450481 -0.06400737394631921
340714 -0.20645321608748216
234972 -0.10759502249031859
128052 0.01079656769470229
235326 -0.18174956476517184
006132 -0.014324374281280403
234624 0.1274243048217603
448042 -0.11754699618804523
234954 -0.08617226937560112
232791 -0.10220923390434102
448888 -0.1271316293153674
128301 -0.077622966865584
128724 0.06657039731983441
233928 -0.2197444354773302
450022 -0.04454274700715667
128340 -0.1609771193978043
449491 0.10279329701544344
006933 -0.012926778057227802
233010 -0.11695552204927329
128013 -0.025283541829927456
340507 0.08615323786090488
128118 -0.14355392326716876
127980 0.03779983987892636
128124 -0.13225498912427724
233067 -0.16090399395851862
235419 -0.0769904095313923
449458 -0.08715288161636513
450355 -0.0944244441957421
008289 -0.23717312104932162
449743 -0.04395003816685961
233955 -0.11308087467993855
127833 -0.05247967350419867
006996 -0.0939163542837959
006513 0.005940461156178006
129465 0.020496319758631476
341377 -0.11359811062768886
342043 -0.07158815719929301
129597 -0.06467720174298702
341797 -0.09440539009411472
007011 -0.10616852719045222
341644 -0.08525314051600548
449725 -0.06635850511493978
232833 0.15423108981205866
006432 -0.17019879292348494
450487 -0.06926852593921806
448543 -0.10360906459612974
007692 0.08726233325398401
128238 -0.05274289539882114
007953 0.19403965151626182
234747 -0.17217954855611037
342607 -0.20977313495411254
449359 0.0013302476768320653
450001 -0.03485304455243687
448582 -0.13811769720793038
127965 -0.14355403791511318
128592 -0.028675155255308452
448585 -0.14229948078927016
449542 0.028704620040965228
235173 0.07353191132991987
005862 -0.13598613994011624
005799 -0.12011521751266005
235119 0.015256981728786713
340666 -0.15802276741150637
128772 -0.025152677716163294
449401 -0.08670359169013504
340906 -0.10901894488147369
450685 -0.08323357421687512
341803 -0.09362215977141636
448156 -0.14232906879287838
232764 0.04731312063005235
448171 -0.07811456235800299
128016 0.0026784099346746225
449611 -0.18169482610623677
007203 0.07900915087387503
128415 -0.1156694441784167
233121 -0.046501478020922415
342445 -0.009193438818077949
128283 -0.07861156123025077
342742 -0.06785165094057172
449533 0.07175365227187226
128439 -0.12796336178196516
007044 -0.2248926052098164
342055 -0.06930609356327394
007038 -0.22881431486434842
234621 0.13063636502995413
129315 0.1458405680567743
128967 0.22788216919639256
007512 -0.16046579741628125
007428 -0.04166083074966728
233727 -0.2227542343593779
341125 -0.16575626691968828
449365 -0.11485433830786004
340360 -0.21217995552880248
008154 -0.23685982220078677
448207 -0.06560739343423398
127566 -0.09228534315980332
234339 -0.11301724597861203
341113 -0.13041347901260764
129411 0.22967047033344118
449548 0.01887951725838008
006717 -0.0943547190675413
449404 -0.10491954361368691
127179 -0.17112146492646377
448054 -0.06424323710639518
128694 0.18989990126037906
340234 0.013630317093785324
234528 -0.08863944447229778
127860 -0.023000212181500453
006726 -0.07678140446540267
127650 -0.043539603319529545
006894 -0.16573802687173286
449017 -0.16337303282021773
342766 -0.03454391847527216
341587 -0.10898236105906992
449470 -0.04221156146250615
450241 -0.09496795455292725
234405 -0.1410351040528631
233202 -0.051242523391393506
448846 0.001524228014876018
450454 -0.10274019841353317
341911 -0.10744879627153316
127887 -0.13766268892488243
340633 -0.002828216643971715
129525 -0.12154775066731716
006120 -0.016000525523272774
341839 -0.10282538438710648
234264 -0.07652249057849723
129132 0.1263003424992637
448984 -0.04613191052540015
340558 -0.20128114964871333
450187 -0.08435647061835809
450238 -0.09751127946386459
340198 -0.06779537549619553
450013 -0.035228331686958436
234939 -0.14382240164190718
448168 -0.0765105334839613
127644 -0.04075013517149101
449983 -0.006531921604987234
233607 -0.04401080981873907
007956 0.20837293964696385
449020 -0.17226331561020103
129039 0.23866753351120723
005964 -0.24521851918054002
448162 -0.0939407058867018
128424 -0.10508427345594927
235152 0.06119090718258397
233283 -0.10618424714813364
450061 -0.0765716969063747
233964 -0.11497692328232988
450592 -0.08675456337304022
340444 -0.06148952844912413
342589 -0.21753200188877578
006393 -0.1538449474800774
128667 0.04857825211933028
234135 -0.2126172583168547
007605 -0.24099212717698154
233013 -0.1049586349147083
340933 -0.1350077559715257
341800 -0.09450679825038895
341497 -0.11246263603931574
448459 -0.1595448843194135
342100 -0.06439778693962206
449527 0.06914045601115489
340579 -0.16663737301669945
007875 0.058564309023342656
006849 -0.21652602784487668
342397 0.06210105044724617
448669 -0.13717574850314737
007962 0.2477569733880912
005694 -0.13860183661606268
127197 -0.11027776254356005
127578 -0.12785937874405473
127971 0.053571675695954744
234999 0.07850889564777823
234582 0.18807713110536084
449065 -0.20487976733517402
233343 0.13168036105444952
450277 -0.09162335970402262
341605 -0.11501668073486718
007596 -0.23676115637756218
342424 -0.04215449987730054
449617 -0.1541731089629298
006945 0.04789444843197692
340693 -0.13667913148476862
007197 0.0672526378480215
448876 -0.11959829671593437
128511 0.010155347155806588
007839 -0.061665254446209176
232971 -0.11872528217456958
005697 -0.17332165400187174
449569 -0.16503375038917412
340810 -0.0732107911709225
342694 -0.13041890454764182
128274 -0.08462124169398448
449536 0.06401372981915376
127641 -0.051168802795941014
127608 -0.11578642033330065
340843 -0.10361239575828037
128151 -0.10131552435782172
233667 -0.017426122748662554
128706 0.14309861816541114
450619 -0.07387198798513439
342013 -0.06759281387777005
449488 0.00947158348950176
448252 -0.1315491980197383
127761 -0.029957497227128847
340255 -0.0395704101730179
342733 -0.12023180057635187
006396 -0.168721521594537
448879 -0.1302379101204729
342094 -0.06802406635265718
448090 0.04039548978506669
127185 -0.1606070445047835
129435 0.1417317574393541
006435 -0.19454945939959903
341722 -0.09732484741282593
449881 -0.07574495036411404
127272 -0.15084908068889663
233670 -0.039361776948786106
007497 -0.15046610289262138
233331 0.08570939224600337
233403 -0.11054982474119229
129336 0.06477157632788565
235212 -0.03676792498909946
234660 -0.2213178382348762
006012 nan
340402 -0.10016225731235161
234204 -0.20568242160573838
449104 -0.09599317217630055
007884 0.1207282987159673
340855 -0.10369715108162696
448675 -0.14524364688172012
006309 -0.10603810885299077
449626 -0.16902894123007636
006237 0.050927259739687265
007533 -0.1666865018712563
127026 -0.05965417503338932
234351 -0.12711683030374005
127425 -0.18194876776801214
449968 -0.015563290851454777
234813 0.05779085230987442
232974 -0.14008024517193282
127494 -0.23337459227815927
232809 -0.11260123978045711
006852 -0.20431163727291046
128253 -0.06667677656733255
341473 -0.12040101031715728
235002 0.11145613110394523
341281 -0.10744325384016959
234210 -0.20699132931610895
234435 -0.09629019224170912
233079 -0.1608898390642274
235200 -0.10641698923781344
234891 -0.11704675898238798
341077 -0.1556620527948524
448318 -0.1388854718429425
450019 -0.041997396663022775
342580 -0.22440299099838368
005706 -0.23468490079731907
128976 0.21505899707527443
449947 -0.06743905806473903
450169 -0.08273537251634906
449695 -0.027137664519384326
233214 -0.11308947949826928
341212 -0.12159660314008643
450427 -0.11054534892969768
233265 -0.09490263845946227
449683 -0.0007787905137539269
340708 -0.18528017202121153
007686 0.06276577691153463
006888 -0.1451235805299709
341242 -0.11186175694856694
128670 0.054163317391409935
006138 -0.014737494245948708
341179 -0.1393605589645576
234597 0.21871660394102718
127713 -0.09776480636786465
234687 -0.17011344430796174
448795 0.11518997906062312
340225 0.004908605579044529
449137 -0.08193438777054389
127134 -0.04927835852380783
007569 -0.1985095565281217
450559 -0.08028965341454575
006921 -0.12121153676279048
449197 0.10713829923673795
234735 -0.2269374014501021
234297 -0.08746559629214444
341626 -0.09280767735715656
233364 -0.0388094921339126
340300 0.24184753700384848
234390 -0.177043443026536
342598 -0.2128420800512907
448027 -0.13838550945537995
234741 -0.1981400657100838
340567 -0.22177204488932453
128736 0.0617051170484079
007461 -0.14803901300098357
340918 -0.13591014612634167
449551 -0.0029764291113863143
128727 0.029333116350422083
128244 -0.0642729787617494
007821 -0.1586006787338097
448255 -0.12539333547336584
128286 -0.0791752734472595
007923 0.054582127143095266
007965 0.2377892237822095
450595 -0.08111958031095624
233886 -0.22953311935042708
449335 -0.05842919164233737
128658 0.025782418292254076
128388 -0.1446594046799332
340480 0.00984939012084304
234444 -0.07097710287703692
450100 -0.07008249056200548
450622 -0.06916982124981401
127119 -0.08799230755718694
127704 -0.10448716310198472
341785 -0.10019320682178373
129537 -0.15018984319741835
234207 -0.18571725291730054
449710 -0.06703473132691405
006471 -0.01888114280586015
232941 -0.21099946771521247
128142 -0.10701715500872554
128169 -0.10166065763569347
340852 -0.10478954814775389
128730 0.026108454808408114
340585 -0.1581797191640811
128250 -0.0662297792910905
234174 -0.11915113197989156
005736 -0.08680080845382619
233973 -0.0904631823119372
233187 -0.032855996417142076
007491 -0.11946062952022908
128214 -0.12142812170461276
127800 -0.14058772922026444
340192 -0.07144104383006598
449833 0.030027493800706066
127191 -0.13046580913380085
449674 0.012985335551159978
127842 -0.02436051927418369
235308 -0.21950511476878665
233127 -0.04871300764683792
342034 -0.06871296443875788
341194 -0.12481959011341666
129498 -0.07899252750105269
450436 -0.11384939674237535
127635 -0.0630869736899529
128634 0.00032434397273593677
129564 -0.24522385949344777
006357 -0.13008282307144017
233250 -0.09181080198262523
342118 -0.06410872487864437
006477 -0.01764436583233695
450601 -0.07823865317880749
234189 -0.09447988252791148
448177 -0.08575215994143019
342019 -0.06621829643508556
005871 -0.07615808827138086
232863 0.17945501959933596
450625 -0.07771565586329167
449788 0.08571038084353752
341266 -0.10688828150583768
448963 -0.06410283304951406
341035 -0.17230063680020474
128598 0.043737514997228166
007734 -0.0974226746120459
340813 -0.05999529117330461
341593 -0.10724953585536605
127665 -0.048196891463705115
449545 0.03327716000342973
129627 -0.0745503537578218
129270 -0.013379240266366854
341146 -0.17891354383181982
448735 -0.14556843084905002
232857 0.2556105142602659
341701 -0.09125864492859936
129714 -0.08056882871041038
234276 -0.018810545329063663
448774 -0.0381488789670146
005868 -0.10678206631493947
128241 -0.039527190973299195
127068 -0.19367189748787586
450448 -0.11018359160147465
448873 -0.10965836005121428
449917 -0.12810262797268315
233943 -0.11788069482406002
006114 -0.01861247015019846
342871 -0.18576327442703255
449389 -0.13423214157387214
449062 -0.19147969710116017
449668 -0.00883115068605677
129540 -0.16565818949852784
128247 -0.07481168826316395
127995 -0.14321446700934012
007092 0.07797853203562947
233259 -0.08658462017774582
127113 -0.11221137503070673
449557 -0.08221489451873563
342181 -0.06670629304849918
340363 -0.2082326972834624
448123 -0.1130998653700159
341137 -0.1847481390155812
449662 -0.050091464135747076
234312 -0.015329399652759788
232836 0.12214116963158994
234978 -0.07851350569346596
234303 -0.05363158542643148
127617 -0.10374890892082382
234417 -0.09232049447203439
341479 -0.12308276360124473
127659 -0.04819906187951995
449083 -0.0790060316308495
128022 0.0641222067435148
450163 -0.08244183199609481
129642 -0.16062781142650873
448435 -0.24021808306376136
450139 -0.08930480662081038
341278 -0.10243573605835259
448381 -0.039855332372279166
341050 -0.17389845333500414
235116 0.005938092947485945
342892 -0.17317219982572582
006213 -0.014862592024864335
128556 -0.09768567123288004
449794 0.10534941690280879
128433 -0.0838175149592556
128079 -0.12420717171196147
128547 -0.08970557044377976
341668 -0.09721915470912036
342925 -0.1674297060208843
129162 -0.20777652667044624
449056 -0.17868527125162625
449602 -0.18936154589785367
127401 -0.21351269470951542
007578 -0.20782533860190144
234327 -0.03302646896023771
342856 -0.21924150677456378
448948 -0.059437283461812145
340477 -0.07641247046642563
007386 0.09047500627235903
450067 -0.07716727501982763
128643 0.006319514633826135
449935 -0.1116315013367795
341464 -0.12405376284181435
128223 -0.09261599053266155
234984 -0.0165157838685059
005895 0.007380160204882693
342061 -0.06727014880891605
234087 -0.24041232608613514
007632 -0.11263819957825323
341431 -0.12233398886245252
007536 -0.16677263601067885
341566 -0.11355253895944946
128814 -0.010919735875589838
232824 0.14915671246545809
233205 -0.0610840512609708
448783 0.053263179881497466
233931 -0.17455478008387804
449680 0.02466104952294626
129567 -0.24334594601264412
449038 -0.15027957811850012
341149 -0.17830831208621506
234921 -0.03332370324264379
235323 -0.19655821573774832
232980 -0.1287346702662686
342736 -0.10193614611652961
342490 -0.0849385174634105
448033 -0.13827277064088625
233085 -0.15726920297849323
006492 -0.159814923209729
234315 -0.014658306804633724
342862 -0.195101493965336
234309 -0.0259988521625602
128805 -0.011729555281381757
341353 -0.10626376524388767
128463 -0.1527797295385211
232896 -0.17703807805738753
448744 -0.13656898357103547
007137 -0.205566896711077
342052 -0.06928980034937894
448900 -0.1384599172081859
448687 -0.1366962800656578
129276 0.054986708967353505
128793 -0.031252909284725086
006450 -0.21788717305803923
341578 -0.1066715895053857
341941 -0.09387173225475826
127623 -0.09309931528541236
450694 -0.08780875268550027
006099 -0.055787395020412
449440 -0.042240636356293215
127260 -0.09153966592522947
235392 -0.10406960917057644
007881 0.10884770292627662
448564 -0.11957849429235964
341683 -0.09061293601579509
234717 -0.23069330858040432
448996 -0.07799601451568801
450589 -0.07290703187613962
008160 -0.03625409080663187
449443 -0.027856086335528288
233706 -0.2563175818697275
235344 -0.18218993942352327
448051 -0.07531172712358813
235095 0.06557672988943047
006780 -0.23037374890039838
235350 -0.14680318546339688
234825 0.029374545909572815
232749 0.08430504851818137
341830 -0.11277270293042271
340258 -0.019568668352435353
233361 -0.029156523816390424
127758 -0.02101706340288075
450295 -0.10676239398826323
450661 -0.09620488818834415
007770 -0.019371787342330256
341416 -0.10847536856399333
129348 0.12349209862132829
128532 -0.08187066182525632
232920 0.04779495389864975
342130 -0.04760151842411982
450136 -0.08574848833074075
005793 -0.11363659550183124
128448 -0.15493717425199474
448957 -0.05331576646655309
128775 -0.03970801594227646
235377 -0.11673013577958952
448891 -0.1340045486684721
342202 -0.10238380391925483
233025 -0.058870741345147935
449149 -0.051179133654264554
342175 -0.06296809091015687
232902 -0.09768911239972439
127560 -0.09562895797598638
233496 -0.06374312204027933
340369 -0.21407971828730826
005625 0.0679734201512785
127914 -0.1833311461176912
235275 -0.24536146366552555
232755 0.09609713086060115
007083 0.07400593894814689
233766 -0.21101729663801785
341287 -0.11241746786610052
127128 -0.06786203830842935
007890 0.11276812027278817
232866 0.14076477414085753
127728 -0.009450864531976085
234894 -0.18378165011656628
450520 -0.10561985030533776
340345 -0.20100214699685792
128664 0.04253897415934936
340534 -0.0029076293900756264
127092 -0.19393679781401055
232917 0.00731009478144824
006366 -0.0953889338083712
127872 -0.1396104124500971
128040 0.08330033398127923
006339 -0.13493514632396764
127701 -0.09707473484763555
340501 0.10742152317035203
342142 -0.05373961899953658
235005 0.1311947144390091
006417 -0.23652956334371417
341116 -0.1377765201653079
448639 -0.1471440862796643
234501 -0.09718394814518938
127785 -0.0612850060570442
234690 -0.16796638384210905
128100 -0.14070989920180368
128025 0.08518482080843083
340561 -0.20242769323509024
008184 nan
005679 0.1393726407681047
448591 -0.1381352529773856
006345 -0.15707734199298562
341662 -0.10028927402458246
449431 -0.06643640845000338
340573 -0.17275005476652588
129321 0.15143350433560415
448366 -0.0744969404905206
449479 -0.11842987885306691
128811 0.0042141244471699466
341848 -0.09547530843243072
340594 -0.10913704116597278
341968 -0.07728855993496563
129606 -0.11640944069480624
448009 -0.09941664751754288
341719 -0.09320000056081312
234936 -0.1502367321034942
448537 -0.10013316090248335
342688 -0.08660750870207805
448762 -0.11796968567787391
449428 -0.09289425943668769
450526 -0.10711667247926757
448372 -0.06387166311667178
127032 -0.16208291359553265
235101 0.04786396319869113
234273 -0.013861922044602652
006867 -0.10261489263860693
127599 -0.13043325744409542
127632 -0.05931282653920325
128790 -0.06469024317206795
235380 -0.11126256779831996
341560 -0.1130474483152075
448345 -0.14498189831480432
128682 0.1018498351816592
234162 -0.21581256631820922
233406 -0.08894463202424667
006912 -0.15378255430740895
235161 0.10572504571880402
235176 0.005675008823037471
128853 -0.05055362298173786
450016 -0.03753731653650641
450475 -0.0620339400491644
005907 -0.06779568279576925
005814 -0.24008711516901599
234726 -0.24583385949452144
129366 -0.07483991050215626
006372 -0.08448084077191731
450211 -0.07677982420231383
341905 -0.10613435599033999
342049 -0.06619204720241538
340351 -0.19357949005595673
233208 -0.08163045136816206
450247 -0.09686766657493323
235164 0.12057128659342042
005763 -0.20194467318751821
341527 -0.1209514472777987
235257 -0.10119629907783874
449035 -0.1529607400207147
006321 -0.11087344390011167
128826 -0.05710518874686529
233895 -0.22677951581066563
450193 -0.07955783803102164
449191 0.052440188568296284
128379 -0.1479926136546643
341302 -0.11091437824607603
342007 -0.05969753389351376
235389 -0.10480657730590652
340447 -0.08037439649908211
449659 -0.06571039686758051
007737 -0.08873667516919087
340303 0.2577299156359264
340288 0.2070579623115578
007932 0.09328976781009989
234675 -0.23606260010306357
128325 -0.12518103594964394
340537 -0.056604495109134005
450226 -0.08787963775381961
005586 -0.003361329642633697
340927 -0.12739074159072153
450643 -0.09429004026111813
342673 -0.062452314563987914
448201 -0.08887485557427187
007905 0.006017680958028639
006858 -0.11896836280221257
127764 -0.03138490668171516
449638 -0.11559521525314148
007851 -0.03455852165853442
005877 -0.08232667257795478
128529 -0.08492208547602975
006330 -0.1152389932466956
450370 -0.09269706744301902
342067 -0.06699950591074987
342574 -0.2326629169020328
232776 0.01063039933890565
128031 0.08986243460244947
007902 0.006238216960108149
449632 -0.1356222906705216
128088 -0.12652910020771102
448600 -0.13922463408228883
340894 -0.10120205157183565
341857 -0.0948101815611031
448069 -0.006175877279059351
006174 -0.014530064087971568
235413 -0.0819372393539957
128208 -0.12098330508362497
128760 -0.08557895413403241
450220 -0.08374723313757057
448630 -0.14483687000371742
449128 -0.12169585309235462
341452 -0.1229640720280762
005922 -0.10137342271350679
008007 0.04014832141930225
448822 0.07736532219870645
007914 -0.011040925868715454
233106 -0.08638219881021264
342208 -0.10311831205882573
450142 -0.08692968735626573
450064 -0.07492910928352166
128316 -0.09655976117688332
342634 -0.22575394770134188
449155 -0.0499633301396807
233367 -0.010887403660006952
006792 -0.23313397806157507
448036 -0.13946850076005643
128355 -0.17549545842329356
006984 -0.21885218682029797
129420 0.19510518009974706
341017 -0.17143606700827949
341131 -0.18237301235099232
450337 -0.09670930449868287
128796 -0.04406505032859039
448720 -0.1264387148675187
235053 0.10279059147207892
448306 -0.1387841213326873
006069 -0.23153081778686718
341047 -0.17498106747057152
128601 0.0769817997374314
448645 -0.14139666446806892
449761 -0.022817843572078396
235227 -0.06596338547945747
341752 -0.11118042521412316
006285 -0.23040781672478414
128319 -0.11293580727514224
450538 -0.07301992299430994
448978 -0.05738105197579626
006183 -0.015367376723257054
234696 -0.1673132994818309
233946 -0.12324910605001071
450124 -0.09000988397026366
449584 -0.18709689082263925
450283 -0.09426922326588837
340342 -0.22217344513401716
448927 -0.07600364833886378
448684 -0.1416460585395077
006282 -0.24385259430449843
128709 0.11270507600333718
341296 -0.1190335465418147
341974 -0.06956773713081334
005865 -0.08602312680733996
448072 -0.006036439371225027
448798 0.13847001277245927
007116 0.07164183117094494
448198 -0.09553183961649236
234255 -0.13709059648232666
128268 -0.08018036200573156
342889 -0.1705380557999136
007275 -0.07936285290422652
342838 -0.2219670445214665
006135 -0.014956016733188823
007539 -0.1765773532213606
342901 -0.16836452843621327
341986 -0.058777220128823596
341236 -0.10685674815224426
448159 -0.11894683217395313
233370 0.016061743250040412
129693 -0.09376560307524043
448528 -0.12295086976993115
341344 -0.11337360763182745
005859 -0.13774315057192169
128103 -0.14488964271913396
235383 -0.10974259566533054
448063 -0.015370124523701423
341983 -0.0649007899959654
234282 -0.08132929798518834
008265 -0.22751890483502213
006315 -0.1023108446268089
234270 -0.025849814046519284
448771 -0.05236637845690495
341788 -0.0972925713285078
129702 -0.1243993700313617
342898 -0.17248914723071807
341248 -0.11033426387971187
342136 -0.05186230741839899
341530 -0.12351497731155009
128181 -0.09765136099382668
235215 -0.03770048159672492
449875 -0.06914054602654575
449176 -0.10939993881115678
450424 -0.10986946830565072
127797 -0.12007184931981012
450445 -0.11521159381957316
128679 0.09059696013360578
448609 -0.1350783102227869
006882 -0.14655974850809267
342091 -0.06952776760977565
341914 -0.10793129343048843
128307 -0.09129237763687614
450574 -0.07371201373447915
340654 -0.030297363304887203
341923 -0.09888588683381448
234930 -0.04178663041632966
006708 0.074872876964396
448816 0.0929952670053054
232959 -0.10343937643469846
235290 -0.23003086873463224
448558 -0.11057301156707916
449467 -0.04190561172046006
129255 -0.19615753789411347
449131 -0.11473461510815146
007644 -0.04262349540045042
342085 -0.061147825623963
340606 -0.06598002329365626
233100 -0.12516830242373558
128106 -0.15282336289223372
341428 -0.12219011241623579
449089 -0.06520785597985918
128361 -0.17944919452728786
450244 -0.09983744195326524
450319 -0.11927538039320607
128691 0.16127799718807903
342832 -0.226919087370128
129309 0.16001433898404638
233397 -0.02906993919789686
449077 -0.10580664796151876
233178 -0.0577869128042454
005823 -0.24747527727327254
008286 -0.24145510340208204
341902 -0.10634792166623319
129669 -0.09958283184919617
342010 -0.05236483651855332
234492 -0.08203686554990118
006651 -0.2449968056744694
450112 -0.08819177961549583
341779 -0.10163250340252172
448468 -0.17932401559094377
233031 -0.04699145907893688
127911 -0.16169023420843232
342859 -0.2065667178763416
448693 -0.1327078248596388
449464 -0.029454682095515803
007794 -0.09128878419361418
449764 -0.016731071337277685
128697 0.21636264945055103
006588 0.1285588909330822
340882 -0.10013303501314158
449071 -0.150963712901625
448474 -0.1949326477967225
127989 0.0004607790271531121
235395 -0.09192352453774152
341329 -0.1054912436173861
340780 -0.08627406004484299
341095 -0.1488604060351738
448864 -0.0553997335117803
233088 -0.14464569115157502
234819 0.03664879352294612
234579 0.17340782537566646
005574 0.0012945037523553376
341827 -0.1142501659856826
232875 -0.10170245735976771
449110 -0.09812649359321293
342907 -0.16939823595211279
341674 -0.09080409207542912
342145 -0.06201487877720192
450265 -0.10181855239964549
449647 -0.09328195619155588
340504 0.08691744073654979
449650 -0.0867745408863375
340615 -0.016434406776077663
007053 -0.2186903165983366
450649 -0.10279143303427062
449938 -0.10485148725846288
234537 -0.06487397500325655
128457 -0.15098286588006082
005673 nan
450571 -0.07407696426399032
006909 -0.1587173217327173
234678 -0.21923861332306188
008259 -0.21240250551038314
127746 0.010256320650127073
341227 -0.11729457838378908
234711 -0.2189027281430605
232827 0.13786107394826763
450331 -0.10897787442002226
127167 -0.19253495319369418
232992 -0.1522776145281325
341020 -0.17166890227843443
342559 -0.24130546530839486
233220 -0.14261949199398138
234732 -0.24152230987319714
007467 -0.11606957885572493
127740 0.040650344168323464
448732 -0.13998035589173272
233898 -0.2250110039053091
127206 -0.14220067367132486
007830 -0.05538730932058846
342028 -0.06654615848989617
449986 -0.0028320783872822254
128493 0.013274390175765663
007131 -0.20287461507888066
235236 -0.07976157338466473
127611 -0.1127385846973715
340510 0.09030037635136513
234495 -0.08028805457518925
007959 0.21056152133574652
340603 -0.06744594594017542
128175 -0.10907227373983772
450451 -0.10620319045518704
449143 -0.07797342708778092
235224 -0.04618422539301494
233169 -0.08809811365602045
233421 -0.0965964280558822
342088 -0.06615797161071547
129621 -0.04423125379740747
129591 -0.08885103479386353
007719 -0.12009695142998017
449413 -0.13500771466051303
341326 -0.0986059860322547
129495 -0.020241499983541248
233400 -0.0433820020509894
128517 -0.026007178933337375
234345 -0.11425217265174502
233289 -0.10496006714912351
234474 -0.02022850467972411
450235 -0.09473489427302567
127023 0.04131719588864186
234507 -0.055527378688521305
128550 -0.07597294223583964
006489 -0.10899110216775706
005820 -0.24459779354227174
448480 -0.18137264881729218
006468 -0.029403648743482367
007947 0.14739855951441952
450664 -0.09255910106199751
341122 -0.15100216246723197
234681 -0.18923403718377238
006993 -0.12410610730743225
235347 -0.17087580376471517
128583 -0.06234676084863708
341392 -0.11121099436297009
235194 -0.10890329632883076
127923 -0.17293413398612256
233373 0.03255633843000923
233244 -0.08282864237571878
233184 -0.028658149048962103
235131 0.009459553104060024
233130 -0.043280298831604724
006942 0.03155081360428422
450076 -0.07998072050359471
234357 -0.13714144962995067
340645 -0.03874850499319242
129333 0.07335356902823877
006522 0.13203642916357003
234531 -0.07756821701459476
007761 -0.025014131943443943
449509 -0.0479151803940382
341350 -0.1078966958370695
006696 -0.09184611907296374
447994 -0.12928032912716975
450511 -0.10170206226544638
449851 0.023847253884995156
232788 -0.09873645173178779
448288 -0.14076920539613755
235179 -0.0330746737799544
233286 -0.1049117108049687
127755 -0.021611457680741315
128199 -0.1009409615852812
449965 -0.025999751644027378
448003 -0.11160924363840531
448327 -0.13467602234228374
008004 0.037859637283948734
448267 -0.0925610877101484
341233 -0.11971280577128136
005901 0.02072971059081236
233631 -0.03880995691442464
340624 -0.00652821765056372
235209 -0.0527771132231115
341875 -0.1013433230894735
007698 -0.12925686520132143
129588 -0.10846678332629359
006960 0.1448345059980881
128652 0.019813167695986872
005595 -0.23749193817219408
007827 -0.08770700084542647
129636 -0.13146504095988706
007443 -0.12304148662105183
234573 0.14806903216068087
006342 -0.15847641921219294
006198 -0.014588014307031
234912 -0.01547666450264283
342160 -0.05790391533201513
450565 -0.07984248774967674
449716 -0.07168481618414858
006033 -0.13088115028739744
448444 -0.2436102951306776
235260 -0.13684071805962505
007806 -0.13946127458736476
340486 0.01775004039473465
128190 -0.08776493969077219
450178 -0.08149613993588824
449593 -0.18172685824404522
448204 -0.0727985059607497
128646 0.007323602529672476
128163 -0.11118371302472264
449158 -0.07274560290876654
129318 0.14075594122447666
341944 -0.09958395176886588
006189 -0.014880313197579747
006381 -0.09719340516145898
340741 -0.1853954245180955
235092 0.07853439102408732
342712 -0.22591476139068975
006795 -0.2346680721187808
007707 -0.15982964870040517
127614 -0.11035119534000766
006774 -0.17999214513948492
342823 -0.23233139471256686
007941 0.13261856054793328
447988 -0.13366557263454412
007266 0.13395832071256877
235026 0.12489026556473701
127065 -0.18999013866697037
341599 -0.11486146914144092
450523 -0.10256573163846551
341821 -0.09993445130423101
006939 0.010885667469766405
232845 0.20236345342123835
449977 -0.011652804957382829
128604 0.0526042062838613
234810 0.08073692322613682
007887 0.11488682114860295
007677 0.15999835839977972
232944 -0.22473926530892832
127863 -0.038539330077136336
233040 0.036453883632042106
235044 0.05918952088382126
448621 -0.1375937093279512
341491 -0.11808449028576674
128370 -0.15760098105299178
128160 -0.10729948479626636
340639 -0.024538508322565676
341368 -0.11757578066190008
006150 -0.014682497945772546
006090 -0.11923794096657919
235056 0.13358901999532835
448075 0.00827219291356529
341410 -0.11432429049431496
127389 -0.19001822211645328
449014 -0.15414971268854566
128769 0.0016797993091369951
448999 -0.07232778024312361
340588 -0.14789631571681644
128133 -0.11844293938742745
005721 -0.17407277970487958
342829 -0.22736669980288662
127437 nan
448627 -0.145338671067089
129306 0.15154722290735723
006444 -0.21326657540396732
450640 -0.09434147104494632
341182 -0.13439946399502767
235140 0.036148154947722166
449923 -0.1202235347846967
235020 0.14412297687444295
341980 -0.06917534564173927
342148 -0.06014777411056746
449836 0.03972436256189071
448696 -0.13243758356045665
448060 -0.03431000525883573
448510 -0.1850928838365362
449203 0.17235200363877448
234447 -0.07089967228117444
342619 -0.20647015140878022
234945 0.0836087332952979
129468 0.023960458404488037
449848 0.029601482681795764
006387 -0.12847298369753837
341089 -0.14439936348130417
008235 -0.20157881861038682
128742 0.029881499941386884
449032 -0.14409373706843123
128259 -0.08320230508397285
234177 -0.1112432998272356
234699 -0.18834851361386287
127485 -0.23466736929757254
128193 -0.09133127710961694
234219 -0.23469545034355183
340252 -0.03452591513027762
341323 -0.09502620130518298
449134 -0.10138156558004553
449863 -0.01915584463465064
340405 -0.0747597468403354
232923 0.05102206646371141
007920 0.045336122782280774
448660 -0.13124918929835228
006516 0.057596421870510665
128019 0.029928689400216906
233115 -0.048118638878869906
450652 -0.10516076221822368
234459 -0.028353658206678633
340864 -0.10805261993409991
127776 -0.05504354172830687
235287 -0.23205922842726576
449455 -0.0784468898110267
128262 -0.08183719359740473
449494 0.005490270146911918
341845 -0.09580585616363331
341482 -0.11883261344845801
448903 -0.12821331928549717
340891 -0.09874477505214714
235314 -0.2202426378058378
234519 -0.08878229268758901
127047 -0.1682333256242462
449995 -0.015661915840260256
233172 -0.08436706726499599
007563 -0.18567945643555311
448546 -0.10438912315881146
340441 -0.0039212500967946975
450046 -0.07532209640126335
235035 0.05442827301427744
127413 -0.22707989102318174
127812 -0.14181137665125315
128349 -0.16940058884446071
234369 -0.14706284006345985
128058 -0.053160010147306855
129423 0.18199392838064712
449872 -0.062189707076785006
233154 -0.06862608601129479
341851 -0.0956841008195732
340903 -0.1047784488462858
234222 -0.22734575083690323
234969 -0.10945700417161841
340582 -0.16603618026823577
340291 0.2224433096452321
449755 -0.02154751266957327
234966 -0.09600426850122806
450391 -0.0796848480744863
450532 -0.0893447080158844
448249 -0.13734461341518253
007716 -0.12499815095192061
129294 0.14184554662577556
007938 0.10880900405638531
235359 -0.11679659220215151
340483 0.01747319820338982
450286 -0.09764773953977533
006327 -0.1238831248876154
127536 -0.20715978765590454
128043 0.07929912960283972
127182 -0.1743065243017435
341977 -0.06921300680181533
007662 0.20613502074801734
450190 -0.078854429512772
128427 -0.08130088517572545
235248 -0.10636038404231626
341164 -0.1376376089656793
127692 -0.08990718896822897
127017 0.025063195455641972
008196 -0.2357474339896215
449515 0.01037331839761384
006291 -0.17105788351655016
005886 -0.07040414984752383
450430 -0.11143052318343469
450517 -0.10233489388511292
232830 0.16212991996105067
448174 -0.08225647709357044
127152 -0.16557982599633375
129297 0.14268178374147852
448831 -0.005054543151352362
235170 0.12431137256040833
450598 -0.08188316117130445
233136 -0.054339606472156375
232956 -0.04644845735908734
127596 -0.1464396338232211
233982 -0.08415270661374835
235122 0.005900572618708186
232812 -0.09275856018700668
234603 0.2264476999804214
006861 -0.11584927706554807
007704 -0.16528471386621868
232752 0.08766335398079025
234381 -0.16888278178202354
006303 -0.11239821409708954
127668 -0.038060327526292265
234489 -0.10522551986238425
341167 -0.13925493669881706
449746 -0.035341437531526756
234195 -0.16286520793955164
235251 -0.12962779229784765
449314 -0.15697081932843576
340273 0.10825655830000538
007863 0.013404588884965858
233238 -0.10675099822734545
340885 -0.0963687626370904
340612 -0.04112936251920301
128538 -0.08958291859917976
448867 -0.06794071293148689
341893 -0.10708396288549439
450535 -0.07838412246212594
127170 -0.20903107071139101
005733 -0.09089060194115117
234240 -0.23819644294083475
129561 -0.24659094077028834
449941 -0.09183168719644173
234429 -0.09410457893125043
006519 0.09434071137502946
127869 -0.07740213732966089
448741 -0.13689968364226796
007680 0.2169901198268648
450166 -0.08380478778722592
448912 -0.13484530628545185
128346 -0.17147455959135838
234591 0.18332781575316803
448966 -0.06565818480305534
234261 -0.09487487103943362
127221 -0.2146434451192037
341518 -0.11111488003089953
232884 -0.22244263322814936
129453 -0.023907219998093466
233124 -0.04902402946685947
448945 -0.045282894939258175
006834 -0.1996241855242896
129600 -0.07327187455198624
232773 0.021556583423788935
234645 -0.10591501787999197
341575 -0.10736627205275882
006072 -0.23464462537313382
450556 -0.06901726612835755
342106 -0.06768754527399402
341170 -0.14139637437925529
234321 -0.10687635314777004
341641 -0.08683131451508086
234267 -0.044299900905609854
127449 nan
233076 -0.1639918810046633
128637 -0.01652987842059919
128085 -0.1301462505487763
007674 0.048319379831510974
007635 -0.07873666095373937
007785 -0.058860837887624376
127683 -0.0759734201118081
342880 -0.183582512152626
341389 -0.11073774150965401
341572 -0.10800179355292559
005904 0.026617324043535253
233226 -0.14616908698791883
235047 0.06541566856109225
129000 0.2471107891251629
234348 -0.11729902834278355
234333 -0.11713600117901228
340471 -0.15635735385426433
127731 0.031839605961783625
127095 -0.18214721315972018
341398 -0.11092676064465737
342715 -0.22054032399042903
128061 -0.08526359331618331
234567 0.08132388721801315
449362 -0.07769916771114506
129330 0.09565618415336824
128010 -0.07298727491151868
007689 0.04682992914949253
341224 -0.12872220952956717
342895 -0.1717104728797262
448471 -0.1900913810769172
234996 0.06510637301370537
340219 0.005347455710240235
450439 -0.1127843310749017
129141 0.24650027259947763
341068 -0.16096012827274872
341617 -0.09541051768000695
232854 0.258040835610664
449950 -0.06302801501898793
006222 -0.004559939010988843
234642 -0.09384292430813163
340276 0.15394983520993602
127386 -0.17333023456218832
233889 -0.2274997739430711
233376 0.047796613931364786
007929 0.07697065683704911
128586 -0.062357713292147926
234588 0.15323152212976737
342910 -0.1675055725240398
233925 -0.20859892226202348
450364 -0.0923661389561245
341869 -0.10684005506834049
234465 0.0007557409839669988
233916 -0.17948832094901404
007056 -0.2158955316694956
340210 -0.040626689971439416
006096 -0.07045518942997508
234960 -0.08548297936909496
235125 0.00790992196108829
128352 -0.17654681661576238
450385 -0.08035483214431743
006363 -0.10812740189968874
448807 0.12044262715821435
342703 -0.17768672742540875
342403 0.09342008689287998
342391 0.04594001463881045
341059 -0.17197104907646307
234486 -0.017610244706754093
007728 -0.09089587174128944
128028 0.1010332544970917
233625 -0.12343651186942337
006306 -0.09641433009588965
450679 -0.09732099493392328
235107 0.028868374841687482
127269 -0.11668625702779194
342058 -0.06697224347348872
007935 0.11226077370954501
127737 0.03612317531017565
234384 -0.16989581026589465
233979 -0.08426610852739826
006771 -0.1450429344590092
235068 0.14549025043652913
450400 -0.10058992581677571
233787 -0.19238011554287035
342877 -0.18827613986733352
128295 -0.07877250491576315
006075 -0.23680347415753306
233055 -0.09524808735453216
128403 -0.12759854979018356
341935 -0.0993739228321633
129501 -0.07959611187283955
449728 -0.07062985996738422
342133 -0.053988693126294986
127194 -0.11927296267706615
129177 -0.25999857382799585
233901 -0.2251561603566828
234516 -0.09118124883641643
450421 -0.11080054667680923
450550 -0.07142402544742871
341764 -0.1039606709928878
235071 0.12081459721998974
235353 -0.132275850700225
005568 0.15011540713494056
341173 -0.14044038245716622
006948 0.06731170840274178
234975 -0.1067936835973963
341557 -0.11363457619181366
449095 -0.07931745341708549
450292 -0.10428266755457286
127029 -0.10008786698268435
448759 -0.12425283945992843
127677 -0.06725033818098602
007617 -0.22840534680723293
448354 -0.1261536705395319
006177 -0.01560488839268414
340309 0.23193572686837838
448909 -0.1357138565232554
449779 0.05010428255746957
235422 -0.0838504674008218
127059 -0.18111554894914714
234549 -0.04587577435817277
005700 -0.2018542495173932
233940 -0.1301762913363031
450529 -0.09709514901292846
449437 -0.052541618451658195
235032 0.07721296049974437
449572 -0.16715694388229188
233952 -0.1135060684480905
450091 -0.07405979014049352
234693 -0.17226867439574822
448045 -0.11032678843029066
449386 -0.14182579863265482
007824 -0.11694997396224584
449677 0.014827062136284064
448048 -0.0916612992029453
128514 -0.0005443054863472897
341347 -0.11225870200984013
007833 -0.03904877763950378
128442 -0.14945189153955407
234702 -0.19845624835254466
450607 -0.08011700098166688
234249 -0.16761747222594112
340549 -0.14907108320404688
129063 -0.22561766703923544
449956 -0.04852456464221339
341689 -0.09447244317656371
449839 0.04003991810094832
342538 -0.2328488738448532
128406 -0.1282704779790868
005583 0.11177332466642921
341929 -0.10395706948690552
448765 -0.09855732358321942
233181 -0.03575934057141873
449734 -0.07178409458847387
342808 -0.23870502081707884
448339 -0.14314700603922215
340366 -0.21409625722862272
127794 -0.11004121208475658
234852 -0.15369042044594172
128871 -0.02145153009761792
449449 -0.05083423373342932
006048 -0.1599162881336515
128082 -0.1253336717992654
006288 -0.20448787945954744
448714 -0.13420626042822809
342046 -0.0672619674808857
448348 -0.14442280585254333
007098 0.08461837687044063
341989 -0.06358700712542217
340306 0.26262172843012
340450 -0.09650766363201926
232989 -0.1550616656929545
233271 -0.09970837736345498
449281 -0.06690705971382645
006360 -0.1188555907960038
127038 -0.14726404976426508
128391 -0.1465737351244299
007122 nan
450466 -0.07084122812903386
233061 -0.11607122231527965
007509 -0.158253550271855
448792 0.10076259072368411
448024 -0.13990254283184642
449029 -0.1495932720184959
127710 -0.09954715255768068
232848 0.2286802613030938
342646 -0.22165343496534554
128520 -0.07055848568881028
341671 -0.09200645547369253
007260 0.1746774672417936
129426 0.15344200117720497
006705 0.10813656810757982
233646 -0.04959741187474084
342667 -0.08560289844634042
449005 -0.10138805997468567
448750 -0.1278040131410292
234708 -0.2098663251754381
341824 -0.10348036852560574
342115 -0.06421209951592168
341188 -0.12894615173755208
450031 -0.06840387275647936
127647 -0.03945566717143561
233328 0.07070524416464441
235128 0.006622898939033103
007758 -0.02835844529551853
448000 -0.11467157377752615
341218 -0.12572978716263009
129237 -0.05070888776627799
341704 -0.09046967150821443
341734 -0.09769474661536465
450049 -0.07396752681859867
128139 -0.11169777194864515
341371 -0.11756958454333807
128421 -0.11423250023314617
449524 0.0645966941591293
449233 0.09957728826294386
449623 -0.15832458007725533
450070 -0.08061105958818938
234798 0.02279915205024898
232797 -0.10907639405567153
007080 0.07703056774442157
449992 -0.0141619091822413
006273 -0.2377154887742154
232794 -0.10828824081118146
342700 -0.19598944662174506
006351 -0.14593668749732694
129285 0.11690751105350196
128091 -0.12318719526308607
341638 -0.08750575376207469
234849 -0.16488844017988305
341659 -0.10006972437326113
235362 -0.11415446218665541
341521 -0.11420797980777803
008238 -0.19158686797195162
005691 -0.09319056814088171
006498 -0.21486957425147582
450298 -0.10938071966349516
008310 -0.19335295114940138
129531 -0.1783982923381217
341716 -0.09298048753735434
340924 -0.13415297259549164
006525 0.15592257424006387
450232 -0.09136954467187296
128787 -0.06295925140696229
127839 -0.02336426426681074
234606 0.1954182519834632
234822 0.03118784314751593
007575 -0.2036423877886331
234342 -0.11892799755883596
127929 -0.17663075719229412
450025 -0.05095914135997991
341461 -0.12377374108139552
341602 -0.11614780563304669
127053 -0.18090434433921937
449368 -0.11476714903425175
128559 -0.07660407251184348
235188 -0.08698769648783167
341041 -0.17442127800744678
006699 -0.019806371347081367
450223 -0.0867269538881452
232746 0.08427757203870516
006936 -0.002148931879066731
341314 -0.09840134875274899
233757 -0.2258607039375911
008283 -0.23914825329069264
007263 0.16495222494209372
129684 -0.08765797630321744
340642 -0.026297852612379956
448240 -0.13619303313602757
129438 0.12046276795020626
340465 -0.20151697176856379
233256 -0.09023682845363401
129477 -0.0012047986721044246
006126 -0.014272117839446144
128394 -0.13809836853695454
342163 -0.061885093496181945
232878 -0.19345475086774777
341074 -0.1637557249667171
340861 -0.10194600420307381
127074 -0.21618747607231856
008253 -0.2109981135716514
006873 -0.10621001770757378
233253 -0.08990618869455655
128385 -0.15050097126023215
128907 -0.13625799265768443
341485 -0.1214666878135716
128358 -0.1792979724185776
129516 -0.08839211409098804
006312 -0.11582905034517813
006486 -0.04850774395655072
340750 -0.18120623605471461
448777 0.005988510649594305
450562 -0.08027682779457483
448855 0.005425375685604817
007326 -0.10196220215379533
233160 -0.0714075885453409
127056 -0.18528643517795196
341953 -0.10483438518051545
008247 -0.20488408903786673
128523 -0.09461051274966319
129303 0.15424859970926955
234153 -0.25337705250877435
128157 -0.10731058540928867
007845 -0.031019540316222855
127227 -0.22696613398687202
448819 0.06891632603637243
006003 -0.23747545878092452
341536 -0.12274154533983753
342199 -0.10125953508940015
006507 -0.10376024909506967
129483 -0.018600803096324177
233679 nan
448951 -0.06722188892586933
450304 -0.10827915868220926
006447 -0.21812492780173467
450499 -0.10000791502744051
127902 -0.16203529099488204
008307 -0.18614512251455081
448852 0.015781354312252405
341632 -0.08902672137461944
129066 0.13044655323028564
341896 -0.1072187924738035
233319 0.0016658741417142212
128376 -0.14953401074829312
341887 -0.1090532176237295
005730 -0.06407341952808034
006279 -0.24425621731091599
127767 -0.033507754099057964
342625 -0.2190140204389325
341308 -0.10000640773264287
341746 -0.10475529917487628
340597 -0.09515080336888014
128409 -0.12155449409413778
341239 -0.11309014517296259
234600 0.2341473796190768
007074 0.06582021305703709
007059 -0.17610599535122481
127131 -0.061181623605329666
448228 -0.12385297055241157
449329 -0.09966703784266409
007989 -0.09010354819418002
235371 -0.11329538692607728
449575 -0.1738235276446501
128304 -0.09104955873666454
341404 -0.11228229379749166
450151 -0.0852426915399952
448711 -0.12692122078923798
006192 -0.013901364884408964
449506 -0.04422856217386527
450040 -0.07953368462501079
234636 -0.06448202973861003
234927 -0.05180102027610061
234786 -0.04914427827608909
127878 -0.1725653747832748
448351 -0.14095065682748686
341950 -0.10104122527663817
007650 0.03422760909987654
449599 -0.1861415735675134
128478 -0.08720707037662054
007431 -0.07143589787527851
006378 -0.07308582990075091
448294 -0.1438009930175768
129603 -0.1050410966957565
007446 -0.13176582757037245
232785 -0.09597066471936073
232770 0.048376097782859374
448870 -0.09036066623429312
340399 -0.117002597977607
128154 -0.10971696559828943
341758 -0.10976877386400789
127161 -0.1768424021083421
128343 -0.1710783713682965
233028 -0.06740210409172032
341833 -0.10749013202935369
006165 -0.015321831185011344
342400 0.08405882266132175
234285 -0.09908087644538649
128298 -0.07906009763143296
341023 -0.17284709357258965
448657 -0.1297986896454342
233145 -0.0663218691608848
234375 -0.1568524524298533
127674 -0.03670431719942841
234513 -0.07160829598941501
127620 -0.1057264147836799
128466 -0.14410336964536816
449539 0.06299985823395853
233337 0.08640174227987717
233247 -0.08815414437142896
340222 0.0017225958488799769
006654 -0.24466208390908448
450697 -0.07654142444125711
341971 -0.06940207783422908
449770 0.013281454982879732
449347 0.0199723767790562
129447 -0.019179140158636754
340228 0.0006355123180898602
234363 -0.13909352794329158
127983 0.05247015627711298
448066 -0.008112891247468404
128502 0.04100010940703168
448933 -0.06492473013064108
340339 -0.21686142416399454
233811 -0.19573656300877462
128499 0.014407304371438593
128700 0.23110203840550886
342070 -0.06990345632977724
342418 0.06418674704672277
450688 -0.07469467173484255
007653 0.06686457073658976
127695 -0.09502471644124942
448231 -0.11916701675971661
006375 -0.07158904861805687
449818 0.02709984894873294
448804 0.1282540456717554
342577 -0.2273693776483748
342664 -0.11188585847446829
128685 0.10791751053508088
448270 -0.10130690946232104
449791 0.09728046836900567
448633 -0.14213763775920152
127905 -0.17479267846595017
448594 -0.13984271388008343
129666 -0.12376676897757956
449827 0.000870599247357013
341554 -0.1154452100315052
448462 -0.15569278376838433
128367 -0.1667124690826059
449161 -0.07089414635375768
128661 0.03222944536149389
007587 -0.22597280078464085
448378 -0.04176847764724266
234408 -0.14451924708240477
450121 -0.09169850255402455
006510 -0.05060372744675607
008214 -0.19716526818653896
234840 0.03195479275226777
449059 -0.18997871680582126
342457 0.001690883774185516
127077 -0.2131641313069269
340474 -0.13252916380854768
340201 -0.07627140388809983
341908 -0.10617686114764766
129513 -0.07546717555188012
234777 0.03821932512616355
448987 -0.06888846394511791
128718 0.07294659693855637
340900 -0.10636510207765808
233967 -0.09546193062116426
235263 -0.1480645932557382
340531 0.026665057850499902
007911 -0.018180136761898016
450514 -0.10058745820191216
341728 -0.09822296526641514
449341 -0.01927869415273244
234738 -0.20922634711056406
448153 -0.18270174915053985
449887 -0.08449215119057442
006210 -0.014890208157822661
128205 -0.1193574174592786
341413 -0.1153952425402837
449896 -0.10860731744903447
449905 -0.12176921147909463
128055 -0.026382870763583272
005808 -0.16868286408453978
450613 -0.07138426212321428
129045 0.15795290659344385
008028 -0.2145974792861073
450637 -0.09326363887496622
127881 -0.16607999800249507
234744 -0.1825816587016086
448447 -0.2439647888671493
449671 0.0025409750573605725
235416 -0.07835118391659227
232782 -0.07536999588338736
448486 -0.18217376907202396
448858 -0.007713850628315115
448705 -0.1262081225221417
449932 -0.10888271578149969
233730 -0.2125852710868917
448147 -0.20188396099213785
449707 -0.054275192067445556
450082 -0.07615868378953396
233235 -0.11849960463929277
450610 -0.07471002797368262
007899 0.02123719964359807
448834 -0.012338215385725736
342748 -0.04699078142157136
128121 -0.13694074672573742
233292 -0.101477371276945
234075 -0.23972026885501924
341425 -0.12113617884695109
006147 -0.014790663799012994
129258 -0.2144241953800584
448840 -0.014332073330019115
450268 -0.0952739215798783
128145 -0.10053258525437053
005802 -0.13098312050276564
005892 -0.022480327810365883
234126 -0.20724776368703904
449605 -0.19069710259287004
449380 -0.13428543992331426
006528 0.13589313024836605
448885 -0.1297265591149554
233334 0.08200190057760809
448087 0.026497697025411746
128766 -0.0016036027378818767
341053 -0.17495631583041948
449371 -0.13971453710841292
007656 0.11478443824673105
340627 0.001975922946845555
448210 -0.057806489313474874
005841 -0.18602668074683695
341335 -0.11083937458302436
341401 -0.11229178889062502
127332 -0.12448838920820327
341209 -0.11763949898082245
128721 0.07924000605305019
449497 -0.05497753393778911
448363 -0.09418410431904305
235320 -0.21493018293961602
449326 -0.13372009605930293
342853 -0.22266445871977955
233391 0.0042479113447922425
342814 -0.24132892909615425
450010 -0.04229239806086088
448243 -0.12267195982457288
448702 -0.1333918557148659
342811 -0.24372259539271157
234234 -0.2493175584212705
341665 -0.1022688193194387
234411 -0.13611578739391852
005577 -0.04186456113417552
232761 0.0642978488931603
341134 -0.18655432937714583
448729 -0.1376231750670941
342769 -0.029421344816189146
129675 -0.06073002354894988
450028 -0.059929044727204825
448165 -0.08094107526950735
129429 0.14622264162044776
341203 -0.12149532691597051
449776 0.04249946558826905
127098 -0.17022188568474667
129534 -0.14188340590498283
448507 -0.1998827908309658
127656 -0.045416847948885036
341506 -0.10710761771332919
340195 -0.06336330100349166
341854 -0.09532581052681019
128178 -0.10264818784654998
129510 -0.06650432597277353
450058 -0.07346018811405915
007050 -0.22446103732535658
006243 0.3001703552107692
342643 -0.22419907389609153
008001 0.03494086472884468
235011 0.13556716252572998
233388 0.0011629816355889094
449692 -0.01876890792487861
341776 -0.108467423075303
233211 -0.09788530709830516
235191 -0.09604524656638416
233046 -0.05604716716822339
235233 -0.08877066208316496
128397 -0.1394537989296334
233262 -0.08824187730084414
341710 -0.09094585758672422
234981 -0.030256019220741878
128541 -0.09092113267212804
232839 0.15617051095411408
235185 -0.07250314987544154
448579 -0.12916859191200333
448234 -0.12165106247497345
233934 -0.14410926041340918
127071 -0.20228876772599044
129507 -0.06295395055451365
449167 -0.08775905826760882
006915 -0.163315878482092
449731 -0.06853781482980266
341926 -0.0973078134112793
448258 -0.10765074480232632
341761 -0.10566980356072471
006156 -0.014882919465229188
232767 0.0589095658384944
006204 -0.015939647680886744
007725 -0.08647568947734012
127263 -0.12037487051419507
341743 -0.1001126323606971
342178 -0.06353200474073648
448246 -0.13474988318770503
234300 -0.0703075850720037
449566 -0.15960666026674594
129492 -0.011596793584582528
448615 -0.13132244362101467
448132 -0.13987360797655943
449173 -0.12151310350691873
128451 -0.15093191821975546
448975 -0.06022807917404433
342757 -0.05442136843331388
127686 -0.07475854774213109
450316 -0.11203485905611467
233880 -0.2231491320953417
449140 -0.07535597110956974
449026 -0.14782265951301918
341305 -0.10241171352741825
234789 -0.06540197428818925
235221 -0.04633458276054957
448342 -0.15465311951873917
129543 -0.21345498559867335
005757 -0.15671429684553198
448375 -0.0550374715465038
340336 -0.20936022319720304
233022 -0.06547986123407773
448726 -0.13623774994254614
233961 -0.11716861556656986
234231 -0.24992645691548077
128097 -0.13643374253181867
007062 -0.11227091093708697
341965 -0.08237466429781298
449395 -0.08755699999093719
127830 -0.07556881267928721
129300 0.15392471519851167
448708 -0.1302133229594467
342214 -0.09207790814057731
127629 -0.06871181839988345
234456 -0.029724263052998693
450250 -0.0971426751423368
342847 -0.22129293839312408
341110 -0.12592603284842982
340546 -0.12320246881788699
342604 -0.20960604576837447
127326 -0.13672706437489343
235317 -0.22149580454279716
129264 -0.18508598970949222
128382 -0.1485733913162064
449656 -0.07472036253919176
448504 -0.20499071151943066
342382 -0.01850509524285938
342571 -0.23638685429397574
233274 -0.10180870270324723
342802 -0.15399529441954599
448618 -0.14046798303996333
127137 -0.02930995968073554
450301 -0.11121359944362368
448813 0.10365942717716445
342466 -0.03235094565911418
233229 -0.130957602358802
448282 -0.1358497484325427
006249 -0.17970173084546648
449182 -0.07675026913285915
340684 -0.15137612794173755
129687 -0.09315256584678798
007584 -0.2250578907721547
008277 -0.24065243066682682
006684 -0.17728773934363565
235197 -0.11119191970719888
450229 -0.09034745764756014
128166 -0.10624149580592272
450463 -0.08096195701052787
233199 -0.05958159469013713
007683 0.10234307006102841
450379 -0.07695505409932732
007524 -0.16016873655447303
449596 -0.18533621548085477
006735 -0.05915933904814094
341293 -0.11400883575368954
340519 0.08118152958865488
448330 -0.13730660925684407
450631 -0.09022808142127224
450274 -0.09585370710254403
128004 -0.17086866135963313
007530 -0.16461668025339002
005811 -0.2384573967902215
448843 -0.01624437598816338
449959 -0.04875893400229568
234453 -0.03878088928762598
341629 -0.08758974640665664
341686 -0.08932238466449702
449419 -0.12011571935851904
449317 -0.11865960611098966
234402 -0.13936368028985735
450280 -0.09257530689534191
006123 -0.015152196645959308
007671 0.20363462034356658
449272 -0.07974253613271831
127464 -0.2524786853285694
235017 0.13711150015605522
007308 -0.0790217653205276
006885 -0.1587198666551999
129552 -0.24185712951602356
341866 -0.1033500295625027
341884 -0.10780373073447544
449767 -0.002868320495205856
233097 -0.12275858781484539
341434 -0.1213348022634391
234156 -0.25252190151730103
006063 -0.22062038883765314
007473 -0.09802306438791009
129246 -0.1180897941366274
006438 -0.1869032873793139
233310 -0.058731913677403914
005739 -0.10708415979310008
235104 0.04016683207018893
007623 -0.20163633238594486
340867 -0.10650696032712248
235428 -0.09186154656331826
449125 -0.12302265625117283
342211 -0.10316168129545464
235155 0.0798580295912129
341098 -0.14525771294264847
128196 -0.10174544951707766
128289 -0.08357762944320594
340552 -0.17353662803277595
342097 -0.06659930788273054
342586 -0.21976345762573093
341677 -0.08855831718681227
232905 -0.04982740372667147
340396 -0.13786401098807002
007437 -0.10149027154661464
342706 -0.20218792075440595
234948 0.0033099377553320723
342502 0.07584134704520934
127125 -0.07028421959044441
128310 -0.10418549472478202
450577 -0.07627520236365697
340930 -0.1179878517717154
342562 -0.24287585795871794
005883 -0.08101024857116124
448216 -0.06708619636022406
232911 -0.03133408226488324
232995 -0.14153274963686627
449086 -0.0705015958525192
129282 0.10479912341260884
341494 -0.11645050906041794
450175 -0.08263408874596291
448438 -0.242892366266089
234576 0.1759682983582206
234441 -0.07967132731589345
127155 -0.1931365037721301
341374 -0.11772464219425699
128577 -0.06811738512786884
234771 0.010510019811429556
342919 -0.16464681984355764
448924 -0.09061780321483752
448180 -0.085964177462159
233091 -0.1458187747843987
233922 -0.17740447856844507
448531 -0.10763871706601329
449185 -0.03622150599155455
233223 -0.14239616681907194
007977 0.2253917514494436
232935 -0.19966270247270385
341197 -0.13304297579528856
342730 -0.1325631643661047
340696 -0.14454467510340227
234933 -0.14356434493568523
448195 -0.10585572658602732
128049 0.01768101611806312
128226 -0.08733309424119096
450115 -0.09077476189038167
449107 -0.09902647266909259
127173 -0.207873237085201
232800 -0.12903513347746665
007560 -0.18425891344719672
234483 -0.0312119824194592
341872 -0.10627620377055239
008298 -0.19808085211164303
448360 -0.0990602857402742
449425 -0.10660827324388096
128334 -0.14960901869812343
127821 -0.12774045906821518
450133 -0.08900971764408823
129279 0.0841984632419964
448663 -0.13024782092448395
450148 -0.08562184882953713
006903 -0.16114525260263154
008220 -0.21963831943391537
006336 -0.1378150977412513
008175 -0.15992932414654262
449653 -0.07846252830898312
340513 0.09132385376478618
342691 -0.10189035310025774
449578 -0.18192035060303627
235245 -0.10673782933089468
234993 0.028789832702445287
449050 -0.15867461220097243
340912 -0.12322680901218318
128475 -0.12224426477943488
448030 -0.13716573028932466
232983 -0.14851149802716446
128232 -0.06608109385901519
341860 -0.09971376956822063
127803 -0.1371473130479538
233175 -0.0673439407947833
340324 -0.0642061952560667
234291 -0.09825231454257112
006195 -0.015810800627583547
006474 0.003999026272376034
340876 -0.10597452628560668
448786 0.0728413050912578
234366 -0.13491723386206816
448837 0.007153288565259756
129459 0.005974191498103956
235143 0.04003740174804685
234462 -0.008622781780393888
340744 -0.18494912931909255
448768 -0.07147450466676988
341080 -0.16480956376727512
341635 -0.08734355897584749
127986 -0.02270460313800361
006483 -0.02386480559702633
129267 -0.12617254519048574
342610 -0.20950071217636473
233424 -0.10023907300025697
449194 0.08221503088021123
127248 -0.10012382964087488
342883 -0.18342727914181103
342187 -0.07084949779790145
342025 -0.06890795308623522
340213 -0.014341612823871005
233478 -0.05582181905492723
235299 -0.22292025429861884
127917 -0.17128392996744204
007968 0.230283381739947
342520 -0.2455999662005712
450358 -0.09374794184615651
128331 -0.13785135535090598
006117 -0.01603435025490212
449434 -0.0556424367658415
233892 -0.22255022398063112
007581 -0.22122353633278927
448129 -0.15997121766776695
449974 -0.013268571159246375
127569 -0.09515246602277908
232881 -0.21686277154128378
006783 -0.23811077524955518
234957 0.002450504000224764
341647 -0.08641836837692232
342127 -0.0541312109101562
127446 nan
450340 -0.08830092019363761
234213 -0.24339695418122295
448780 0.03332850490615906
128127 -0.12242838815637491
341509 -0.10573899116664834
449122 -0.11654993148146381
127110 -0.12001801714957536
234906 -0.10974556507849725
008262 -0.2172271330819761
234171 -0.13706493008473652
005874 -0.09497501732653409
235368 -0.11962601979939434
234807 0.09085702163721221
232758 0.08810004587526675
128313 -0.10257721668793814
233652 -0.03640667155936913
449560 -0.11986332239509062
008256 -0.21886242950288984
341815 -0.0991229085910785
341653 -0.09723532967022369
006864 -0.11178024392807649
006354 -0.13998577969860074
006426 -0.2598230156274722
233919 -0.1801087610305302
341176 -0.1386344483453597
342436 -0.03667126489997868
340237 0.005827935615544599
342622 -0.21741352741022868
233712 -0.24591612348369526
340846 -0.1073044159663342
449869 -0.04064418359161896
449902 -0.11492453977454548
340747 -0.19088593423408412
449842 0.0459980053535504
006093 -0.08874909788464744
233628 -0.10402215927366228
005685 0.03423967479187765
340543 -0.09983755026923286
127062 -0.1779489100315116
007608 -0.2444512286217384
450604 -0.07828266947590547
128490 -0.00023098645389945397
341782 -0.1031340339698404
127824 -0.1168898297647425
448300 -0.14463044377478187
234414 -0.11437455892022234
007158 -0.24032931803575716
340456 -0.20480710008344874
234585 0.15143982497587827
450628 -0.07554309944051801
449092 -0.06747239840693409
007344 0.0054931638579366554
235239 -0.08902209914580614
341260 -0.11202364031305193
006399 -0.18451773083399212
234336 -0.11590149484183278
234651 -0.09292660647140437
006411 -0.2216843210340317
448549 -0.10402369915124339
127671 -0.055256278458095734
342001 -0.0569657487837251
234246 -0.19758565450438348
448882 -0.12644732454915109
342217 -0.08425572900819966
235365 -0.12386953629952206
233007 -0.12454052300266827
005916 -0.09211166282327904
340270 0.11010405295712011
127707 -0.11078110161497144
448390 -0.011583775840968454
008295 -0.20218806278643683
006870 -0.13376789831465027
233904 -0.22869796383886715
232926 0.22735498869580287
448489 -0.18360801975142596
449377 -0.1338569671929288
128562 -0.07531704354469795
450262 -0.10055517984532382
450094 -0.07196096817863624
127638 -0.05977212641388988
006384 -0.12317925192981463
450670 -0.1047093512456175
448078 0.010702924827827386
005571 0.0883443310675299
005955 -0.035976655555493904
234942 -0.13306780617542024
340285 0.19057622892516002
129273 0.027688975708545865
448285 -0.13870356461358452
234672 -0.23394327932937967
450259 -0.10158130024378988
234105 -0.1028592208075145
449074 -0.12413080650332854
450418 -0.11100697759009139
448315 -0.1374893372785723
342670 -0.07426504624178588
450079 -0.08117545671595809
448573 -0.11941567199640875
129327 0.11218605151252142
449824 -0.0034418937881551697
341083 -0.15777985390456392
448801 0.13420521149755957
235014 0.14038725308331634
127908 -0.16519701432126713
129471 0.02260629404796078
234186 -0.1071413880613841
007272 -0.014773799960774586
448588 -0.140365357799471
450352 -0.09341098970159697
235332 -0.17702542985475608
233472 -0.20689700516443402
006153 -0.01478242000389277
127374 -0.04095792250027733
234399 -0.1495027589009962
450052 -0.0772110386770853
233064 -0.10786100233788098
450157 -0.08314694236828542
340297 0.23151699195615436
127788 -0.07718540541845967
233001 -0.14371200238709775
127014 0.039941953121224484
340828 -0.09194063072572219
341437 -0.12153251226241785
448954 -0.06790828281041283
127581 -0.14181589843734863
129207 nan
341794 -0.09483513178592026
008244 -0.20044362621651363
340609 -0.07120391577221317
233598 -0.05724215587179364
450634 -0.09547539648822262
448525 -0.13294024903884574
008169 -0.21396149501056386
449350 0.018099152808095893
128277 -0.07794101020216426
448915 -0.12173328078941528
127689 -0.08089034343914772
007551 -0.1806707266867386
341890 -0.10376949717034104
342685 -0.08930479978178944
127314 -0.20489982196262907
450478 -0.061407123894115775
342613 -0.20533844823941755
233241 -0.100275826728922
234633 -0.039244623472308476
234780 -0.016591041652678207
129243 -0.09840883570089334
129504 -0.08576634710540162
233907 -0.22002060527882641
234318 -0.04351258819201611
007848 -0.040668794164234356
234801 -0.056631588607868814
449068 -0.2207331033625128
128373 -0.15551687050779125
448939 -0.06864835983971383
006228 -0.015556157080510528
235065 0.16306976557285144
128454 -0.15422727611212206
128430 -0.07265545201125047
128445 -0.14237716211036036
005817 -0.2418391818091983
128649 0.0008177848433347327
129417 0.2116718121306606
449503 -0.0591113858476833
127602 -0.12171400472772896
234471 -0.012552194774112301
340408 -0.04388674650958184
450322 -0.11919852210423554
128229 -0.07995776659828474
007047 -0.21921509690487376
127848 -0.00991631690516472
128172 -0.10469503485331692
341737 -0.09680264102662708
127974 0.11066384540429956
234570 0.09820609360596588
448666 -0.1358476764630293
341311 -0.1027542508811184
449689 -0.02860751341323487
235158 0.09105490295260128
448324 -0.13647992108143917
007974 0.2612031581051988
448828 0.02152593172395104
007992 0.09614553707141663
340936 -0.1272752638996494
449476 -0.12335326186150361
234714 -0.2258497888060108
340540 -0.06883462931234857
341470 -0.12416002369335086
127563 -0.09541766347166623
340651 -0.05185163549936346
341191 -0.12250242968697538
006186 -0.014530395326160248
127920 -0.15279110272725424
448648 -0.13997512509552018
450202 -0.0722459701721639
129678 -0.0579320829193108
006390 -0.14429715386143438
234201 -0.17479318208773997
450349 -0.09050345771650767
007647 -0.029506455814181428
448291 -0.14597566854926736
233304 -0.08296747332494553
340630 0.009529197419414442
233379 0.038337825020716865
341488 -0.1210377615185522
127245 -0.1339780284163633
341863 -0.09998698451793753
340261 -0.005353504796356872
127080 -0.21541737091405638
007749 -0.04332359063344474
128202 -0.10812199678048483
129003 0.2645894644386147
448651 -0.13166644789521256
007572 -0.20335526567287546
342835 -0.22421521778191064
342913 -0.16869304498989243
006258 -0.2249270458070059
341836 -0.1030563748713045
127035 -0.1663213924306896
235203 -0.07303389454300785
234705 -0.2036376535276767
234225 -0.23107588645801128
448222 -0.0827034058356029
234609 0.18310430180811887
008271 -0.2372216626660113
449353 0.02821582032777086
342064 -0.06738739509940092
448756 -0.12285129810784841
448981 -0.04208248070484908
450088 -0.07400195852209934
342916 -0.16629819176573643
342040 -0.06906324652149391
007410 0.05945841381554326
128496 0.00936563768911929
127587 -0.16453219946328698
233958 -0.10781748953841719
007854 -0.022204021297434658
448597 -0.13710754052519716
006918 -0.15610762037240067
234084 -0.2401071275983538
232953 -0.03142585727224323
341383 -0.11664595249485851
450271 -0.09777899096349775
232929 0.09449401990731313
234534 -0.07197845113146438
449860 -0.005910667749687814
006255 -0.22028961660186874
128781 -0.03505137659072148
449320 -0.15586996842825238
005856 -0.11902436240356647
449485 -0.10924214883871518
233277 -0.1038889576682967
007626 -0.18139962093607065
448501 -0.2020801184883586
008226 -0.17773916821291547
128235 -0.05409116199743127
341563 -0.11256901009678691
007515 -0.15750694348428254
127209 -0.15149532883615993
006324 -0.13723586452749625
233217 -0.12426112983109916
127044 -0.16142307097786154
234306 -0.03939511704869199
448081 0.009342296378602708
129261 -0.20181844396164578
450472 -0.06609370686821645
342583 -0.21976211216657304
128481 -0.06747668430114923
342430 -0.06083966239104195
127827 -0.09589955292380944
342631 -0.22169432674257555
128064 -0.13427082706293347
007878 0.11448017286487747
007779 -0.017629912775055587
006057 -0.19568486806983768
234783 -0.05631511765629953
233739 -0.17907381898721902
340618 -0.004907458466051246
129231 0.028411811438994673
234423 -0.08797097341783676
448624 -0.1407919980970868
128469 -0.14271849409981052
450394 -0.09064437942886952
232908 -0.031065600996806712
128589 -0.05462764197362356
232914 -0.0030506478836086455
235293 -0.22689330789332743
449407 -0.10699256734666779
233151 -0.06225875015960192
007791 -0.08040428683716848
006171 -0.014054609344796923
006105 -0.034974564085922186
234393 -0.16870074938963012
232860 0.22871921123966335
450097 -0.07383032009789123
233190 -0.033142456458137716
006720 -0.08718927675801333
234897 -0.18110649320814345
007896 0.03236765006785698
340897 -0.10169578203746896
127116 -0.09938626938125714
342820 -0.23379173942678272
234723 -0.2416303594314906
007731 -0.10560934495910135
449047 -0.16166362028725198
006207 -0.014939765594984127
127188 -0.14338058327871653
450184 -0.0869267331828092
129441 0.1420995523059179
448135 -0.15512238880569318
007866 0.027278061699341948
007548 -0.1751580720856076
233436 nan
006924 -0.02851182600808522
234540 -0.04646117587791512
005853 -0.1311957503217805
449101 -0.08957748733533089
007869 0.038527835063809496
342676 -0.0652781573401557
128271 -0.08325381901421412
340669 -0.16912532488258233
450307 -0.11033993176037823
340525 0.06069731016825935
342568 -0.23978835500852028
449797 0.1061741037822297
234903 -0.2172521797784257
341533 -0.1227493313847165
447997 -0.12308756943331595
006414 -0.23022307461990418
233052 -0.0549653658403048
235266 -0.1480452033056729
129594 -0.06832072284341004
448654 -0.13152598135779733
235134 0.0154668671876997
449614 -0.1626348655895745
234816 0.039187982838228504
342652 -0.19264418013598153
128046 0.06321399620184476
006300 -0.11898396652077387
234900 -0.2103129200602413
341284 -0.11357062990622761
340570 -0.19175531264710222
235062 0.16100585299090492
449563 -0.14526353659110292
233019 -0.07324307392340204
235008 0.14107245270621852
005703 -0.22627738338479111
005844 -0.1738939910213871
450043 -0.07204544420830548
341962 -0.09281227705176784
449884 -0.08349418483421181
340591 -0.10088071469139295
006051 -0.17103163801149246
129474 0.012126371610667718
450484 -0.06446227514696079
233073 -0.18110425980599434
006162 -0.014909019493341866
234612 0.050834123688104874
450130 -0.08745508346445661
448084 0.04124501274944607
341476 -0.12105482071119499
449806 0.07610101845314063
233340 0.12249694606339412
448321 -0.13349630373605292
340816 -0.06400787899335625
341650 -0.09498801386400019
340381 -0.1919986064694509
449041 -0.1550392500426896
449698 -0.02262854143235185
005580 0.08350219903784208
233133 -0.04736613076043807
128280 -0.08299523543891191
129489 -0.003537029256943176
448849 0.01987722988084236
006408 -0.21086918794108625
005898 0.013557411375499907
448264 -0.0825528095443868
449644 -0.10057363825594465
233298 -0.10318590467023364
127845 -0.013057869578164722
450346 -0.08929378243997116
340264 0.04478075768200633
235050 0.07533329487603808
448942 -0.05722152367716043
233166 -0.07792109271451869
341695 -0.0926620697033933
007620 -0.2146171488336766
448279 -0.13400443907054915
129555 -0.23956870535656444
232806 -0.12481935170945267
128574 -0.06331764282518448
235029 0.09777133871035674
007755 -0.021885961833964667
340249 -0.03511585332026605
341230 -0.11595146680889971
342376 -0.03540922024893382
449911 -0.12360697348016728
007416 0.0386648348399571
127851 0.01329607181448154
342484 -0.10734704601745104
235398 -0.08966267975549849
450673 -0.10370411345061648
448465 -0.17706055466242948
007842 -0.053918441613234905
234198 -0.18176347257453446
449641 -0.10377307508411876
342661 -0.12967285882325985
007986 0.050885977253081305
128109 -0.14917726760666297
341056 -0.17442674675355244
007419 0.017407381691243343
448441 -0.24368050290551374
127884 -0.15137839345083945
450442 -0.11473544512834226
128217 -0.11050168281623175
128322 -0.12592207086196155
340690 -0.141630289794276
006723 -0.09489024192079543
449344 0.007177306843452712
234804 0.06403417576331633
006687 -0.14024323997165505
234141 -0.23437039562003323
341818 -0.09939749844804588
448672 -0.14225709174931583
234237 -0.2435260511591332
006750 -0.10795908103358735
005973 -0.24809425596206908
341455 -0.1257796419098511
450682 -0.09661861360434915
448144 -0.1841495525742334
341251 -0.1063514283605376
449803 0.09908899663466748
234477 -0.015322854731081605
233937 -0.13538293451876254
449473 -0.08104064211610365
450406 -0.10853371520060803
341101 -0.14506951846066987
340675 -0.1659866451671889
235311 -0.22060529845688226
449113 -0.09626277681689915
341275 -0.09567234414052417
006900 -0.1680561140100792
342556 -0.24052721098925925
342184 -0.06974703640083132
007590 -0.2311735071078761
448636 -0.14421266820338205
450367 -0.09673125573608025
450055 -0.07564283321413263
448747 -0.12814445008492553
340522 0.06949441902631909
233910 -0.2204602144143961
448192 -0.09883185210051361
232998 -0.146276284977109
233094 -0.13637737431421124
128763 -0.016829111331467136
129345 0.09722511813569522
449023 -0.16318365435090526
340294 0.23023417301947632
448276 -0.12181479035320322
128568 -0.059861361153840824
128715 0.06316056839345323
449929 -0.11534492057165222
006159 -0.015376020559107634
005805 -0.14218219319703787
007602 -0.24057975512783542
449302 -0.13801240763648506
129240 -0.06834562866609271
234354 -0.13800820605815436
008223 -0.1904442534770495
235296 -0.22470348336048468
448183 -0.08719328350205377
235284 -0.23241918206845638
007767 -0.01727413329278152
342076 -0.06421213052071297
450553 -0.0727287943171675
450085 -0.07854011554457736
007518 -0.15995702740128545
128412 -0.11308452884611886
342439 -0.029738355727195173
128553 -0.10137761272102612
341086 -0.15144676346134564
234669 -0.2307864162236505
129213 0.33583456372457837
128802 -0.010795281961127062
341749 -0.10773881104807918
007236 0.09018895739600771
007611 -0.2382984491811047
006234 -0.02960693415720837
341290 -0.12127622016631659
234081 -0.2411120202806261
450502 -0.10100514108197388
341611 -0.1064880355508134
449383 -0.11442574226540865
232818 0.03555227726819281
235137 0.012861020825795176
127140 -0.05098750259208381
449296 -0.02846444560942727
449179 -0.09804427452639528
129369 -0.07379541880059043
234963 -0.08657355638809534
449944 -0.07559973507604252
006036 0.10226405310252355
340489 0.03410227699122047
450493 -0.08958028926202675
234330 -0.1147973440589525
127572 -0.10443103251077081
448540 -0.10119558463196951
127725 -0.0230586281615367
341725 -0.09823290839223522
234138 -0.23149673479214278
340555 -0.18741617688999662
234510 -0.06773360434645129
007995 0.0029292975994224474
233016 -0.08929339416197438
448303 -0.14448650599565246
007746 -0.06676328055769823
341155 -0.15256939065598304
128487 -0.04920383423323559
128595 0.014384149572672119
448309 -0.13843726693974756
007527 -0.1595792075868637
449989 -0.017090131484446193
450205 -0.07445709083294832
007857 2.071218169941755e-05
340687 -0.14650887896609288
450508 -0.1005418719954527
448018 -0.12280486980831913
127896 -0.14690869452087593
127836 -0.03509032614024593
128703 0.20314881762403367
449635 -0.1232982181119455
127743 0.01961677323736043
008301 -0.1926643970507055
450214 -0.07571525626719339
448189 -0.08479674529400198
129699 -0.12585570723922165
007773 -0.011178055154693126
006402 -0.19754759033957678
448603 -0.13640024583646054
450490 -0.07932172479033954
450415 -0.1110641525143639
233109 -0.04525205995173758
341032 -0.1701884359282149
234795 0.03846021833873931
449749 -0.03259024593314497
006201 -0.01402579545152031
449620 -0.14798946979448271
127962 -0.19056830849162332
129519 -0.10669959550504851
233976 -0.09033367106523464
128505 0.03024153320545276
233874 -0.21394792389682238
006231 -0.014853999570563985
127584 -0.15929973011018658
007599 -0.2394861179824999
342841 -0.22051583642990727
448555 -0.10589215190409307
448810 0.11136726224653726
129456 -0.006185710796689183
341548 -0.11843885651719079
006423 -0.24754996627726886
449098 -0.07861606518046299
128808 0.012941177395368025
128073 -0.13111569835907885
127719 -0.0731738264673731
234378 -0.16069406823768248
235113 0.011678612883648814
340678 -0.158192316550483
129123 0.09208086684898094
007422 0.005119267910245865
235329 -0.17492790183457088
449422 -0.12367747806482098
449899 -0.1132325540124826
127866 -0.06638712965623494
448552 -0.1055629089919771
341551 -0.1144772473042343
449878 -0.07603824302661939
341500 -0.10982145901635855
449704 -0.038361318658917794
129249 -0.1619579459293335
006066 -0.22638849214385934
450034 -0.0759871315816144
234768 0.008063854588897084
341596 -0.10889080669078074
340498 0.05233172370643212
007860 4.109225575884778e-05
006594 -0.005728179218941929
449719 -0.0722027195447422
129462 0.015862428537732648
235335 -0.1819630177824582
233466 -0.22398068077997269
006102 -0.04374681354616176
448483 -0.1695533237231024
342679 -0.06187559996905313
340267 0.10458332162813781
450310 -0.10818779139725952
006348 -0.13503537897351967
449011 -0.13908261532379526
005748 0.025408850775824655
449686 -0.023768524742278103
127278 -0.1481491332892317
233295 -0.10471971679573852
127203 -0.1253917991141492
128337 -0.1586815556353185
232977 -0.13078934903120745
005676 -0.2592728327191065
449461 -0.06972388579981809
450586 -0.06762512457159141
340462 -0.20360623196442842
448519 -0.14923623511408363
340663 -0.07880850756706918
128211 -0.12131968503275876
006930 -0.01795426039839696
127158 -0.20196940211595418
448336 -0.14216850019680108
342595 -0.21074360836010508
232842 0.16918567117275574
128757 -0.05272863468243962
129630 -0.06573824833342186
129549 -0.2282604127466416
450373 -0.08235419391473923
006531 0.14713039530648125
127101 -0.15552941549069893
129639 -0.14952946108017057
007950 0.16771860216104678
450160 -0.0820356478148769
235167 0.11957434965952131
449332 -0.07595272167371517
127041 -0.13427304048655228
341338 -0.11918179372690853
449053 -0.17422975111711564
235305 -0.22148146951009356
006129 -0.016080235736274023
340312 0.198369844836807
448738 -0.137619520466207
127722 -0.045009786009493395
449119 -0.09868022472721608
127998 -0.1885917951730914
127149 -0.14839000427533708
007542 -0.17341136454340808
234426 -0.08926974055552304
449980 -0.0014381988381301726
450118 -0.09292939458596233
127968 -0.07979029101509387
342166 -0.0621652129405844
341608 -0.11151216116362
006846 -0.22076318006518472
235404 -0.08530501770507565
448960 -0.05323329786373595
233163 -0.08534709036405903
341440 -0.12037977012210248
129528 -0.16406337885443445
128484 -0.05201817858249171
006168 -0.015354199493948773
006267 -0.2349272043406438
