005742 0.012258878031198902
449914 0.07120684307135455
234258 0.0078986663902807
447991 0.00806028117477516
127233 0.17129428289744822
232965 0.06574308843358666
129228 -0.04421343933157369
232872 0.04593599712136831
128895 -0.031230896828986943
449857 -0.021241365589071276
005745 -0.05571192504988455
450403 0.03833203653246551
340834 0.010189353150129843
235425 -0.0056614697397777336
127875 0.05948155330172588
449722 0.010823853150158087
448273 0.029367675955333412
234159 0.15061192589441438
129633 0.04592443418185821
341947 0.03128750632161582
128418 0.06430344270517581
449587 0.09775147787999092
233592 -0.003876153809025503
450376 0.04120793612602455
233139 0.01253430471540114
233883 0.12807882981294816
234753 0.029657272641263707
233280 0.02333726688928574
234063 0.1426846186319987
342082 0.011506486416164554
129480 0.10321200062429021
340459 0.13382798510712463
129012 -0.03795634508833753
127107 -0.03631260791418447
234924 0.0337470085124453
340681 0.02419951802523678
342850 0.1226015962322725
008280 0.16394034507004723
341104 0.07844656639025528
449164 0.03662887717183239
006756 -0.06281625656854539
127230 0.1730937551545909
450127 0.04311048400972689
450382 0.04622425681220668
128733 -0.03262735154212224
233112 -0.004573582295392116
341959 0.03180234239345058
234480 0.03694651907351751
341680 0.02462638573524341
127899 0.05782912256599
341215 0.06327344829267781
234294 0.03288341351083956
235149 -0.019458479021953256
341524 0.04165303171957858
128931 0.031817040485179554
234525 0.040331782140429054
449305 0.07849278023129419
128070 0.06413291737422151
007434 0.013434500353676933
449713 0.0008203708217036252
450172 0.03953742388797234
449530 -0.05760885400485984
234450 0.012379764570187581
007638 0.046437265498677806
007293 0.08553093902824462
128460 0.09094407366736083
341713 0.0315365357840673
340216 -0.04013781956474197
127224 0.1338770793228553
449953 0.01910778500203301
006270 0.13988387957024562
342874 0.08452744769505995
129444 -0.04666453815203084
128745 -0.01772737618970987
340576 0.11616331870157055
006420 0.16999449001418218
006897 0.05902598161652616
008058 0.11983231324998159
008274 0.15565137771641668
448906 0.09809820016863516
006264 0.12527739324687437
342592 0.12300581081863088
450568 0.013377657444455876
235089 -0.055116029280958254
448498 0.10649325511946717
448126 0.056228544452628565
129234 -0.02407932285563411
341812 0.0369218552142644
341407 0.05196140605882866
233970 -0.08531321256588667
341254 0.06440588456642833
128751 -0.0003847608089481909
007788 0.011795050012644762
341026 0.07680858302761803
127857 0.02350452068671111
007338 0.0203250337997278
448312 0.04369398606727574
007776 -0.022186228267784103
449893 0.044305139872175395
233322 -0.043402503112413296
129312 -0.05598579461624008
232950 0.023621144866566732
341152 0.07943111624779468
449752 -0.028560959987045845
128904 0.02852822329227565
341245 0.06024977695958847
342469 -0.08053346411891715
234918 0.03277748847774192
341092 0.07091110695450932
340648 0.02107808316241812
448567 0.0408261207464411
127809 0.0561665958693045
235341 0.0903592054245051
233385 -0.07375323704186748
233148 0.0104734506527123
341419 0.055805257252928786
007917 -0.012650645713842843
341332 0.041608465102905993
127806 0.05617733883619449
006690 0.05255906113176438
127083 0.09508111283310458
448039 0.024217809306250674
007614 0.15035481184382413
128565 -0.005211311188178862
342016 0.013222455315695143
448495 0.09203842358985426
235206 -0.022791404807544113
128688 -0.031207890081951305
450583 0.00496514354023171
005601 0.12265513246021573
342904 0.08984438526088838
450208 0.02063217488445902
129690 0.016821426130656663
007740 0.017460071185363083
006681 0.03845546022223323
449392 -0.018515497333630605
234243 0.13017675800494002
448918 0.06991303159854435
341515 0.02801022393582249
448513 0.08966639305105471
450667 0.032551140607008464
128526 -0.04833237397383457
341512 0.02097286698478145
341755 0.036648095542311146
342103 0.012928636896474933
006714 -0.05142719205186523
448969 0.013581522312611416
007641 0.03478447137734829
341773 0.040380073778291864
007926 -0.0453610024024037
235242 0.044690001944279516
448477 0.08724783233156522
341920 0.03497374791001517
005796 0.06337472863709093
448387 -0.0681796909009338
128571 -0.0031166599464194987
128754 0.009243350811105559
449740 -0.0037539905130968337
129084 0.15936462935947238
449971 0.011852750544015257
007554 0.07875249975758329
341938 0.035649060317602184
340660 0.028003381624814097
005727 -0.04645170866091507
450004 0.012751950485789663
128778 0.09016552812184582
341998 0.019560818962976022
127716 0.007474748252538797
341200 0.06419418513039012
234615 0.00026511297520653913
448015 -0.028440337800913262
342370 -0.0015743888882970253
340657 0.06128342917783083
341899 0.03680735822013238
448921 0.04660262068329357
341623 0.028318443090797348
127779 -0.008846664583857737
448990 0.005924007264730602
340849 0.007100380300247249
006711 -0.03922356847398866
127593 0.09024830777239404
234627 -0.037663403421862675
234228 0.14300972370792928
234498 0.03591468397872397
340822 0.01820572611992342
234750 0.038717683435183524
234438 0.027581994868314603
450196 0.028384055004702886
342709 0.15559086347856219
006054 0.07543556404664234
450457 0.013001639844361297
127605 0.057392808109635235
342697 0.09499172551511782
342112 0.01053523442359557
006876 -0.029080934675913005
005889 -0.05307477054972544
129711 0.030369269713269295
007425 -0.01414597479289901
449452 0.07373768748156144
129546 0.12498828265172157
006111 -0.05345516807231004
341128 0.10485127960533946
232803 0.021005090067349817
007413 -0.05068652725086647
341809 0.035044941497984386
127575 0.03190868443568892
449521 -0.06640064122917982
449908 0.06946045496309723
340438 -0.034403749393589374
006318 0.05994545053891918
448690 0.06485310097760714
127752 0.054215299302623386
129432 -0.07580805607634176
342022 0.010896768777483296
450199 0.02560257618244924
342628 0.15204258771401452
007893 -0.03272223398847507
340279 -0.031142623644373167
449512 -0.0629983561766612
128655 -0.05463398863835504
006819 0.09467960061286028
448576 0.04017311691491886
449782 -0.06626370919193672
128130 0.03675075199278467
008250 0.1258233493311351
342379 -0.006473447704553745
127680 -0.004749519108154641
341395 0.047273875299981026
235230 0.005670744566399246
008217 0.10019997791485029
129705 0.03389599224622606
128094 0.0762413370035429
450460 0.011731707546777354
340354 0.14366759484099456
341569 0.03268517806898794
449830 -0.05115371758006611
127653 -0.014126911995902897
235038 -0.027232458316346467
450256 0.029333743365119954
449323 0.10130620535107422
448723 0.0635653064262197
007764 -0.023534517649830545
340495 -0.04008768202391972
342739 -0.05371428512327985
127176 0.09617530290411895
128739 -0.035992887648061085
342745 -0.0499553651563705
006693 0.037084595179882184
340516 -0.03412409695081494
450676 0.03359178958929553
449758 -0.029628502348778514
342172 0.0027756105141203114
006141 -0.0558480053772161
234759 0.006872185056753936
127302 0.026664093446091126
233103 0.016988819265793407
450106 0.034821012931787375
234165 0.03213815179091012
449200 -0.06455714990183845
448237 0.054664733696347965
449002 -0.005952162677964209
340711 0.10096268078730944
007065 -0.020604616222029744
450154 0.03876319462424086
007566 0.08440974064642941
129342 -0.005297845945621196
128673 -0.05352442485134619
234183 -0.06826917108578572
008241 0.12397138937984147
006879 -0.02523840599656977
341770 0.040598034217091857
233382 -0.07806821337071265
006534 0.005087940330678373
341584 0.029604038303156947
341458 0.04041271494850336
129339 -0.007873015667634273
007713 0.031542212792531034
233349 -0.022620882248284364
234765 -0.03387874714992793
450334 0.023428934579045668
449866 -0.0013988847701401272
235386 0.03828697517687681
341065 0.07423142086826971
127977 -0.017412671158927445
448138 0.09711431351209443
234147 0.16370830418727117
006294 -0.005511612117457451
340435 -0.035699993294119374
342616 0.12997981440213444
449500 -0.0479341177201895
127341 -0.014371159846189785
449845 -0.042925761428569305
234192 0.026050854498540364
448141 0.10784341263736655
233049 0.013038239666871298
235356 0.052509836228410524
340819 0.019554148679649764
127893 0.04061415767858898
128607 -0.025442955463912627
129291 -0.0576593277510449
234168 -0.01433600512724449
450388 0.039946419018428665
128187 0.0364885955533124
235098 -0.04330151651551764
234618 -0.008725471554214078
233313 -0.02184025460856642
450547 0.002280118797499381
234279 -0.01329981190945982
234150 0.18536498565082404
234420 0.005367582000502635
235401 0.023271368507646092
006219 -0.05482917220504196
448561 0.04257748419331834
232986 0.10055032418690381
235407 0.022395050319435554
234909 0.07002254993434907
448006 -0.03795110893395677
448699 0.06789014815057816
234372 0.05528035608243771
235041 -0.04953984933104915
341362 0.03523435338895819
233799 0.10406442252416459
340888 0.006142084277385235
128265 0.04993708094411607
342658 0.008987186031659072
449170 0.06542465074641175
233037 0.040070882315718585
340204 -0.010838915115008726
340240 -0.007899489820586462
234774 -0.04439321513929921
233070 0.08182744137715778
342124 0.013172424312472123
232947 0.06869719054152905
449212 -0.05199571447397666
007695 0.020372776802108052
341062 0.07902814120713757
342079 0.012461796877057443
342385 -0.01759342118357298
449206 -0.06153660200575671
006225 -0.030698388247262863
448219 -0.004908716230016566
128919 0.11988920401987863
128115 0.08210294479145215
007659 -0.06662544333745564
007998 -0.07039768669532774
449146 -0.038716051383615516
450412 0.030906505639742902
340879 0.0066193109593701335
007545 0.07810230149621857
448612 0.06158117551941929
341140 0.09318578480579902
006429 0.1708052204609758
342373 -0.0015358028660582331
128799 -0.05537800865193356
007971 -0.01614616173339872
449800 -0.04106879837434583
341707 0.028483711128319662
341263 0.056571455812966104
450313 0.04694885660897647
127749 0.042544786843273355
128535 -0.04821590850997239
448894 0.08857711510884597
450328 0.03816351626627791
234990 -0.02353089980203061
341119 0.0919845440925421
340858 0.0012897193421681074
341206 0.060687119490962775
449416 0.05324597789772919
234099 0.010546900074220935
008292 0.12457890431374166
448120 0.039299561507350304
234762 0.0006302279460640784
232962 0.04042348467999344
341740 0.029851031986375648
450409 0.028874325348522054
450343 0.015584188925964904
448099 -0.0291611430485547
340840 0.004324677147472236
448357 -0.010737453429170683
448993 -0.0026531515084801446
006906 0.09008711309832068
006276 0.16386931173439984
449920 0.06590040356180905
127104 -0.03599378519417848
232821 -0.04365129917993384
340231 -0.04530338412994626
129129 -0.04507753331825216
449398 -0.01866293475926038
449308 0.060949249132079955
234546 0.08284697688831817
450103 0.031008120435944954
129672 -0.02582197334831499
129696 0.02760014061100227
232869 0.009093804138249438
232938 0.09599394409831827
127251 -0.04864223896701828
129708 0.03450816994663457
127089 0.0539510897227696
128136 0.03754768664014633
449356 -0.05639672414097389
450496 0.03640334547270675
007668 -0.05171316713432606
449581 0.0945256359001475
342478 -0.053152601397226724
007983 -0.05593572674952421
340621 -0.043323256325927643
449785 -0.06646814830373786
341380 0.046816294432933586
450658 0.0271023827408323
234729 0.16905980067084267
341614 0.02707366619231617
007797 0.02405826861583327
342784 0.025888953133234905
234387 0.08504654297635941
342448 -0.07223900868209193
450481 0.0018211270788809767
340714 0.12072306392293133
234972 0.003632116531229229
128052 0.004887985011665314
235326 0.07353727061852426
006132 -0.05426050262068278
234624 -0.018843033000600702
448042 0.008358758019965218
234954 -0.03239684313560588
232791 0.015098816969035539
448888 0.07905912212923477
128301 0.027989208955500635
128724 -0.05598173293969432
233928 0.11056143651215337
450022 0.004096880776975135
128340 0.08652293680230197
449491 -0.048014424828134034
006933 -0.06697871363723237
233010 0.043700017551181455
128013 -0.04723196341150118
340507 -0.039894798056996285
128118 0.07461109347890393
127980 0.005168902691747718
128124 0.05101009327976632
233067 0.08844192975097233
235419 0.0026677207890621387
449458 0.0626666287403473
450355 0.03669254815495234
008289 0.1586195194500981
449743 -0.019459939758968287
233955 -0.0630680629747817
127833 -0.03967221648044126
006996 -0.015384554332929032
006513 -0.050655773257272135
129465 0.00011830683553705137
341377 0.04850436247130121
342043 0.012042589071060742
129597 -0.01665911012433616
341797 0.027681691252091082
007011 0.0648118426310318
341644 0.02396245927123401
449725 0.014356168376319848
232833 -0.03679883411891142
006432 0.08874414614689202
450487 0.005972212742882072
448543 0.01949302876748174
007692 0.006739633676910854
128238 0.03336730961638372
007953 -0.08230554385727251
234747 0.05155564551386925
342607 0.12652617317680048
449359 -0.03209167607382041
450001 0.013874429190736734
448582 0.060347155961978524
127965 -0.01820779560692584
128592 -0.023039866835523996
448585 0.06631334817223557
449542 -0.024258771586039708
235173 -0.01620640392604429
005862 0.03546985510795835
005799 0.08017298231766924
235119 -0.021363910099163275
340666 0.04768102084662869
128772 0.06483493303981974
449401 -0.009088120847155132
340906 0.01682490380797346
450685 0.021877545017736953
341803 0.031054245639689376
448156 0.01724019900530694
232764 -0.04284098535289375
448171 -0.08623433794294084
128016 -0.049864066404009616
449611 0.11146057221954771
007203 -0.07198110270121741
128415 0.06472409244726106
233121 -0.0037479251750070267
342445 -0.07317469402211875
128283 0.041446475513573715
342742 -0.04948766565751473
449533 -0.051265242616210925
128439 0.07465940930110859
007044 0.12139470032865456
342055 0.012420386711716344
007038 0.13029485181622935
234621 0.011458028181983163
129315 -0.05665644432463123
128967 -0.03444777893029222
007512 0.05663568932468624
007428 -0.005398354786936738
233727 0.10841902238982064
341125 0.10371454297190466
449365 0.07210010379586447
340360 0.1388758756443412
008154 0.1534806618051165
448207 -0.056537609399163684
127566 0.027615429456716297
234339 0.0351611350065846
341113 0.08334647911734086
129411 -0.08450611053951204
449548 -0.014865508595973206
006717 -0.06031573513937951
449404 0.01383181648813324
127179 0.04737924447728061
448054 -0.056241961698683486
128694 -0.03502609173248364
340234 -0.046760496434012866
234528 0.04409935281390236
127860 0.07517489532063754
006726 -0.07798086617879822
127650 -0.019396328382880287
006894 0.058801239700394276
449017 0.051561625546248505
342766 -0.04869670976722052
341587 0.031899687438163835
449470 -0.021667524368043933
450241 0.026035905743159744
234405 0.07885639126139476
233202 -0.01977278957887431
448846 -0.0136981428036626
450454 0.018530044692495518
341911 0.03764828171507856
127887 0.008652349735468698
340633 -0.043759936492162366
129525 0.04668448022496071
006120 -0.05468410141174755
341839 0.022947011606680456
234264 -0.004264602868709483
129132 -0.043478082096765916
448984 -0.00860353737301366
340558 0.10825729123748783
450187 0.04325183660514376
450238 0.02650366669525375
340198 0.0055545729304116885
450013 0.0071549074962025646
234939 -0.01449971766110676
448168 -0.08479134806399684
127644 -0.020425027481589645
449983 0.008828534015666476
233607 -0.04588464459852977
007956 -0.08795841120029058
449020 0.05941736833147177
129039 -0.048515596087016756
005964 0.14923221928150518
448162 -0.0708857339078119
128424 0.063120219071681
235152 -0.02195553280028167
233283 0.023767268328842912
450061 0.041366166220907
233964 -0.05645905964540474
450592 0.015292177540220471
340444 0.009753424969930499
342589 0.1271947287181398
006393 0.060712207676757696
128667 -0.05430014421777311
234135 0.10620390824138574
007605 0.15833821872209639
233013 0.0281334736676924
340933 0.03593396123831579
341800 0.030077020998746262
341497 0.03283949925045542
448459 0.026716394809299472
342100 0.011177163290590176
449527 -0.05724002884469921
340579 0.09987113474714421
007875 0.01684212244383274
006849 0.10289684244665971
342397 -0.03161001820634567
448669 0.06836238481581466
007962 -0.08484576999728739
005694 0.04485793349574791
127197 -0.06943643452354978
127578 0.0437928906193486
127971 -0.06766218678572289
234999 -0.0506136237650233
234582 -0.0837364973652877
449065 0.1375638638783253
233343 -0.020904587799508705
450277 0.026191642498792873
341605 0.03468046434224143
007596 0.1449366228517998
342424 -0.023700254843084696
449617 0.09893173587661888
006945 -0.06335920804192914
340693 0.004287403876719719
007197 -0.06274217272561694
448876 0.06460394114738142
128511 0.0019145250838973153
007839 0.023103175482013308
232971 0.07652839811827335
005697 0.07146444532606337
449569 0.07321534145030069
340810 0.012714260746963144
342694 0.06077239879224666
128274 0.050505314945978874
449536 -0.04420018695973448
127641 -0.012610730644826606
127608 0.05673902923446179
340843 0.0027421860506132447
128151 0.04677622664410734
233667 -0.07269012738787939
128706 -0.08912510013511514
450619 0.010820330537565282
342013 0.015076449383337015
449488 0.003036944080570912
448252 0.04764519597079351
127761 0.05595150974692491
340255 -0.0019511288933313404
342733 -0.027122336512848327
006396 0.06835342582571442
448879 0.0725773066732691
342094 0.01325152721672104
448090 -0.06588600329087427
127185 0.011176455602584207
129435 -0.07603842368536932
006435 0.10445328532493095
341722 0.031127620383673723
449881 0.021178090003821908
127272 0.07975444871754872
233670 -0.04862154314036813
007497 0.041054676846938774
233331 -0.04616946916653188
233403 -0.017088101044065777
129336 -0.014481317311969062
235212 -0.03063310354365825
234660 0.12570366417920145
006012 nan
340402 -0.043322088773357574
234204 0.09549536745226572
449104 0.012938774066221249
007884 -0.017480731933466737
340855 0.0028532519822214377
448675 0.07282565070639567
006309 0.017921765979264634
449626 0.09572094194323245
006237 -0.037940112027254974
007533 0.06552861034830396
127026 0.02405002504804522
234351 0.04296301674852065
127425 0.07596478638825593
449968 0.011969436688633367
234813 0.02670055724252857
232974 0.09439265711848854
127494 0.12602611866367347
232809 0.011544482332603554
006852 0.11943142082956103
128253 0.050627711096405646
341473 0.043844297949066295
235002 -0.055432996668071485
341281 0.053649342709010645
234210 0.08547527390340018
234435 0.02214212242508578
233079 0.04056993943172346
235200 0.05498943283204079
234891 0.02825143661522768
341077 0.0724371192620866
448318 0.04429764434660695
450019 0.004485001311731081
342580 0.14020250310188942
005706 0.13888846400486227
128976 -0.004230490761152345
449947 0.024193175244930157
450169 0.03937609182345726
449695 -0.01477581534964684
233214 0.025010718666768468
341212 0.05648593817658423
450427 0.030220601988130192
233265 0.016976314714585227
449683 -0.022912664573733546
340708 0.09050887133435383
007686 -0.0014235752986376147
006888 0.018905502923548236
341242 0.05791296068007353
128670 -0.05392375173975252
006138 -0.05566314434518619
341179 0.06700738535540825
234597 -0.08125093102860613
127713 0.023404131777844027
234687 0.08610070044727003
448795 -0.024872726101589547
340225 -0.04281563724061883
449137 -0.02390110811126743
127134 -0.05566171653687008
007569 0.0975119755066261
450559 0.009912081840506555
006921 0.02511588753195057
449197 -0.06483611096092691
234735 0.14558860944223773
234297 0.03562722382722078
341626 0.028290707548471426
233364 -0.05425459814450098
340300 -0.02913127352248737
234390 0.08648549648617157
342598 0.12436518764200478
448027 0.02742125266310698
234741 0.09274902638341273
340567 0.14869714144128432
128736 -0.03981220276134967
007461 0.03739533219713191
340918 0.012416510260686926
449551 -0.0023283686389915952
128727 -0.025899357434959785
128244 0.043740517593925866
007821 0.06571878448650843
448255 0.0413128160471052
128286 0.04036661276117093
007923 -0.04237471079477594
007965 -0.0613014812462274
450595 0.013571972924693072
233886 0.13546260175120328
449335 -0.014184099088900932
128658 -0.04972243136661187
128388 0.07426691004238191
340480 -0.03829453065254399
234444 0.016908689088602255
450100 0.02970689781958635
450622 0.00573653465095979
127119 -0.06744675404554064
127704 0.0315925835169683
341785 0.03163385558663674
129537 0.07588512055807996
234207 0.05533835147243509
449710 0.0007322529115395036
006471 0.00205954090604737
232941 0.09471980485565218
128142 0.04165024325705726
128169 0.06291284447354639
340852 0.0031358841542721326
128730 -0.024765166712211618
340585 0.0773068605518327
128250 0.04652175539986756
234174 -0.06208006389557369
005736 0.017407317746042997
233973 -0.08645517805702665
233187 -0.008650079395192422
007491 0.030217844986251352
128214 0.06460898991493758
127800 0.0642572743827419
340192 0.01197347116931049
449833 -0.053559250178242146
127191 -0.03969342209969932
449674 -0.025471764110647055
127842 -0.037970396871536055
235308 0.1141731257297511
233127 -0.0016511876331765426
342034 0.013112144124605882
341194 0.06108047460610959
129498 -0.008318558369093742
450436 0.032636481540287164
127635 0.0009951355790792224
128634 -0.044373469787930685
129564 0.1870566937864197
006357 0.055558476078026726
233250 0.017731485923393672
342118 0.015430760447526119
006477 -0.024208295330750924
450601 0.012446095799903894
234189 -0.07056060499004746
448177 -0.08878580869094871
342019 0.010869936921800797
005871 -0.03232661675888992
232863 -0.02897708413181832
450625 0.009887254827168386
449788 -0.06150451969145611
341266 0.05940405633346783
448963 0.026283386890111424
341035 0.0798267165104097
128598 -0.0591362267804295
007734 0.02517436005978821
340813 0.0154493865598146
341593 0.03146896983133451
127665 -0.015721363420181503
449545 -0.022129035296058953
129627 0.035949494424368934
129270 -0.050264442246728644
341146 0.08504335481746657
448735 0.07408814845134445
232857 -0.034802395221847755
341701 0.028856333267603364
129714 0.028867643496160743
234276 -0.02360362230785309
448774 -0.012507515852698258
005868 -0.013370426495869957
128241 0.02937868874666806
127068 0.11697768656244564
450448 0.024943103615280418
448873 0.056795634280341324
449917 0.07115277787370279
233943 -0.036140997926597265
006114 -0.054098439134788436
342871 0.08300772215286527
449389 -0.002422223187775966
449062 0.11778691633481012
449668 -0.012066960920635458
129540 0.09435869508000262
128247 0.04769416662850773
127995 0.1441870875193926
007092 -0.0715260694897364
233259 0.009169624413275384
127113 -0.042715336223198855
449557 0.02368401770860737
342181 0.005376065873961987
340363 0.13386908804899927
448123 0.06074760062410435
341137 0.09819565852201777
449662 0.0015178692852079762
234312 0.051330719641471484
232836 -0.022608419058248706
234978 0.0050693019533914275
234303 0.030946793242490295
127617 0.04505169287865673
234417 0.012156817617821994
341479 0.05054793924177268
127659 -0.01583882020731615
449083 0.02255732840776196
128022 -0.05280466779829965
450163 0.03869252953572217
129642 0.09577619093070308
448435 0.17193153003134826
450139 0.042274516656622615
341278 0.05097112092302027
448381 -0.053836349887077244
341050 0.079258498430891
235116 -0.01841501665413846
342892 0.09536004098298871
006213 -0.0554839086211176
128556 0.0077268316685527106
449794 -0.05073237431650402
128433 0.057886297053109936
128079 0.06921180860631275
128547 -0.021538187111777282
341668 0.028909383791043027
342925 0.08634950793169813
129162 0.10423977952356155
449056 0.08660507295783619
449602 0.10324131237002546
127401 0.10624152295803897
007578 0.10697258826861966
234327 0.013569696478267668
342856 0.12906752609302977
448948 0.025157118444494916
340477 -0.028218626697249966
007386 -0.07546167699699727
450067 0.04119374474183777
128643 -0.044862040524372114
449935 0.041706126951287795
341464 0.045070923537775
128223 0.04593310572853746
234984 0.0003721835910285464
005895 -0.07552926006640773
342061 0.012291355655292687
234087 0.14355806320432635
007632 0.07141516256932684
341431 0.06175512318653349
007536 0.06520216649123019
341566 0.029691644255434475
128814 -0.037688942272737
232824 -0.038506482104946234
233205 -0.014851021719971678
448783 -0.03983274350607325
233931 0.02858991774301681
449680 -0.0362588562092615
129567 0.18114395911974968
449038 0.019893858282975737
341149 0.08317853324323893
234921 0.031898214543315005
235323 0.09360718635880216
232980 0.092235814612641
342736 -0.04500534711833032
342490 -0.0891724364467399
448033 0.03300315007013208
233085 0.03592679541607212
006492 0.07459914741699807
234315 0.07181413122664983
342862 0.08549861529474559
234309 0.0400574235308601
128805 -0.051688709480276325
341353 0.03270591015692048
128463 0.08728087476294207
232896 0.053896869778160064
448744 0.07326367245979278
007137 0.09107731561812143
342052 0.01320946271890237
448900 0.09484517439803741
448687 0.06801712724310231
129276 -0.05882092717112968
128793 -0.055248404503617225
006450 0.10635876817058322
341578 0.02911087964282345
341941 0.0310449350567405
127623 0.03624818438575381
450694 0.031184718641805734
006099 -0.054660486108468895
449440 0.03194700764852857
127260 0.0069939038425526285
235392 0.037996304474819866
007881 -0.0014539669707751863
448564 0.04287999386313146
341683 0.025950644283380418
234717 0.13046690748829415
448996 -0.00572885330858784
450589 0.004602474429059342
008160 0.03252645712585308
449443 0.0318210344379286
233706 0.1886863897717188
235344 0.09227495534510442
448051 -0.050324943165308396
235095 -0.04843149440984821
006780 0.11938561030796598
235350 0.06045530966572624
234825 0.030780210848626578
232749 -0.06447134786473088
341830 0.04062495916268917
340258 -0.010903370926941158
233361 -0.05256373014579825
127758 0.06673278824672958
450295 0.041414251757773225
450661 0.03105270360438273
007770 -0.02170126034927919
341416 0.04632857131577442
129348 -0.006054857887452078
128532 -0.05327257641297822
232920 0.010971242157870495
342130 0.00951360136389257
450136 0.0407424759614384
005793 0.07371255545929717
128448 0.08893343177306527
448957 0.018243382125360315
128775 0.0721612838658137
235377 0.04531023213357636
448891 0.08368196210928565
342202 0.03601551575741047
233025 0.0027720049140743256
449149 -0.03591918911834922
342175 0.003744367463803435
232902 -0.042188594001920904
127560 0.030558586247599495
233496 -0.04642131971934485
340369 0.11658115743550392
005625 -0.06613803870512015
127914 0.09999541263191068
235275 0.17070167620685656
232755 -0.05896405325759024
007083 -0.07012769378839977
233766 0.09419052002361282
341287 0.056643313226620404
127128 -0.059551254387885805
007890 -0.05219732366510939
232866 -0.013555928563314772
127728 -0.013505822771775103
234894 0.08453716723000723
450520 0.039867319060223436
340345 0.11190918502062377
128664 -0.05682917672490317
340534 -0.004916314716002084
127092 0.03988809966207347
232917 0.01677537807110448
006366 0.026485443382819756
127872 0.07061504097461634
128040 -0.029604903409314105
006339 0.0755145645261901
127701 0.023499591231124967
340501 -0.057269845370877925
342142 0.007949312927441209
235005 -0.050633739111330886
006417 0.15019026086443948
341116 0.08933753756818977
448639 0.07513359978334248
234501 0.04564018291270857
127785 -0.003197798001316207
234690 0.08598108410108722
128100 0.08858007197627608
128025 -0.052419753301711315
340561 0.12170050071972707
008184 nan
005679 -0.07859859245309608
448591 0.06212128791210861
006345 0.09786452034551563
341662 0.02955538577154544
449431 0.02266802512058595
340573 0.12589869744990503
129321 -0.05038252465518905
448366 -0.04660250150999521
449479 0.022586778219821687
128811 -0.054001738820970396
341848 0.022395234535226453
340594 0.05506270219089466
341968 0.022136612807052456
129606 0.03565159938853622
448009 -0.041747150291937055
341719 0.029804733098015866
234936 -0.0026355265221046486
448537 0.01683841713943616
342688 0.016029317742826874
448762 0.05036624817087102
449428 0.03526166994731073
450526 0.040943508822752446
448372 -0.03935955914240035
127032 0.09736103566487629
235101 -0.04347167609690754
234273 -0.02770054431238469
006867 -0.016477399273180166
127599 0.06730569537653294
127632 0.001295755374458643
128790 -0.03283083754075798
235380 0.0422475830716244
341560 0.025840379078201286
448345 0.0463747411563876
128682 -0.0481502799449997
234162 0.09463362814888121
233406 -0.059311106091453916
006912 0.06020353704371521
235161 -0.04473628757207364
235176 -0.025381424514207176
128853 0.003986243499529117
450016 0.004986696337469058
450475 0.0008336299710679293
005907 -0.06611545349595734
005814 0.14929636758877673
234726 0.16483557313213565
129366 0.008709033961018556
006372 0.0166451731641817
450211 0.017358129714977456
341905 0.03686426914884764
342049 0.010758602202345768
340351 0.12561452968191755
233208 -0.004272629464666904
450247 0.026276617968341957
235164 -0.04928729802638561
005763 0.06391825869915978
341527 0.045894202216978715
235257 0.0431259913916234
449035 0.02768149556264717
006321 0.04833309644648296
128826 -0.0008589074791589843
233895 0.14556395620225915
450193 0.034334190562683414
449191 -0.06455662341497831
128379 0.06708216587182685
341302 0.04761626492695102
342007 0.013796693477485716
235389 0.03838716426596968
340447 0.026230944527520075
449659 0.008091176925783166
007737 0.021765302183563994
340303 -0.025133474774303888
340288 -0.029307564069273394
007932 -0.06363475769638581
234675 0.13221736630200018
128325 0.06316518504235026
340537 0.013341678008328786
450226 0.020415313193401015
005586 0.018824193172461277
340927 0.0191343316229206
450643 0.03478729461213135
342673 -0.042377699247170324
448201 -0.05319435054359916
007905 -0.007888326698590973
006858 0.03265215800937062
127764 0.042491204357235975
449638 0.028105596885989088
007851 0.00477397212383112
005877 -0.030831765032817888
128529 -0.04701688680248737
006330 0.05453834082406209
450370 0.04773829421864266
342067 0.01236144197050226
342574 0.15806441563833712
232776 -0.04284286135325749
128031 -0.040963112417094445
007902 -0.007221280499375719
449632 0.053284938308724515
128088 0.07231794024456417
448600 0.06383716506550151
340894 0.005895762440554778
341857 0.027138251031185827
448069 -0.06759905053624984
006174 -0.05636175878624135
235413 0.01460253036323201
128208 0.06722165661717584
128760 0.07297992769098888
450220 0.019017057673328355
448630 0.07256158033871025
449128 0.03201598850363707
341452 0.039901359279546744
005922 -0.05593818455786254
008007 -0.07307924348773082
448822 -0.022234667320640722
007914 -0.004183074805450833
233106 0.012908716506359797
342208 0.03621323593745832
450142 0.04099911300848091
450064 0.039520728719911365
128316 0.02800292951118777
342634 0.16079968980194956
449155 -0.021531083712390826
233367 -0.0561502089252891
006792 0.13163782654615938
448036 0.034728545196331964
128355 0.11292256667846619
006984 0.1573012532153044
129420 -0.08098690587129982
341017 0.07855941083861541
341131 0.10434242986400162
450337 0.016519378215424034
128796 -0.060531016880947225
448720 0.061304197097435974
235053 -0.0696732759995705
448306 0.04487867606976685
006069 0.1327072902551301
341047 0.08130146294455923
128601 -0.07390719158555656
448645 0.06889569581311847
449761 -0.023611131358474275
235227 -0.00194760450888194
341752 0.03891310791291856
006285 0.1599082673859284
128319 0.04329678560979809
450538 0.009302888439059317
448978 0.005180239344654006
006183 -0.05566634612829506
234696 0.07649965916291046
233946 -0.04625948568776486
450124 0.04406352821004947
449584 0.09717717162118206
450283 0.02855067104715102
340342 0.11964203575239754
448927 0.03703990755372165
448684 0.06996841524742663
006282 0.18173857886397823
128709 -0.0792689033115812
341296 0.0561891150179101
341974 0.018482609886322332
005865 -0.02593295947853966
448072 -0.0697027509616626
448798 -0.018696155305976334
007116 -0.06515118432423425
448198 -0.0540612921550049
234255 0.0061714043277066415
128268 0.04892781283980185
342889 0.09245000452328407
007275 0.009280285344512048
342838 0.11286958827294148
006135 -0.05629282166259456
007539 0.07338609656443557
342901 0.08891762222994855
341986 0.012850380736787459
341236 0.0561686991300198
448159 -0.04051131496222612
233370 -0.06884868262163038
129693 0.015381545509931567
448528 0.03990954052016031
341344 0.03835512186408484
005859 0.028401718132401676
128103 0.0937072546132428
235383 0.04036265803957832
448063 -0.0651699663801998
341983 0.01632591319679613
234282 0.0011336532085177804
008265 0.1452232177440937
006315 0.035044944397376994
234270 -0.02067583928798698
448771 -0.010562440736458647
341788 0.029230895270088646
129702 0.040401874587161074
342898 0.09336373641196204
341248 0.058627536261226396
342136 0.008680678428654214
341530 0.048651180996168074
128181 0.04258896086700576
235215 -0.027006037052635618
449875 0.013237777726131132
449176 0.00894288003180121
450424 0.029253961643670685
127797 0.05046766199552613
450445 0.030240501172849887
128679 -0.04994181775360095
448609 0.062056371882883835
006882 0.014768968485184357
342091 0.01381404291232818
341914 0.0384770456341134
128307 0.03106727422088416
450574 0.009216664743674647
340654 0.020039535158054827
341923 0.036396870524583715
234930 0.03620250655845315
006708 0.0006857111330920746
448816 -0.0165238072145869
232959 0.05095875052509399
235290 0.1187682156524961
448558 0.031821823889795306
449467 -0.019032300975147583
129255 0.11849303775122451
449131 0.019431840008041393
007644 0.02895631353121443
342085 0.01002828342293389
340606 0.03953369826608072
233100 0.02428162781855428
128106 0.09845769572012339
341428 0.06157533896088022
449089 0.011046428686727294
128361 0.1141215871188438
450244 0.02838956280810146
450319 0.052069601863983475
128691 -0.027146013921973158
342832 0.11858657824038327
129309 -0.05657462259867154
233397 -0.07488542691560199
449077 0.05232853466083132
233178 0.0025792879960081293
005823 0.18317083019710573
008286 0.1713887954425869
341902 0.03669374474271278
129669 -0.010257521882752503
342010 0.008623401793395916
234492 0.04222028087528924
006651 0.16744218338958067
450112 0.044796485237481344
341779 0.033126027977053656
448468 0.07454914329576016
233031 0.01681396272807795
127911 0.07397171608487466
342859 0.10779580651983797
448693 0.06721453213287118
449464 -0.008806479505523655
007794 0.021331093460046403
449764 -0.02978233352871012
128697 -0.05865446786651845
006588 -0.0826796755715022
340882 0.004260516826522426
449071 0.10436805918077192
448474 0.09513339534024731
127989 0.06426054068974085
235395 0.029148878687717112
341329 0.040533839756836706
340780 0.014228334489883105
341095 0.07854572671193531
448864 0.024216288602147154
233088 0.026292347520233576
234819 0.03450795127740474
234579 -0.08200128169662298
005574 0.0026214798687568407
341827 0.04503720497050096
232875 0.06698784747938052
449110 0.012389665121560568
342907 0.08736400208124542
341674 0.025678910061748696
342145 0.012515511376840994
450265 0.03437792874146475
449647 0.02707018587248817
340504 -0.04528770270913032
449650 0.022915385195914934
340615 -0.01457980246710592
007053 0.09741820710148232
450649 0.03779993264365805
449938 0.03479405110042204
234537 0.05037853429999342
128457 0.08776598135657913
005673 nan
450571 0.01019905533262458
006909 0.06483356297992048
234678 0.12491692500803604
008259 0.13154746013737859
127746 0.03730177118252682
341227 0.05807858393640729
234711 0.11166783042744369
232827 -0.03405362430828354
450331 0.029609054685589865
127167 0.10340513861765538
232992 0.09826847749038398
341020 0.07711038095598581
342559 0.16147941971737603
233220 0.04273537078907323
234732 0.16434750810604348
007467 0.02685460783377224
127740 3.568376961381413e-05
448732 0.06812127757265754
233898 0.14328356409247542
127206 -0.014636899126736028
007830 0.02351591187710551
342028 0.012631366514789999
449986 0.006725355085364804
128493 -0.0002859300450309801
007131 0.08978786165752108
235236 0.012817254639379033
127611 0.05425306812807914
340510 -0.03771109318390041
234495 0.036774446962402736
007959 -0.08227905062337336
340603 0.04453612344730851
128175 0.06252837759558406
450451 0.020785044304669025
449143 -0.035275599943528434
235224 -0.01489701623614527
233169 0.019287339306110096
233421 -0.09276837718730067
342088 0.011723937132306326
129621 0.01739309134549907
129591 -0.022942563691507902
007719 0.04034384491032919
449413 0.051732016032532094
341326 0.038211209285517016
129495 -0.04762023286543713
233400 -0.08211961250419082
128517 -0.014449436479495203
234345 0.03436185239934597
233289 0.02313946953530854
234474 0.035931138073859496
450235 0.02507455252143087
127023 -0.04505803388447157
234507 0.013864987380182468
128550 -0.024123953420299413
006489 0.03889210483397383
005820 0.1717431617434687
448480 0.06501480299458015
006468 0.024507346116486122
007947 -0.06966763544140864
450664 0.029807054807269397
341122 0.0958143779386228
234681 0.09869323838570655
006993 0.05607612497706777
235347 0.081138644971725
128583 -0.0022143655778338227
341392 0.04764142671878772
235194 0.06005069945754507
127923 0.09748451834924347
233373 -0.07518556933909634
233244 0.016961170488217107
233184 -0.010469005045665154
235131 -0.004511069179862219
233130 -0.004988928789715516
006942 -0.06321844933066245
450076 0.04259064170136452
234357 0.04999015605555172
340645 0.0155186148681821
129333 -0.02135449054437282
006522 -0.03094041718937662
234531 0.045248957989844185
007761 -0.020833375405461062
449509 -0.050914836388406375
341350 0.0334551966817269
006696 0.01492710574271064
447994 0.007128496163407087
450511 0.04096016468222099
449851 -0.03324594483548962
232788 0.018597866851591472
448288 0.04617936269899841
235179 -0.022911569112419865
233286 0.02350279636925316
127755 0.07403424177548769
128199 0.041376701607265635
449965 0.013104774192675436
448003 -0.03075482022691279
448327 0.03558204551849676
008004 -0.07237315604671439
448267 0.015231591309870132
341233 0.06331570256198772
005901 -0.06934536287303414
233631 -0.038591360093207065
340624 -0.048469901727685845
235209 -0.028072871103924143
341875 0.03337572479155633
007698 0.03290580055849448
129588 -0.019406446597051798
006960 -0.06530538113479442
128652 -0.056316848222608996
005595 0.12296687105976085
007827 0.03517481573572366
129636 0.07581801300957088
007443 0.03192708274143274
234573 -0.07905496065110394
006342 0.09724927913308437
006198 -0.055694182992092826
234912 0.04942813903921023
342160 0.001979200318261886
450565 0.012512812190878898
449716 0.005319983278892118
006033 0.040344550705733395
448444 0.1787497514539387
235260 0.07022807333204481
007806 0.04639854046855801
340486 -0.019383117850787692
128190 0.03461249405318643
450178 0.039027973416440306
449593 0.09405209222655596
448204 -0.06218819799478989
128646 -0.0446425901373373
128163 0.06837572237771262
449158 0.0057027363288309225
129318 -0.0522938463675282
341944 0.03176687802437967
006189 -0.05603647248509672
006381 0.0263008166620971
340741 0.09869870273653523
235092 -0.053458329740169126
342712 0.16708819893344676
006795 0.13404330969397443
007707 0.05135194145642845
127614 0.051619243813712364
006774 0.06886268863190942
342823 0.12820294634035367
007941 -0.07816216160969514
447988 0.015446742872343466
007266 -0.05266773844748078
235026 -0.05867451400458285
127065 0.11752153898988452
341599 0.037017460292281174
450523 0.036584415192550346
341821 0.033494780089987894
006939 -0.06377814656921796
232845 -0.038707030475643264
449977 0.010926361773276341
128604 -0.05648539050243864
234810 0.019391074783183353
007887 -0.03682388529770128
007677 -0.01681015646410367
232944 0.12221821987899985
127863 0.07521959409421804
233040 0.014866359670113172
235044 -0.04483191392490422
448621 0.06647505123620501
341491 0.04574569704145622
128370 0.07923288042905699
128160 0.0617455718256191
340639 -0.0011788324937680478
341368 0.049097321846339276
006150 -0.05716035360652033
006090 -0.030386079564288185
235056 -0.08138624484262923
448075 -0.07255608709041345
341410 0.05050572697540758
127389 0.08468846521186697
449014 0.03920669764417657
128769 0.03885750997386813
448999 -0.015569054503569995
340588 0.07750211466106915
128133 0.036374655827866
005721 0.03570471493012143
342829 0.11915397109771642
127437 nan
448627 0.07341819911525048
129306 -0.05515386320092325
006444 0.10277493376380817
450640 0.03715155914773914
341182 0.06474467597829235
235140 -0.019021040284329736
449923 0.06044236233185928
235020 -0.048393162741488784
341980 0.016260879652693995
342148 0.010223643246319988
449836 -0.05210834238876938
448696 0.06896579657579334
448060 -0.0603388266755134
448510 0.10703963803106689
449203 -0.06197642670442777
234447 0.017688768291356943
342619 0.12990609592425983
234945 0.01624483255985397
129468 0.010831640855897039
449848 -0.036625970090657496
006387 0.0478748926544388
341089 0.06869847304269085
008235 0.11025381283504082
128742 -0.02115914068777095
449032 0.020768273977920908
128259 0.056269565493073236
234177 -0.06372832609119818
234699 0.090530508549896
127485 0.13345563752310613
128193 0.036048809948182776
234219 0.13786596970515988
340252 -0.007733183651947525
341323 0.035418043892179875
449134 -0.0009765479484864793
449863 -0.009057424985846994
340405 -0.04997265110325322
232923 0.024865469190651784
007920 -0.03553645236921006
448660 0.06570181380934202
006516 -0.05157842318455348
128019 -0.0502214273894293
233115 -0.0011133485416703816
450652 0.03918694797466852
234459 0.020363701250755387
340864 -0.0003282135723792671
127776 -0.006448931116723776
235287 0.12220584778558642
449455 0.07240234617985986
128262 0.052742112443947435
449494 -0.01069971352133312
341845 0.018713417587339992
341482 0.04710839846357375
448903 0.09398701438391456
340891 0.004398128296603927
235314 0.12155551404840441
234519 0.03747215128793574
127047 0.10119546283774662
449995 0.007457331131073341
233172 0.015376608114720646
007563 0.07995220545194724
448546 0.020895202618168688
340441 -0.015362181405812076
450046 0.04059656350357827
235035 -0.031737588256149175
127413 0.13310633884834666
127812 0.06181967545978516
128349 0.09666004940372869
234369 0.06157976304597912
128058 0.042900790460501895
129423 -0.07920200606405516
449872 0.00906312209921868
233154 0.011037490920113755
341851 0.026254500985980714
340903 0.013456173807803984
234222 0.12393099407257117
234969 0.0014179984181457972
340582 0.08759229314655889
340291 -0.028816166356200438
449755 -0.0335961420509345
234966 0.011156365984962098
450391 0.032752599179615094
450532 0.021870138433728547
448249 0.052630293164397
007716 0.037484597131859226
129294 -0.05899859241172444
007938 -0.06879387028108871
235359 0.05444448226835669
340483 -0.022278639073339126
450286 0.030785360462564748
006327 0.06291128134139207
127536 0.10835496136050306
128043 -0.025786896270545673
127182 0.04043512506706566
341977 0.015784667306148616
007662 -0.0652648160618449
450190 0.03639760963060661
128427 0.05067350093305058
235248 0.058387586479418385
341164 0.0687662715099744
127692 0.011522532741536777
127017 -0.0377590024660504
008196 0.1309493237217122
449515 -0.07038366211698212
006291 0.03773070316688687
005886 -0.04065921907234485
450430 0.03132779053840394
450517 0.03807435374465561
232830 -0.03552058802987886
448174 -0.08897036541075933
127152 0.09090168607103956
129297 -0.05692217764300711
448831 -0.02164379000162878
235170 -0.03606544896138048
450598 0.01381719508154946
233136 0.00011800910144105852
232956 0.026575616409095525
127596 0.07640534357303602
233982 -0.08824339191074872
235122 -0.01160962959106346
232812 -0.002471177866243873
234603 -0.07382066543322051
006861 0.0052136908379220095
007704 0.05164773932525091
232752 -0.06335549028066656
234381 0.07616291784544896
006303 0.0036090299336597196
127668 -0.022987512496093303
234489 0.062309713507232876
341167 0.06779173461063172
449746 -0.028071188251778453
234195 0.029084408514503873
235251 0.08435132511078365
449314 0.09812526719245926
340273 -0.0245277724486536
007863 -0.014562429063563151
233238 0.03638589195327686
340885 0.005189931818417143
340612 0.00790989496052237
128538 -0.044476576347905264
448867 0.030166083673019095
341893 0.032787791787919844
450535 0.014328026512242431
127170 0.12876593940472478
005733 0.005451930237622122
234240 0.15588171409806348
129561 0.18498807010196505
449941 0.02994152482897002
234429 0.01580104462553483
006519 -0.0433589794124555
127869 0.06895883780058298
448741 0.07176599413384943
007680 -0.05121753242545899
450166 0.03999531199189612
448912 0.09256593100360042
128346 0.09506553472583787
234591 -0.06700063920415954
448966 0.02004248249653229
234261 0.0008471683793711063
127221 0.1086590509280433
341518 0.03680586713332225
232884 0.15009904276514419
129453 -0.0026816893949588912
233124 -0.0017117396006878591
448945 0.018288795950539553
006834 0.11720162090801059
129600 -0.001105402293698009
232773 -0.04680593075416924
234645 0.04058074243118748
341575 0.02962655502953468
006072 0.15039015362644426
450556 0.00169718091815153
342106 0.01254462287237422
341170 0.06725628944540345
234321 0.11640924224667815
341641 0.023517129131091174
234267 -0.015247717431435085
127449 nan
233076 0.05134306925448643
128637 -0.03823531998528375
128085 0.07426376474674927
007674 0.02949875714464717
007635 0.05052242714823295
007785 0.0024459200296608127
127683 0.001395154730113536
342880 0.090831300417845
341389 0.04633848312051915
341572 0.029886652347299203
005904 -0.07144681035028266
233226 0.050743506970776564
235047 -0.0507088045972485
129000 -0.03300322767523023
234348 0.03717482630327685
234333 0.037108288916239844
340471 0.04130879771489328
127731 -0.02225574520867039
127095 0.018825151065313246
341398 0.04704692572917537
342715 0.15756088231340884
128061 0.044015886882940926
234567 -0.04059131092479522
449362 0.028247665857538354
129330 -0.03162715991145666
128010 -0.04019731565146032
007689 0.014740140086720466
341224 0.06606155830864324
342895 0.09311386404639753
448471 0.0898990178320094
234996 -0.04920598326080435
340219 -0.05236357431771054
450439 0.03156287898272278
129141 -0.05464986392429897
341068 0.06868838193365749
341617 0.02957903996534726
232854 -0.035928036818386355
449950 0.022817013268864695
006222 -0.056901417815609014
234642 0.03256510000752497
340276 -0.031422509216961526
127386 0.07683812481656005
233889 0.13745198469134573
233376 -0.07536549082023612
007929 -0.056304155001272393
128586 -0.004080952581946023
234588 -0.06372028810418848
342910 0.08348401066311863
233925 0.14123068243275078
450364 0.046149424275011924
341869 0.03753451813617669
234465 0.015495259999143434
233916 0.1075470619386359
007056 0.061029207316182915
340210 -0.03701302891055112
006096 -0.05315451837477169
234960 -0.005309525914019964
235125 -0.01261352900507987
128352 0.1090436061308153
450385 0.04175402888885703
006363 0.03603826362479792
448807 -0.005883682323538105
342703 0.12523261592501686
342403 -0.02749220286013366
342391 -0.03256878850791793
341059 0.08015666413416764
234486 0.02030285529025591
007728 0.027452882062133085
128028 -0.05456280671773744
233625 -0.01942571851221432
006306 -0.0029950874410706128
450679 0.027843020877250435
235107 -0.033351721816789706
127269 0.04106349052253726
342058 0.01114063392069495
007935 -0.07280882729737133
127737 -0.007170256859922492
234384 0.07792854483320812
233979 -0.08771003964729669
006771 0.032653476596738694
235068 -0.07807824572491733
450400 0.03425658884400861
233787 0.1037301667709422
342877 0.09142233304805926
128295 0.031778715121464754
006075 0.17312640915883082
233055 0.039293928051469335
128403 0.06046697924494484
341935 0.035832843070124944
129501 -0.006900807679645599
449728 0.01776353842420242
342133 0.010646794057678153
127194 -0.062070144638547396
129177 0.19426730626564717
233901 0.14150526560494078
234516 0.03697050732069335
450421 0.030975125555484477
450550 0.0033935609183822534
341764 0.038169484001418855
235071 -0.06793823167047529
235353 0.055207297139815134
005568 -0.06400307527745391
341173 0.06778130482654182
006948 -0.06392811490835244
234975 0.010065961560018348
341557 0.027035877113191564
449095 0.01621597607243633
450292 0.03875683563108895
127029 0.054829056939742576
448759 0.05860623228375446
127677 -0.0040064825330461745
007617 0.14280380274993598
448354 0.012816367134961565
006177 -0.05470137260938718
340309 -0.02623361414736575
448909 0.09790323245247295
449779 -0.0633918465633345
235422 0.004583005310292672
127059 0.1118656713624095
234549 0.08068032505638029
005700 0.09589137067480033
233940 -0.01587003995253647
450529 0.030873568624817105
449437 0.030071093386722286
235032 -0.043275920308490444
449572 0.07605867334038184
233952 -0.06270317933527214
450091 0.03663463661614522
234693 0.08579255300342978
448045 -0.009598064283146891
449386 0.022272933901603707
007824 0.0473614827498094
449677 -0.029413921723283103
448048 -0.0345186711995022
128514 -0.007719642468135296
341347 0.03646537552768017
007833 0.016621135086165723
128442 0.08675688430005084
234702 0.09780084686861061
450607 0.011806084793059352
234249 0.030268161464755236
340549 0.0662935762048331
129063 0.16171519623862374
449956 0.019230797058192153
341689 0.0310466880909699
449839 -0.049349042183520146
342538 0.1263732456025623
128406 0.06175503659789879
005583 -0.031072928963973578
341929 0.04056096800129351
448765 0.03026426521085557
233181 -0.005453774894621364
449734 0.015109118002469632
342808 0.15656985681523722
448339 0.043636854325154295
340366 0.12372231956898375
127794 0.03889410420868634
234852 0.04356716365538656
128871 0.0041153688707834405
449449 0.06141629000399689
006048 0.058195630709330246
128082 0.07062287664606916
006288 0.10553802506561925
448714 0.07245666736659619
342046 0.01104387525330006
448348 0.04403393649468957
007098 -0.0764773075397198
341989 0.017750420733890403
340306 -0.024744456216121914
340450 0.041240444807248706
232989 0.10375500791993526
233271 0.020739900126395094
449281 0.042035032900012266
006360 0.04477216473405821
127038 0.08646641288058031
128391 0.07684344115553708
007122 nan
450466 0.0031075446387064465
233061 0.05864517922106718
007509 0.0513461272028397
448792 -0.02967990144419033
448024 0.02607627460219908
449029 0.034290107423558605
127710 0.028743814898266645
232848 -0.04139293714723778
342646 0.16468624627300646
128520 -0.026564934417175296
341671 0.02556168053039438
007260 0.01374115419309519
129426 -0.07551462605359062
006705 0.006321182867957615
233646 -0.07176489426345421
342667 -0.05710794900460217
449005 -0.0016163555280853542
448750 0.06573988960560968
234708 0.10326940072133604
341824 0.03731591808960386
342115 0.01344006372790031
341188 0.06351551342693541
450031 0.020005513597079985
127647 -0.021841731076043952
233328 -0.049107628272469346
235128 -0.006133088595374118
007758 -0.02072861302076622
448000 -0.022819105355501128
341218 0.0592729808878245
129237 -0.0033874327795846123
341704 0.028951987724529775
341734 0.029116010552646458
450049 0.03918592694108159
128139 0.04149297950888701
341371 0.050878131674967374
128421 0.06654714035663091
449524 -0.06341032259047978
449233 -0.028412230431087437
449623 0.09560212436112984
450070 0.04162281789567015
234798 -0.012821661506920986
232797 0.007734655455396833
007080 -0.0768498420715332
449992 0.008016146411456745
006273 0.14871386758607683
232794 0.012308922494273808
342700 0.1282999546852801
006351 0.07836621214542117
129285 -0.06148869541860527
128091 0.07140390940321173
341638 0.02371496530331842
234849 0.05793043251293773
341659 0.030477003152554413
235362 0.04696998878360436
341521 0.040283254073915024
008238 0.10677809842160435
005691 0.016335330567918378
006498 0.16186450356789336
450298 0.044020114130183474
008310 0.11821728890752921
129531 0.09692474065898811
341716 0.03124771601160182
340924 0.018615607188131805
006525 -0.016459927785964237
450232 0.022955543256357958
128787 0.007710406523217602
127839 -0.04151519420112424
234606 -0.05541414117601532
234822 0.03106065216743083
007575 0.10252850004912166
234342 0.03711946015995917
127929 0.10423212398895453
450025 0.003049031738633105
341461 0.04225779641594294
341602 0.03727802801374054
127053 0.10897057865347179
449368 0.10164292972398317
128559 -0.0007462453324294819
235188 0.014740188757636311
341041 0.07997860051210595
006699 0.0011558301106916846
450223 0.01954553034239805
232746 -0.06328470651958473
006936 -0.06772428964329329
341314 0.038303144368102116
233757 0.10625799080682179
008283 0.16989513018735491
007263 -0.05826049268898643
129684 0.007294509975865704
340642 0.0105314207815145
448240 0.04610006988769396
129438 -0.055866697285487696
340465 0.1448269657968653
233256 0.010129051174343989
129477 0.058342056971130374
006126 -0.056973861973910106
128394 0.06895263669587243
342163 0.0038087063289983037
232878 0.09786282759652566
341074 0.0786695835308879
340861 -0.001949457047728698
127074 0.1305128551404932
008253 0.13330691704838912
006873 -0.011294178712233417
233253 0.014847918719710525
128385 0.07511906166348184
128907 0.04407305347961513
341485 0.05078790387230914
128358 0.11713044573672558
129516 -0.004436885635639158
006312 0.04005467487151465
006486 0.005416381896488251
340750 0.09734298252056166
448777 -0.03317622350395709
450562 0.011010828646164249
448855 -0.007936399216956366
007326 0.10111942298140532
233160 0.009589088624402714
127056 0.1152839773407102
341953 0.03300782344352537
008247 0.12679058642424046
128523 -0.03756756998270437
129303 -0.05592799102138457
234153 0.18653519077192487
128157 0.05831612294400137
007845 0.00431111297397998
127227 0.1425270575226971
448819 -0.01821018167321132
006003 0.12819796138339573
341536 0.04814685709806682
342199 0.03394598709395781
006507 -0.03230715247119403
129483 0.07248708068801114
233679 nan
448951 0.027997158070501866
450304 0.04150501621305627
006447 0.10614498693022714
450499 0.03901990892791185
127902 0.06994661760438325
008307 0.10717293711920975
448852 -0.014739443472744631
341632 0.025618214355116402
129066 -0.04781135680183532
341896 0.03295043383221762
233319 -0.032865781850762395
128376 0.0669051663862239
341887 0.036758291970651356
005730 -0.051176553520123805
006279 0.18142719372812385
127767 0.02337427462401299
342625 0.14683521012624892
341308 0.037236309756681935
341746 0.03498719485918389
340597 0.05658615333268586
128409 0.05979048585124133
341239 0.05823256651206367
234600 -0.08410526121886536
007074 -0.08047050511783638
007059 -0.0058267991829350965
127131 -0.05602709356848303
448228 0.06615463428615784
449329 0.03108572496371718
007989 0.06213767336641486
235371 0.04217819378118171
449575 0.08239895677508015
128304 0.0347005874049452
341404 0.04861125066375684
450151 0.04052607263581683
448711 0.0661860132338684
006192 -0.056256524667718244
449506 -0.06756364103204728
450040 0.04071347755467463
234636 -0.009035439042547663
234927 0.0366021248347201
234786 0.0010537234341063077
127878 0.03679651384689348
448351 0.03354654693843105
341950 0.02805162154646593
007650 -0.015184467549324463
449599 0.09986577572749133
128478 0.025212598321345578
007431 0.0036156761356778647
006378 0.003263051494648754
448294 0.042924650858831966
129603 0.025102019695137836
007446 0.03710308388131392
232785 0.021651709277250575
232770 -0.05901576684966359
448870 0.04307280623021327
340399 -0.03220863820219395
128154 0.05637439378928313
341758 0.039513125287055376
127161 0.07997055519054667
128343 0.09188204039004946
233028 0.017696558794111604
341833 0.0339885916635261
006165 -0.05411205297570234
342400 -0.03316906024103664
234285 0.015437484373855505
128298 0.030826317669606515
341023 0.07978105870752387
448657 0.06486549551104322
233145 0.012480597596498085
234375 0.06886195955203982
127674 -0.025009273814051002
234513 0.022546842632038756
127620 0.047246467136616135
128466 0.07946093892239417
449539 -0.037700932990271406
233337 -0.026877708582015703
233247 0.020221924333021658
340222 -0.04706640368252447
006654 0.16705686772491385
450697 0.037260154814530044
341971 0.01848262011533587
449770 -0.04829191650632925
449347 -0.04962075510896747
129447 -0.011024943328443775
340228 -0.04023702307281874
234363 0.05295787993212918
127983 0.018250882145801228
448066 -0.06832279671203417
128502 0.03419896572438141
448933 0.03460272563350717
340339 0.1148845209728391
233811 0.10194671393444828
128499 0.023684992672730908
128700 -0.09398389353149857
342070 0.01372875906322059
342418 -0.01075927708580032
450688 0.019283282477100094
007653 -0.03023974897008564
127695 0.017012193975338517
448231 0.0654911578647674
006375 0.007916423195680878
449818 -0.05030873927975415
448804 -0.006865599670785417
342577 0.14504649693676055
342664 -0.04638860985131538
128685 -0.03897726857022454
448270 0.02350648149187196
449791 -0.05627278199928351
448633 0.07064946550187927
127905 0.07792258062466507
448594 0.06383806682177541
129666 0.0006796557003829534
449827 -0.05063004748670373
341554 0.029516436457389647
448462 0.03633842032488362
128367 0.0899639220598486
449161 0.020929477583655234
128661 -0.05140604552039417
007587 0.1266647464044219
448378 -0.05465700879268785
234408 0.08338066334644983
450121 0.046603443168201794
006510 -0.04372435614847166
008214 0.0955247341640412
234840 -0.0002916299692198976
449059 0.10807199609859217
342457 -0.07490735828245759
127077 0.12191089872261765
340474 -0.008112244392468543
340201 0.00015563486945107552
341908 0.036437223012042545
129513 -0.018925343340600448
234777 -0.035731587115497815
448987 0.001289085054781004
128718 -0.06002609693724733
340900 0.007685325932361194
233967 -0.08428008107641656
235263 0.06773448594469436
340531 -0.010508865587482112
007911 0.0036591946973582074
450514 0.03805959619035312
341728 0.03126373463449528
449341 -0.026021275641326613
234738 0.11785945941775625
448153 0.09534713635588128
449887 0.02850631681857286
006210 -0.057050785564240945
128205 0.06502066140154336
341413 0.05116160705447558
449896 0.05045370279317031
449905 0.06973738870629927
128055 0.023582271999782984
005808 0.10768946469380827
450613 0.009667482910136818
129045 -0.037447873877469826
008028 0.10100202117106812
450637 0.035247371248378644
127881 0.024741588293712456
234744 0.06540474976722412
448447 0.17950806597359162
449671 -0.01695088379691024
235416 0.007539506660335014
232782 0.012008230429202854
448486 0.05618078612355037
448858 -0.00101849258236027
448705 0.06582103674485675
449932 0.04275820644665766
233730 0.09747986848084152
448147 0.13329568967749172
449707 -0.006675748067643036
450082 0.03731275382601944
233235 0.048172679344207235
450610 0.012044794110935876
007899 -0.015299198875290522
448834 -0.015087407948608328
342748 -0.04423663642773655
128121 0.0611785953668219
233292 0.020583108293277492
234075 0.14143890804714626
341425 0.06074495640947694
006147 -0.05648491625735023
129258 0.1351130628225294
448840 -0.013427244257961345
450268 0.02916477963988939
128145 0.0408042376812366
005802 0.08672812819357108
005892 -0.061205165290133846
234126 0.09170878089815274
449605 0.1058204160447886
449380 0.08778909359722123
006528 0.002017206751029777
448885 0.07685091679903833
233334 -0.03280425201256422
448087 -0.07223874094593062
128766 0.04071568069640196
341053 0.08094953471316454
449371 0.11951879171702683
007656 -0.04755532198699228
340627 -0.05334085436606203
448210 -0.05211210947741937
005841 0.05483372132163649
341335 0.04191385910978405
341401 0.04823836320812427
127332 0.03440292770900423
341209 0.05647224739232421
128721 -0.06336164616837119
449497 -0.038065832839967305
448363 -0.03834221204761528
235320 0.1172193940075705
449326 0.07618067227261133
342853 0.1326043600659459
233391 -0.07467570586546565
342814 0.15272646251958066
450010 0.013458262652526662
448243 0.03703564738830832
448702 0.0714788904081054
342811 0.16296783905653728
234234 0.17180659813104177
341665 0.03200411578073364
234411 0.06764453398597248
005577 0.02302234278523863
232761 -0.04645683035200334
341134 0.10287647132328052
448729 0.06437279156555968
342769 -0.05602323414246781
129675 -0.02696895513826932
450028 0.008406182022684847
448165 -0.08120127150621365
129429 -0.07544280816842845
341203 0.06090780221745632
449776 -0.060312652983227556
127098 0.0015661633428546088
129534 0.07074747569854223
448507 0.12768794077754994
127656 -0.017464468522607267
341506 0.02058953695033982
340195 0.00356232939247824
341854 0.027237566651663662
128178 0.05219050361871293
129510 -0.02627668200079501
450058 0.04041655197499977
007050 0.11274563009900844
006243 -0.013582328117353305
342643 0.16545117934659562
008001 -0.0739519787789049
235011 -0.0399670218562433
233388 -0.07645209603298819
449692 -0.017526498270961147
341776 0.039154505485859
233211 0.010633369612013261
235191 0.028468574435983024
233046 0.013827890550422611
235233 0.017940549455734287
128397 0.07038871594718454
233262 0.008922316346671537
341710 0.03018194161405964
234981 0.019857677025983563
128541 -0.04540158514587483
232839 -0.02940851536385589
235185 0.003642211174746675
448579 0.046336391132622064
448234 0.05617463811632602
233934 8.044126949532334e-06
127071 0.12116342579347426
129507 -0.03025592593276679
449167 0.05527228068324105
006915 0.07069252634805345
449731 0.01679159905504446
341926 0.036235326494051145
448258 0.02585188262875501
341761 0.03886264747585961
006156 -0.055167786222092244
232767 -0.060311227780966724
006204 -0.05501489479997603
007725 0.030092365338395356
127263 0.043322247665779114
341743 0.03153427746687983
342178 0.004574745413289995
448246 0.0499882977281492
234300 0.03216364294626895
449566 0.0679147260816353
129492 -0.0368536327180969
448615 0.05966288653121457
448132 0.07631556733665552
449173 0.04395837683709414
128451 0.08725642350704017
448975 0.004941360834829874
342757 -0.020757671163863487
127686 0.00029608518770425407
450316 0.04728987281759771
233880 0.12204440816962903
449140 -0.038257116846774034
449026 0.04204758686822656
341305 0.04132983822839162
234789 0.015369185969175237
235221 -0.018984076646050552
448342 0.05853372926043295
129543 0.14024492421544585
005757 0.04990367473117888
448375 -0.045961212932359996
340336 0.11096812160385522
233022 0.0015761248214027396
448726 0.06285446462479569
233961 -0.058003153540259735
234231 0.17056228326899664
128097 0.08384177643466442
007062 -0.08264556710549431
341965 0.024673892011065988
449395 -0.02882833686976788
127830 -0.023925012537564325
129300 -0.05728193672781423
448708 0.06901400053537844
342214 0.016720207580517597
127629 0.01546921571568837
234456 0.012540632705033342
450250 0.027874021273262165
342847 0.11762169988114964
341110 0.07970213072824947
340546 0.051527169165847944
342604 0.12414298498586859
127326 0.04086174157561449
235317 0.12668504401699787
129264 0.08559064454463311
128382 0.07143910430949163
449656 0.014645960490749836
448504 0.1319487415896032
342382 -0.008624382021298931
342571 0.16607552796935138
233274 0.02234788342606173
342802 -0.014292440717182463
448618 0.06706214520919487
127137 -0.07129601368407934
450301 0.04564530440272581
448813 -0.011899741426090085
342466 -0.07801337006023727
233229 0.05005152885697139
448282 0.04672749987992653
006249 0.03768322356636562
449182 -0.037302397012754576
340684 0.014515023282233705
129687 0.012789161663627289
007584 0.12557173116207465
008277 0.16027876384859616
006684 0.04473195022561637
235197 0.0671421356082703
450229 0.02162168671733641
128166 0.06634862183765333
450463 0.007552654085973819
233199 -0.02039260896220835
007683 -0.019658788757079132
450379 0.042966083117893766
007524 0.060458617536430684
449596 0.09802917672307108
006735 -0.08301897418706826
341293 0.05751110631102328
340519 -0.03076932661975247
448330 0.03804496174050078
450631 0.025165252411560878
450274 0.029777483134461498
128004 0.05645525356616486
007530 0.0636149055833449
005811 0.14318230026953094
448843 -0.013207626205158094
449959 0.019939392176469284
234453 0.012625554184113312
341629 0.024746407044730835
341686 0.02630128789856117
449419 0.04560868857898695
449317 0.07410673371498501
234402 0.07190928876819817
450280 0.026215286280803777
006123 -0.05447124817124268
007671 -0.045251216226942316
449272 0.03030692506088781
127464 0.18427388377921292
235017 -0.039353391911053325
007308 0.04028936354174099
006885 0.028815934655139444
129552 0.15766745657373818
341866 0.03481096578330335
341884 0.03790466328156995
449767 -0.04093470529169856
233097 0.01903561810309322
341434 0.0593181984624744
234156 0.18321930756985533
006063 0.10942893558078345
007473 0.023784937213502493
129246 0.043336347748860776
006438 0.0945927044013878
233310 -0.015936643017453813
005739 0.04807415788779989
235104 -0.03892370439411584
007623 0.12195347041989484
340867 0.001978175906367313
235428 -0.002320829208712183
449125 0.036022238011449145
342211 0.030167530047257477
235155 -0.03596955328782834
341098 0.0764677736028284
128196 0.040153461055886894
128289 0.039891213933057036
340552 0.08170093382580298
342097 0.011658967418874561
342586 0.12954914723223412
341677 0.02497092615846385
232905 -0.04897588247254502
340396 -0.006511889034229649
007437 0.0218587670649443
342706 0.14902121375465602
234948 0.0008130918615296276
342502 0.008878307421912963
127125 -0.06290237008957636
128310 0.03580839089492089
450577 0.00957396839726027
340930 0.015466235801129529
342562 0.17142122737945073
005883 -0.033248927237259016
448216 -0.021230427631355103
232911 0.01755125442582309
232995 0.09025670058205701
449086 0.01863323904757393
129282 -0.06354600592395551
341494 0.040845146185610734
450175 0.03935083695541792
448438 0.17597991616113187
234576 -0.08495157344651763
234441 0.020766412877412904
127155 0.11391715823657927
341374 0.05123138834315046
128577 0.00043430278618875284
234771 -0.03443464733396077
342919 0.0805794954653611
448924 0.04441293501592683
448180 -0.08684757127963677
233091 0.03613556847472222
233922 0.1266589361399746
448531 0.024124427199821996
449185 -0.048056376955492176
233223 0.04349738322020673
007977 -0.02129176378267246
232935 0.08165117604585989
341197 0.06852116613217245
342730 0.0010410985840282334
340696 0.022559884190781483
234933 0.015785276799825578
448195 -0.044926799689230676
128049 -0.002412935362239943
128226 0.04267478790115744
450115 0.04551505406416317
449107 0.012186122000313564
127173 0.1257114257360033
232800 0.024637445606311276
007560 0.07892668116870591
234483 0.03748260227519231
341872 0.037660802206744844
008298 0.09596200525932885
448360 -0.03091324662892612
449425 0.040849152698770166
128334 0.08170377015345287
127821 0.038994978251431237
450133 0.04150396970396858
129279 -0.061342242191601885
448663 0.06588726772461594
450148 0.04052492646089347
006903 0.06899991601218884
008220 0.11354442941370721
006336 0.0758425620426781
008175 -0.03207461900785138
449653 0.017153616081198447
340513 -0.03872564175113462
342691 0.030955120270023034
449578 0.09005508041206521
235245 0.054371622938012315
234993 -0.03387600793850558
449050 0.05192194407732968
340912 0.01009636588580484
128475 0.04012932397976135
448030 0.02976950328598394
232983 0.10089395741516954
128232 0.03777084640476717
341860 0.030827914170973473
127803 0.06006920896109989
233175 -0.001056895519375172
340324 0.05022377212277961
234291 0.03216005378475309
006195 -0.053988974482294116
006474 -0.03507544873940825
340876 0.00440705907587461
448786 -0.03860205789217224
234366 0.05164547429278019
448837 -0.030374161001680944
129459 -0.0064828627673257245
235143 -0.019292428778327302
234462 0.01330607176915696
340744 0.09773992613253396
448768 0.005798654088440464
341080 0.08099060837425855
341635 0.023765682310634157
127986 0.054419899649090234
006483 -0.009669953294081482
129267 0.011882966766948697
342610 0.12768355093649109
233424 -0.08910478012902395
449194 -0.0682314973646544
127248 -0.059676368181146584
342883 0.09583339507846236
342187 0.009023762267533163
342025 0.012955157198233619
340213 -0.050829129726612944
233478 -0.015332920357123166
235299 0.1102144854409354
127917 0.09202438166333386
007968 -0.033368791584106695
342520 0.16065549850463867
450358 0.04175599945935125
128331 0.07462727166468802
006117 -0.05470279658712992
449434 0.023137653113775112
233892 0.14216163591851316
007581 0.12122938006660312
448129 0.10195255042444706
449974 0.011510825530405099
127569 0.02809521359583688
232881 0.12756518868357053
006783 0.13594297673126168
234957 -0.013220274040252835
341647 0.02343376039970637
342127 0.015453345987307346
127446 nan
450340 0.011261211490401395
234213 0.1484035559382158
448780 -0.039916833763464915
128127 0.04050375068784692
341509 0.019916043282219107
449122 0.03463572466794753
127110 -0.039192082283648656
234906 0.086507782612144
008262 0.13558775181679544
234171 -0.054176007436773733
005874 -0.02084312181939524
235368 0.047621192431579085
234807 0.0029194752041365253
232758 -0.05764645224525815
128313 0.031031979433609053
233652 -0.07183253828179899
449560 0.039984541604212526
008256 0.1416513667913628
341815 0.03467701304727684
341653 0.029279042450810356
006864 -0.009750978979919547
006354 0.06687245437967566
006426 0.18768201607723475
233919 0.10845825966102429
341176 0.06764888087638112
342436 -0.06765451457200161
340237 -0.04196352701259668
342622 0.14325708222660302
233712 0.16457340764064413
340846 0.003311268960746832
449869 0.0006785840243548614
449902 0.06484967162010376
340747 0.10118732948553731
449842 -0.04464963148135613
006093 -0.04912060501461937
233628 -0.016858010443430098
005685 -0.055123407373983385
340543 0.03791421514844137
127062 0.10789340067121392
007608 0.16470182701096595
450604 0.009634282996663877
128490 0.008135054659000364
341782 0.03389653720613263
127824 0.024117313020963455
448300 0.046474690425173576
234414 0.040540846855642215
007158 0.1317584482180018
340456 0.10434723356668442
234585 -0.065882208630842
450628 0.009670552936859537
449092 0.01017217169720345
007344 -0.03194721493788514
235239 0.02535114966522509
341260 0.06293402488448185
006399 0.07783587470887199
234336 0.03516801569714039
234651 0.032697021187125856
006411 0.11767459406283658
448549 0.02032895389981944
127671 -0.011570011978111569
342001 0.015461891067240328
234246 0.0776724554152251
448882 0.07239970413172739
342217 0.009512090515595505
235365 0.055080779444828185
233007 0.06088343634674735
005916 -0.06199863433392664
340270 -0.03980093091614684
127707 0.0364054092258342
448390 -0.06797163615740838
008295 0.09716133567429035
006870 -0.025282247041268323
233904 0.14838350166707062
232926 -0.022662205502679948
448489 0.06712646610522396
449377 0.10843249736652431
128562 0.0016684150163733544
450262 0.03241275969778023
450094 0.035368924715324504
127638 -0.004015752402925837
006384 0.04612057324593182
450670 0.03713016112326555
448078 -0.07300032665526947
005571 -0.03381287774374319
005955 -0.0797079989060351
234942 -0.021195744770696454
340285 -0.027779647461951728
129273 -0.05457217842610332
448285 0.04759242773326345
234672 0.1292588781839364
450259 0.0331358780568154
234105 -0.08988890572199745
449074 0.07465147388936941
450418 0.030258509568567772
448315 0.04418647960759831
342670 -0.045132627107083025
450079 0.04167565532956422
448573 0.03357843593735334
129327 -0.0423914340942625
449824 -0.04949974453652915
341083 0.0743341009521263
448801 -0.010273383054828866
235014 -0.04078625204272465
127908 0.07191006245092454
129471 0.022729513253928853
234186 -0.05472202833954939
007272 -0.027389157485643224
448588 0.06425264812513372
450352 0.027178489448543276
235332 0.07196108657847007
233472 0.09786660652312021
006153 -0.05426928181162959
127374 0.0003110217669653557
234399 0.07189495203249775
450052 0.0418512633596276
233064 0.073549853835099
450157 0.03924447258707866
340297 -0.02831872586154782
127788 0.012639189851087005
233001 0.08583124596457449
127014 -0.045337243685646664
340828 0.014616056460328302
341437 0.05544206368895052
448954 0.026460918547419696
127581 0.05556735813122128
129207 nan
341794 0.027507995689315303
008244 0.12136951267105488
340609 0.03383076929355578
233598 -0.024206370837308016
450634 0.033887024603040376
448525 0.05167744577889493
008169 0.09193497120741655
449350 -0.05040215488130193
128277 0.044790305308334645
448915 0.07977842270486506
127689 0.004676589787850202
007551 0.07607390485923576
341890 0.031548335826366875
342685 0.013810652646965916
127314 0.09380889885009282
450478 0.0008564820468511715
342613 0.12395304053682038
233241 0.03001649404514399
234633 -0.022483025644598285
234780 -0.01440772081139716
129243 0.029634468865973537
129504 -0.001970826315122164
233907 0.13711741265202843
234318 0.09555472130006366
007848 0.007995049132987729
234801 0.029312108912795943
449068 0.1458521182252387
128373 0.07130039804294504
448939 0.04098566186847648
006228 -0.03795199840565245
235065 -0.08468725312226262
128454 0.08843825248171869
128430 0.04978210825748065
128445 0.08160960404067276
005817 0.158713190575068
128649 -0.042779964744729344
129417 -0.08343078522455125
449503 -0.05598770856620774
127602 0.06214752206268215
234471 0.027385526918212486
340408 -0.05741818610369608
450322 0.049934679344853565
128229 0.04421332052954639
007047 0.11018135763716223
127848 -0.04018458078589749
128172 0.06366550199886994
341737 0.028244928691101952
127974 -0.06293031411182015
234570 -0.04527301855094551
448666 0.06954239307214033
341311 0.0393220922795021
449689 -0.014548017980806122
235158 -0.03929625064369262
448324 0.03709713724431957
007974 -0.02173752018605661
448828 -0.028239011148756026
007992 -0.038797290055912474
340936 0.034266654625472764
449476 0.011843915512865849
234714 0.12015735856972397
340540 0.019962988187335544
341470 0.04549979653125328
127563 0.032586466405260035
340651 0.02948874764188507
341191 0.060988902049634384
006186 -0.055838348968229055
127920 0.07856450680749365
448648 0.06853845269140083
450202 0.022901856460574
129678 -0.021071112218046605
006390 0.058472019703251395
234201 0.04524289737441766
450349 0.018367177878919852
007647 0.015234058594123077
448291 0.0463180976464577
233304 0.0010725238111130178
340630 -0.05337353081038853
233379 -0.07948435769475923
341488 0.049191371132176476
127245 -0.026301300385806213
341863 0.031722968204041274
340261 -0.016884025379934175
127080 0.11555445151907244
007749 -0.005877297674178126
128202 0.053050275510809215
129003 -0.036178794666491466
448651 0.06255955348337502
007572 0.10212702533205
342835 0.11443841227820042
342913 0.08377988791442591
006258 0.1150716747556414
341836 0.02711779664074652
127035 0.10007665965115219
235203 0.008376806941727372
234705 0.10088105569951449
234225 0.1320141154760118
448222 0.01516252059441108
234609 -0.021341805460966014
008271 0.15318064379407076
449353 -0.054980314039281754
342064 0.012560863344917813
448756 0.05963913617513594
448981 -0.009527417245738946
450088 0.03559826354070152
342916 0.08138919504065263
342040 0.011991457355893303
007410 -0.0615131769701137
128496 0.009837669004050512
127587 0.07837429209475678
233958 -0.06841102032695366
007854 -0.002530850869908264
448597 0.06179194828999538
006918 0.06297998553918727
234084 0.14291657341851127
232953 0.023973143095886704
341383 0.05114094049121427
450271 0.03178433269735367
232929 -0.00704002850371877
234534 0.043169531368073964
449860 -0.014725752321591228
006255 0.10950560503840995
128781 0.08107198661110965
449320 0.10338184398765073
005856 0.005907937831945718
449485 0.08311369312487966
233277 0.023183802387213456
007626 0.11196721897299167
448501 0.12048704060082953
008226 0.08738076594674496
128235 0.03198251929702381
341563 0.026574388003592075
007515 0.05802740313298577
127209 0.0071125769831426
006324 0.07507535290514303
233217 0.030737379925599717
127044 0.09819566466493886
234306 0.03592746036450641
448081 -0.06765465243012676
129261 0.10653489529042115
450472 0.001536541399521213
342583 0.12807933625950155
128481 0.023103171502614723
342430 -0.05040853270462581
127827 -0.0036885445125959464
342631 0.1557631504822559
128064 0.06578094080348906
007878 0.004852930874566406
007779 -0.01880092619028926
006057 0.08609247402966602
234783 0.006146257313104756
233739 0.066694409969202
340618 -0.029498267095167563
129231 -0.037969212135209686
234423 0.009351202169911308
448624 0.06931234737415314
128469 0.069613544340197
450394 0.038886517757424535
232908 -0.006843121380009573
128589 -0.008507564478304794
232914 0.00700906363744585
235293 0.11385110246033228
449407 0.026080764700182054
233151 0.009537536497046903
007791 0.015206258120102756
006171 -0.05507528993705528
006105 -0.05584141699905568
234393 0.07984153967764643
232860 -0.03416294383387717
450097 0.033169135367189205
233190 -0.011270062494391844
006720 -0.06607370910658139
234897 0.07967580402153436
007896 -0.02146265871341127
340897 0.006388718659134522
127116 -0.05323443453868772
342820 0.13179799456695773
234723 0.15690336862390986
007731 0.029474592398083397
449047 0.038206083476331615
006207 -0.05593460449556104
127188 -0.022295477125379777
450184 0.04589114895390735
129441 -0.054034769043089854
448135 0.08507506456116154
007866 -0.010021225094541047
007548 0.07170635188112454
233436 nan
006924 -0.07266768826649032
234540 0.050775429478744354
005853 0.0011160117520705392
449101 0.012946442022099488
007869 8.33634157926171e-05
342676 -0.027759980882917135
128271 0.048754252753945106
340669 0.06390182843098893
450307 0.04458867773319519
340525 -0.02082905686353873
342568 0.17065143640251218
449797 -0.05004232755493554
234903 0.12061841102210322
341533 0.04771367544156484
447997 -0.005750987128663257
006414 0.13213515307480125
233052 0.014580635232834031
235266 0.05347661201998314
129594 -0.022257791534157172
448654 0.0648979122173299
235134 -0.005100056627805241
449614 0.10450259418550928
234816 0.03407812437308154
342652 0.11169023304360595
128046 -0.025252083841848533
006300 -0.008644350662325918
234900 0.11859983420752414
341284 0.05394007164817612
340570 0.1390185216685545
235062 -0.08517536087434274
449563 0.056805093182972215
233019 0.0012809988101225233
235008 -0.04646167349764649
005703 0.12072966655636053
005844 0.031164696378281277
450043 0.03908224425622208
341962 0.032905228295980464
449884 0.026429624097853616
340591 0.040524075795343784
006051 0.06580233045522593
129474 0.041703633034274226
450484 0.0016184470156474834
233073 0.0792037421049052
006162 -0.05463679032350974
234612 0.01194976422957341
450130 0.04149639140658556
448084 -0.06402170064219623
341476 0.045282906899197554
449806 -0.032444976041462244
233340 -0.024397752933690255
448321 0.036517990672070046
340816 0.01631866724249949
341650 0.028188553274187265
340381 0.1140245429538434
449041 0.020297143788316162
449698 -0.01999542489485861
005580 -0.024159103228147755
233133 -0.004958004925623076
128280 0.04677551727581203
129489 -0.010585401522089586
448849 -0.021728812743253428
006408 0.10283276080544572
005898 -0.07104162564353338
448264 0.006932828629627455
449644 0.02894217357678426
233298 0.02159465560385605
127845 -0.04110288490440474
450346 0.012659939777138564
340264 -0.03324379126559736
235050 -0.055838573001679916
448942 0.030960652506365482
233166 0.012675855961945889
341695 0.02931491689927723
007620 0.12967597814115744
448279 0.04673270925182533
129555 0.16205874434920514
232806 0.01795511520547464
128574 0.0006753163071827623
235029 -0.051118490714875474
007755 -0.019036337108093236
340249 -0.006361395560739415
341230 0.061614227587662024
342376 -0.006451732655226099
449911 0.07152262140697026
007416 -0.04715858790456149
127851 -0.04104000785539334
342484 -0.05610217301651108
235398 0.02651820264165363
450673 0.0347201576966759
448465 0.06934519322235845
007842 0.016780773742559166
234198 0.05950010739839994
449641 0.028808909844177503
342661 -0.026776800186554643
007986 -0.04374288188086615
128109 0.09462118174768869
341056 0.08245036444343465
007419 -0.03568898091281227
448441 0.1776733596877058
127884 0.014294713766630239
450442 0.030517645739578273
128217 0.05510383711562697
128322 0.06009731362725882
340690 0.006033984553736844
006723 -0.07249086353636008
449344 -0.038642022283980094
234804 0.013348386567831636
006687 0.05190402258986762
234141 0.13659474003111732
341818 0.03449625382852723
448672 0.07188004444937322
234237 0.1639922482649508
006750 -0.031095230278848602
005973 0.15624654860723586
341455 0.04184783785454368
450682 0.02909510647780475
448144 0.11116584600910309
341251 0.057069112065370534
449803 -0.03447326867748735
234477 0.03254103142814332
233937 -0.005599649348314203
449473 -0.020038159192576666
450406 0.03163347879188488
341101 0.07993655484466831
340675 0.0449650737653665
235311 0.11895984005661077
449113 0.012975227150488029
341275 0.045263830347666664
006900 0.07531934884709546
342556 0.15562718528945957
342184 0.008490259435581552
007590 0.13475823429613046
448636 0.07391711323409142
450367 0.05086805946332004
450055 0.04065237739706274
448747 0.0667288343108389
340522 -0.026104196845583037
233910 0.13722490931927825
448192 -0.05356231295873248
232998 0.0918255459196685
233094 0.025740364472805616
128763 0.04211919169439918
129345 -0.005713696586868812
449023 0.056178645721515076
340294 -0.03132435938759821
448276 0.037725855781437063
128568 -0.003191799129559385
128715 -0.058217025033517736
449929 0.05036983356114089
006159 -0.05440339739360507
005805 0.09310657214927352
007602 0.15541862333172304
449302 0.06585647785193362
129240 0.012514972693022824
234354 0.049631007838244125
008223 0.09422690706488526
235296 0.11088734100795448
448183 -0.08616845241454092
235284 0.1289013908022926
007767 -0.021534437565151245
342076 0.010972732780516156
450553 0.0031651702414286025
450085 0.039117173964205124
007518 0.06131269435566207
128412 0.05838615834994256
342439 -0.07031315427817256
128553 0.005267059675308098
341086 0.0705690747497308
234669 0.12411704870758865
129213 -0.03731978885711185
128802 -0.05784282038848371
341749 0.03673575086347872
007236 -0.07618496096323406
007611 0.15593278128003318
006234 -0.01743770307964749
341290 0.06296389240084127
234081 0.14440935377090697
450502 0.04031232552259525
341611 0.03202418647287473
449383 0.0558497279182313
232818 -0.05327033216416524
235137 -0.0024448847687744708
127140 -0.03570628475348689
449296 -0.0008468781857858795
449179 -0.019509966072882336
129369 0.008190092316019831
234963 -0.0008545011898369196
449944 0.027237906026779328
006036 -0.0660534525674487
340489 -0.027030485955114064
450493 0.025388408185782498
234330 0.037151003405605454
127572 0.03026845396606278
448540 0.018912147206838856
127725 -0.02027508583833254
341725 0.029982035322170603
234138 0.1296519096746466
340555 0.09441891599297811
234510 0.022532766943120532
007995 -0.06654460651954436
233016 0.012917701562464282
448303 0.0484640858231019
007746 0.00737880089380511
341155 0.07297892028850221
128487 0.016841836090328598
128595 -0.04460278798553734
448309 0.04564028840968079
007527 0.06009864153180803
449989 0.009659630529811749
450205 0.022093347824919816
007857 -0.009954636486383565
340687 0.010227610818859754
450508 0.039605962087356845
448018 -0.008106319640628374
127896 0.04838250997649112
127836 -0.04079262687399806
128703 -0.10505831861879507
449635 0.03627043703591117
127743 0.017057487832370433
008301 0.10301302053343803
450214 0.01614692363563753
448189 -0.0730102445090881
129699 0.04097653307121408
007773 -0.024076909971752738
006402 0.08797895864689306
448603 0.06251355547073506
450490 0.01413256191265375
450415 0.030187673118724192
233109 0.0007594499963396781
341032 0.0764793438675701
234795 -0.02497539097298872
449749 -0.028304919360975823
006201 -0.0576187807416159
449620 0.0955099281366727
127962 0.05131819605834871
129519 0.016942961247348023
233976 -0.08489048014242183
128505 0.024921836182595476
233874 0.10866025975754627
006231 -0.03636587002500234
127584 0.07261211923541773
007599 0.1516825664097156
342841 0.11196615646836405
448555 0.0251250780893024
448810 -0.00956961887854117
129456 -0.005492422876180245
341548 0.03630452391565189
006423 0.17268344199636418
449098 0.01235135149450851
128808 -0.05903445037173106
128073 0.07167492992190456
127719 -0.0013282644401573552
234378 0.07090077612515967
235113 -0.021170617839892266
340678 0.02888993614926386
129123 -0.04467511429357782
007422 -0.027463847943584186
235329 0.06746356986760083
449422 0.04846352932257054
449899 0.05923932455681065
127866 0.07675451669054886
448552 0.02205829960959298
341551 0.030449245100247234
449878 0.016522049866394727
341500 0.02551670099949271
449704 -0.01225831316894734
129249 0.0688761622580121
006066 0.11995799517390705
450034 0.03111264026190064
234768 -0.04626554380509522
341596 0.03218551304044911
340498 -0.03672734537610302
007860 -0.010023204882939658
006594 -0.01612589380762599
449719 0.007624903781440428
129462 -0.003841242784143564
235335 0.08293095983941022
233466 0.1210729372871443
006102 -0.05436057874685738
448483 0.04121172790804868
342679 -0.02190777299635724
340267 -0.031091497547048572
450310 0.04420829540960366
006348 0.07599094987555399
449011 0.03097753352769508
005748 0.023604967306902903
449686 -0.012995440296284
127278 0.07031109850242656
233295 0.021897429158214965
127203 -0.03713976111059932
128337 0.08681174363301974
232977 0.09160317262030838
005676 0.18769000825427828
449461 0.0312816176845771
450586 0.0010557861549447618
340462 0.14869930304866089
448519 0.06750667681815796
340663 0.022206719763088772
128211 0.06742302261950725
006930 -0.06971611569983692
127158 0.12158681052722793
448336 0.04381692097409323
342595 0.12014103727675828
232842 -0.03972805140670343
128757 0.04690237086088885
129630 0.03534854213671644
129549 0.14169277088378482
450373 0.04178887835585429
006531 0.00825103038833255
127101 -0.015772335338495903
129639 0.08563183576382354
007950 -0.07482388526774218
450160 0.03893151789468737
235167 -0.04358117168415708
449332 0.004385369151135398
127041 0.08226549310028237
341338 0.0456631871196688
449053 0.07707048502074995
235305 0.11273822491131132
006129 -0.05573514593680991
340312 -0.024724343762552437
448738 0.06969837013364417
127722 -0.01656549693768386
449119 0.016424296282635108
127998 0.16051930680206483
127149 0.07285046832902091
007542 0.07001737285476978
234426 0.012951341571760446
449980 0.007795359457563399
450118 0.04725297927444781
127968 -0.06323217527284869
342166 0.0038116647768553754
341608 0.033456230458398274
006846 0.11170037197910881
235404 0.019401839273691476
448960 0.01806418966786858
233163 0.017837578072712648
341440 0.0493139080131634
129528 0.07878437732117825
128484 0.019226385065019634
006168 -0.05680749464067942
006267 0.1360286784690664
