342947 nan
020222 nan
429512 nan
431009 nan
022226 -0.00807467177341314
021560 nan
112725 nan
235528 nan
236779 nan
114870 nan
237058 -0.01578558058965774
342674 nan
342404 nan
343283 nan
021449 nan
022148 nan
342968 nan
430202 -0.024777561899215456
342587 nan
234868 0.09885232410733662
237514 0.010901182248689089
020084 nan
430148 nan
341018 -0.10708870645128926
113778 -0.033384522413137684
428321 0.016053582568074598
236968 0.05146379551396758
342740 0.08125229991933028
429269 nan
342761 nan
235666 nan
022211 nan
235279 0.03881900840335422
234625 0.08057450129296385
113883 0.12593769648718456
237190 0.07189146677652995
019940 nan
020714 0.13804743498090713
342362 nan
428537 -0.11711937254300116
235852 0.18255522206404162
237142 0.17114299693435586
235333 nan
236956 0.11965734356052272
113244 -0.04432524084249584
019970 nan
429311 nan
113745 0.09422960172818916
113793 -0.04577682510254875
341306 nan
236332 -0.09554593268435559
234634 0.026731698564232007
112602 -0.0542466445746704
114369 nan
022391 nan
236773 nan
236494 nan
021359 0.15857442674182712
430004 nan
236191 0.11599973995218832
430793 0.00703047996475583
236545 nan
021407 0.17932139654008167
114954 nan
237532 0.04292837060992028
112938 nan
021830 nan
429296 nan
236110 nan
237064 0.14057826779596927
430865 nan
342413 nan
112683 0.08835729720100523
430301 0.07374667364453513
429197 0.15101449956338875
115005 nan
236689 0.0975691576798757
430049 nan
021425 0.19058778118384398
114270 -0.10551887711668326
114651 nan
020264 nan
235807 0.18629300556485615
113301 nan
430073 nan
114951 nan
429302 0.07498427147283276
343130 -0.07498338470778373
430688 -0.1698796868812316
341726 -0.06510842792571538
429188 0.16847787016914004
235453 -0.1897720343971498
428915 0.11107946371103261
113871 nan
022202 0.10749020652165489
113844 -0.20105494170629679
430037 nan
113760 0.08521984483553394
236473 -0.09697872407085878
235855 0.18990203144268594
429845 nan
431156 0.17985899107796804
236815 nan
429587 nan
430274 nan
430991 nan
236854 nan
113292 nan
020669 -0.07583465525712917
235513 nan
236326 -0.09278316751899633
341492 -0.11860269591921851
428927 nan
022046 nan
431069 0.1849391816154359
343220 nan
236761 nan
341759 nan
343133 -0.10795761447325365
235906 0.19016094476878118
428996 0.056506656465076265
237490 0.0670744242665542
022292 0.03500312945199391
430328 -0.17387869244530085
428411 0.10241791255890376
429464 nan
113913 -0.0937227822106982
113454 nan
429824 nan
114423 -0.1478375624096583
114738 nan
342533 nan
021983 nan
021377 0.11329422177086053
430076 nan
430913 0.17897166038046078
019913 nan
430064 nan
428723 nan
114582 0.0679694414138794
022094 nan
235003 nan
429995 nan
430778 0.1371285084106913
343034 0.023577085450864912
428621 nan
113223 0.06222976389385405
430409 nan
341144 nan
341069 nan
234607 0.13512765698962742
343157 -0.1505315407622914
236959 0.1215333628636459
022157 nan
113355 -0.18446708188065356
237502 0.039693100237972526
237301 0.0024852601308671257
430898 nan
342287 0.1266075910624463
113070 0.14156455337685883
237010 0.1342028339493632
114783 nan
113103 0.1277067396375868
341570 -0.16520434488689173
428870 nan
112638 -0.004079363081190329
237463 0.16025737542954702
428318 -0.15774323667185033
113739 0.11001582770605713
430349 nan
430931 0.178924864814395
020378 -0.21810424601169698
021326 nan
020072 nan
343352 -0.002211469961992787
020189 nan
021674 0.13598694188942295
429542 nan
341627 nan
020417 -0.08977361340613982
236581 nan
114387 nan
234958 0.11809665059286452
021632 nan
428786 nan
022820 -0.05268657445228337
021581 nan
342341 0.05288043539360086
020825 -0.21686552152972466
431021 0.1968206980871776
431246 nan
235594 0.14306150163922993
342374 nan
343229 -0.22713692226107157
234736 nan
343190 0.0442150914900307
237580 -0.009365561462583997
431090 0.18792804176845246
114756 nan
021611 0.051185177116797716
021329 0.07933506424173767
020756 -0.20335877093057783
343259 nan
429680 nan
022547 0.13026616232735772
342770 nan
022556 0.1406420601738824
020474 -0.07356216262821633
020015 nan
235009 nan
022400 0.059260399253280076
429737 nan
428894 nan
236140 0.18953857126162035
237256 0.04656475284112193
429638 nan
020120 nan
428330 -0.08147641273042242
020285 nan
020792 -0.21211787043845634
022262 nan
236764 nan
236560 nan
343040 -0.013081340941171797
236746 nan
115098 nan
430121 nan
237031 nan
113676 0.12834178076850045
112911 nan
342263 -0.018262833489312062
237070 0.14920149757748558
235450 -0.1651189470071397
021785 nan
020936 nan
236593 nan
430859 nan
115002 nan
020735 -0.09828511116996645
114408 nan
020543 -0.05955820860247352
430505 nan
113319 nan
430271 nan
342752 -0.007225126028060913
430391 nan
021554 nan
114882 nan
019925 nan
428630 nan
021014 nan
236728 nan
020894 0.17516024150545637
342728 nan
236638 0.07436817600613549
429692 nan
428393 -0.04365849697356649
020252 nan
429779 nan
235525 nan
235462 nan
112500 nan
021320 0.11502741632007418
022154 nan
237349 -0.03417458453014107
428348 -0.18130413552366018
112923 nan
236944 0.10424711460224187
237496 0.05843269681632375
020408 -0.20842427187829682
343301 nan
430424 nan
235129 nan
236107 nan
021245 -0.12170645942678951
237481 0.08301898032899888
020399 -0.20858856922515595
112527 nan
429491 nan
237118 0.1421791523221939
341471 -0.11467820879012819
236413 -0.0006920360383533293
341390 0.12617352841392396
430415 nan
236821 nan
428906 0.07613727442901534
342731 nan
429875 nan
343325 nan
237238 0.05447903512016175
021068 0.07098163702549078
236515 -0.22808850356955931
020228 nan
021488 0.17030205802311973
342551 nan
235846 0.17406624650198316
022805 0.056196458067900856
428651 0.021388555960680438
341174 0.008807330906224186
342776 nan
429554 nan
236896 nan
020276 nan
236512 -0.23500531330049482
429041 0.06805667432770283
020933 nan
342749 0.0016785920268357396
429935 -0.033082730922368055
430934 0.17852733627198236
429497 nan
235303 0.14322328416128005
343112 -0.12280993770315662
429992 nan
022160 nan
113775 -0.03678337481743531
235801 nan
236452 -0.15100484872233777
021743 -0.2283161641747544
235777 0.19429172788347518
430439 nan
112893 0.17711642431834387
021545 0.037041731882708054
342053 0.00519590548759089
430907 0.17971573935614693
020342 -0.21261032709082253
430832 nan
236998 -0.14073250930862446
341984 nan
430544 nan
113667 nan
236161 0.17693049625308233
021212 nan
342878 nan
022607 0.1253233372219025
341624 nan
020000 nan
112632 -0.18320780254545665
021032 nan
112560 nan
237526 0.033201962756065885
114984 nan
020138 nan
235678 nan
020582 -0.20374799359584442
237283 -0.1966800751730573
236212 0.05811778412384241
428375 -0.1079375063056192
020069 nan
236032 0.20198534708174448
113250 -0.10250649386021676
020705 0.10010719215218142
235522 nan
236521 0.1220567264254131
343232 -0.22960228768606034
236575 nan
341687 0.0888514097045068
022427 0.08204289769369458
429782 nan
343331 0.12926496210552396
342440 0.0864524488095884
113751 0.10805745768168616
237478 -0.02728374643263474
020537 nan
430154 nan
020945 0.04431369553347564
235492 nan
341543 nan
234907 nan
431099 0.20024814807548721
019928 nan
022193 nan
234856 -0.14943296568734307
235123 nan
341930 0.15356391649397594
429266 nan
342398 nan
236962 0.12110057569849979
428624 nan
236014 0.1989222869040474
114456 nan
235744 0.11770399146609838
112593 0.01442987987888269
235987 -0.17068791589198712
430091 nan
022808 0.04408813260850453
237472 0.09261172136116207
431294 0.11770839505381399
020597 nan
430946 0.17888185713026256
114123 nan
112965 nan
114687 nan
236365 -0.058652756989064116
341039 0.05260935157695144
114990 nan
428867 nan
114315 -0.17910570523608652
112551 nan
237277 -0.13888039397480997
113154 0.02454909722821242
235972 -0.02116091707495719
021836 nan
020768 -0.21276995771212087
341528 -0.11614972826034303
235351 0.11138324510483515
341081 nan
022286 0.008175759776502116
021962 nan
430874 0.19653124430822946
113202 -0.0880313293577336
114915 nan
429335 nan
021842 nan
343187 0.04744557227662888
021284 nan
020777 -0.2107963354864415
429602 nan
430169 nan
342344 0.04245925052857502
341240 -0.152351772424803
237598 -0.12537055298317146
020771 -0.21177847582594794
342011 0.07713145598802977
341951 0.06417176736094964
021737 -0.1947378451082887
021002 nan
342824 nan
113805 -0.15733146359467967
020513 nan
021845 0.07691823111640082
020384 nan
341504 -0.11829316426837255
428447 -0.05189186624748997
341423 nan
237352 -0.05901846729717099
234904 nan
430730 nan
020738 -0.1936342716217041
342221 nan
342356 nan
022334 nan
429029 0.07072642321669506
020657 nan
341735 nan
115113 nan
342800 nan
341690 0.056969161512990474
341147 nan
341663 nan
021344 0.11736390776284608
237208 0.15821331855060772
431324 -0.09843707663904011
236098 0.20320605474805076
341366 -0.12688484599447655
341324 0.1393618167392791
114906 nan
341342 0.03522850424696357
343223 -0.18301349216037324
429959 nan
341996 0.10400495831928555
113031 0.11909361491127618
112740 0.1136656796175336
114969 nan
342464 nan
236416 0.014740195175375838
341798 -0.20291229140108583
234793 nan
114288 -0.07821521085804467
020741 -0.18731773292625345
021668 0.15301043394381408
112470 -0.02144748678428641
342797 nan
342569 nan
235006 nan
343544 nan
343037 -0.03003228888777788
428468 0.05453341570165422
430925 0.17876206297551056
342620 nan
341348 -0.09353628875507039
429200 0.13350373033493285
430400 nan
235438 -0.019216735779293004
428366 -0.18220316055852329
430112 nan
115020 nan
021683 0.10838726756854451
343535 0.07836008828783791
237151 0.12101485573635744
020219 nan
431207 0.18117723243722697
113727 0.09442660400686649
235489 nan
342233 -0.20307534081595283
343457 nan
021299 nan
236686 0.07131247671823654
114153 nan
022175 0.15967595388018896
343280 nan
235870 0.19778858491130014
237433 0.16059034589737178
020786 -0.21114260893860404
020261 nan
237124 0.16588029911909155
019994 nan
430820 0.19660231423756436
114300 -0.04884137988033175
342524 nan
237457 nan
112413 nan
114054 nan
114684 nan
343520 0.08413841610863097
020192 nan
236812 nan
428438 -0.1537313641403378
021716 -0.06071191733076367
341612 nan
020915 -0.08081207784567387
022346 nan
113685 0.11062540326799666
236245 -0.09989354685323901
021218 nan
235120 nan
430457 nan
341444 nan
342002 0.12602768560283223
431036 0.1848764293408268
428852 nan
021995 nan
113064 0.1375275415087503
022604 nan
342200 -0.07171595948083061
430985 nan
114777 nan
343547 nan
341567 -0.15871648460175553
020717 0.14953951103977425
113640 nan
430799 -0.0525404345482603
112908 0.1030010495867048
235804 nan
429974 nan
342707 nan
237268 -0.0023504616643385927
236590 0.1501933601167467
429941 -0.10500068894850643
113769 -0.03541129768257271
342584 nan
020063 nan
236176 0.05247410250957919
234622 0.09576438638058078
428843 nan
020801 -0.21307986411558172
020414 -0.1607268005695004
237517 -0.0037839829780813078
235396 -0.07315928122353932
429896 nan
428423 nan
429962 nan
343142 -0.08492034218659117
342110 -0.24257090446720136
430877 0.19814876778415905
236929 0.032432179461155876
112782 nan
021710 0.004579642573658491
429485 nan
021134 nan
237232 0.10097618485921794
114789 nan
428633 nan
341789 -0.11035371352335344
428918 nan
236320 -0.07693753138919025
341360 -0.00023076135075769777
430916 0.17849216115177355
114678 nan
020861 nan
236386 -0.1689820749636215
431063 0.1857497556314192
020852 -0.1183746996380034
021380 0.107490210165913
341114 0.02578254540761312
431225 0.16667548633196438
343019 0.02933143717902047
341432 0.17598651704334078
236518 nan
021806 nan
114516 nan
431174 0.18001078707831247
236293 0.1284108271254013
237343 0.0138332035175707
113046 0.13869712466285342
340973 -0.18672134005834184
429233 -0.07837337127228051
235822 0.1992834762290672
113034 0.12171507411532931
430679 -0.06261623616743799
428636 nan
115014 nan
021251 -0.03644248657433321
234619 0.10251465644785966
428474 0.08367778195275201
020774 -0.21114372828650094
342851 nan
237436 0.15986330134183985
020288 nan
429713 nan
428450 -0.026838254012360407
021404 0.18862501477438307
021290 nan
343499 0.08265820508280759
113865 nan
235954 0.09771477574049824
428441 -0.11686774230057421
341711 -0.21622293346863486
341186 -0.09899330405583456
342212 0.000508585059608037
343211 -0.1662284319310864
112695 0.054932823382988175
342131 nan
020420 -0.0892281737919017
430172 nan
430142 nan
114912 nan
115092 nan
430568 nan
342923 nan
112587 nan
342590 nan
429632 nan
343241 -0.2272907438732329
236260 -0.12960131485061835
115089 nan
235234 nan
236938 0.0817731065409524
021257 nan
342935 nan
235315 0.0820893048483228
019889 nan
234874 0.13156837046251516
235816 0.1967267662129074
431252 0.046745884040045364
020531 0.029764502136795615
429245 -0.1978092539212821
343145 -0.07563254009021234
342899 -0.07974667019314235
021539 0.05664214759907395
429170 nan
236434 0.05200936383400915
429866 nan
113079 0.13710179404606895
342725 nan
429149 nan
431054 0.18585390767092427
429065 -0.047000008572859714
341699 -0.03872884498186098
430253 0.20029520610022167
234769 nan
236917 -0.010622300168193835
235861 0.19571944378337272
236377 -0.11726987780040425
341780 -0.018421002481349563
020102 nan
113412 nan
341987 nan
114978 nan
236227 -0.08164839140214156
114468 nan
114798 nan
022832 -0.16283115711840954
430103 nan
021071 0.04320143697255835
235672 nan
020942 0.032736108932660254
020204 nan
021074 0.009831618649979387
235372 0.012114187142044576
237595 -0.11675152197697222
113169 -0.12938751534573617
234871 0.12468465926155212
020495 0.07612190616119698
113742 0.11958838568793405
115131 nan
430433 nan
235546 -0.010397014902213078
020732 nan
020699 nan
236209 0.07635711996463422
235345 0.1434661307662883
342032 -0.07580105725132885
237289 -0.21768474345456953
021302 0.06733085995628721
237538 0.036777690271661466
021395 0.1683856099581172
237340 0.03691502583360275
236362 -0.05324400681151169
112461 -0.10146508878394518
112554 nan
429893 0.1667859541676032
342755 -0.01650278025834018
431348 -0.0666992555797836
236758 nan
020951 0.09223712203849076
021101 -0.160455518145552
235018 0.13697027213989743
236791 nan
342335 0.07354157655614106
431390 -0.08292691396664256
430337 nan
428306 -0.17130299754054779
113109 0.1356505136641245
236860 -0.1393064653116559
021599 0.04976183674322865
342830 nan
342644 0.11668812420117049
115188 0.10550957255893283
431306 0.0488252366451149
020291 nan
236524 nan
430511 nan
343472 0.10284494823879667
237181 nan
343502 0.08361018082452198
112752 nan
115428 nan
431210 0.18520890795995318
235624 -0.05502581156713733
429044 0.055169282676771736
020369 -0.21262326013474242
114372 nan
235990 -0.18962981569543186
020489 0.13527883694015122
020225 nan
342713 nan
021875 nan
021491 0.16692495346069336
236872 -0.02044114801618788
341546 nan
235498 nan
236068 0.20075681285252647
113025 0.13425387528838303
429449 nan
021476 0.13629932792819277
342653 0.10403541823002938
234763 nan
020141 0.12929436949645584
115407 nan
022067 nan
430571 nan
429392 nan
341696 -0.004701009133374946
343010 0.0406755321240299
342656 nan
235144 nan
429224 0.013479206695492902
341876 -0.1624427973685971
430427 nan
429635 nan
021365 0.0872932026625941
235444 -0.08844371003936961
342815 nan
235519 nan
342431 0.11773068333922622
342452 0.059951256011709156
021254 -0.008680336908650004
342803 nan
021851 nan
235885 0.19586182721888395
236401 0.11599210443950836
429719 nan
431234 0.1363653215039678
237136 0.17007606370108466
112455 -0.16790382779194205
342659 nan
429518 nan
430892 nan
342473 nan
342035 -0.17359876286079828
234862 nan
021884 nan
022205 0.11252533821832567
237322 0.1312284747128764
235249 0.04979685677422417
343007 0.03894421961400416
430460 nan
021887 nan
112701 0.0201063230669573
020021 nan
430145 nan
114735 nan
235537 -0.16251256824779456
430871 0.1993838315287595
021248 -0.061068152083831574
113232 0.025383052425860277
113691 -0.05279980843747061
236011 0.20113386237432088
343307 nan
114708 nan
235567 nan
341078 nan
341849 nan
234826 0.046609100127883975
343043 -0.036146629284158446
021026 nan
430886 0.19685638367183625
114987 nan
430697 -0.21723018121467066
114648 nan
237211 0.14729650058443583
341579 -0.15401024693600882
022553 -0.13956446667613956
342323 -0.1616526601614556
020300 -0.06657375391919056
428726 nan
428378 -0.0708325533639817
428510 0.07621369711936465
113265 -0.14842980150714494
430466 nan
342152 nan
342542 nan
341966 nan
021677 0.13097487035251798
021332 0.13057692088778056
341714 -0.2252072364255993
430757 0.16821159310892325
234748 nan
342671 nan
113799 -0.08633147064709255
431120 nan
235213 nan
236680 nan
342008 0.061534884294955364
429524 nan
341519 -0.11726608352055626
113067 0.13610179840572298
342422 0.12957879853627038
237055 nan
021401 0.16245188486008416
341489 -0.11671247936430432
343511 0.08396142248123412
428420 nan
431321 -0.04693283962008741
113178 -0.030449404287590548
343391 nan
235507 nan
341678 -0.2069378773126344
235036 -0.2233192530468868
431024 0.18884766566288935
020711 0.12578988109660186
235555 0.08164380140290804
022016 nan
342239 -0.18695281716176665
341921 0.12470284646068913
237562 0.0174706326590644
429926 0.038435641133251985
236737 nan
341654 -0.045652086772615945
342974 -0.18485127807294247
113664 nan
343199 -0.05042738911938449
341657 -0.06697963532947358
237337 0.05431381993823582
429620 nan
431003 0.19676573062069203
342998 0.08944414532373822
235495 nan
022640 0.057486176028243234
431081 0.1854451461777745
113868 nan
235417 0.04013898111945527
428465 0.05553495187446984
341447 0.1242049807593936
428912 0.11147892733156937
114042 nan
237205 0.16776263740868252
234616 0.11470249579066322
341999 0.12024347636164448
430928 0.17815749910142684
430421 nan
114933 -0.22295435051483872
235240 0.015590399718731858
342047 -0.018371142815697652
235081 nan
429299 0.042619571664165745
234838 -0.0958387625814212
021527 0.0840230613523657
022196 0.10329151802322493
341765 0.09372879020751469
235780 0.19403746165926494
234961 0.06063493546985445
236023 0.20032878653713004
342386 nan
114471 nan
430007 nan
236752 nan
342425 0.1281014576790825
020906 nan
430025 nan
020024 nan
115023 nan
235312 0.096918564139705
237178 -0.00448334153997835
020816 -0.21297739422510542
021647 nan
341483 -0.11617937542143322
020762 -0.2084850104397567
235762 0.19463617839510478
022019 nan
429854 nan
235306 0.13677510524552966
430526 nan
235942 0.14951606717689958
236884 nan
113523 nan
236830 nan
428930 nan
343490 0.0839384983456324
113205 -0.1199092809097234
020345 -0.2182495564362973
235960 0.06005499201247531
021260 nan
234628 0.06678970775907002
430187 0.07277364579458086
020666 -0.08742127910492911
430841 0.19602182176378036
430247 nan
429662 nan
430367 nan
342743 0.06607124120049586
429971 nan
429965 nan
020372 -0.21273787738067176
236614 nan
430079 nan
236554 nan
429104 nan
235225 nan
429431 nan
429443 nan
236782 nan
235723 0.19396585484661122
428717 -0.22810545421781994
235357 0.06479487672520144
112749 0.045595244080030996
235984 -0.1413935174476204
020171 -0.04028111732631959
021947 nan
236584 nan
343091 -0.15078883713010757
236776 nan
429806 nan
341582 -0.15791351158015746
235099 nan
237292 -0.22126723511401805
430787 0.09941501520117933
113175 0.005844659024703842
431279 0.09284225989779751
341615 nan
020642 nan
021827 nan
020702 0.08260373179874723
020897 nan
428801 nan
341330 0.1321711553983702
429641 nan
342206 -0.04263356365087665
341552 -0.12772405715215773
020834 -0.20113452275594076
342122 nan
112953 nan
021869 nan
112914 nan
429002 0.021444889997679087
113823 -0.10568607830680732
430163 nan
020426 -0.09524424623663
235630 -0.13312624126206501
019964 nan
430256 nan
236407 0.027675115242206238
343541 0.06904030098486198
342995 0.024436693120292143
237505 0.022883101115151055
113835 0.06062073956744694
114813 nan
235327 -0.08058506701172902
430562 nan
236122 0.18654771471780446
114771 nan
235021 nan
428645 0.051826074955955384
428879 nan
341513 -0.11663602647327241
022613 0.11029393332345144
342827 nan
342272 0.10110193909971622
236617 0.08346621952359638
020354 -0.21944546321081737
114732 nan
341873 -0.17392693646777155
021479 0.18209705655536954
115068 nan
236026 0.1990315033864613
428855 nan
235072 nan
235771 0.19439073424700917
428840 nan
343127 -0.07672216400267586
342044 -0.21165327322151928
343505 0.0824409843121887
429551 nan
428387 -0.0238790446100169
112662 nan
112806 0.12058773747196903
234631 0.054535055511933064
235105 nan
020843 -0.18669762687077596
020810 -0.2119535491580055
113295 nan
113703 -0.10546932065641726
430115 nan
429629 nan
431111 nan
113856 nan
113715 -0.2169804327071659
428426 nan
235147 nan
342167 nan
342734 nan
020729 -0.09494491859718605
021461 0.10490942682538713
237559 -0.022313180518528774
113085 0.13651377814156668
342893 nan
341180 0.013683968458045908
342572 nan
429887 nan
236188 -0.16436515885326836
115176 nan
428657 -0.14527188134571864
342359 nan
428372 -0.14043199357304686
342914 nan
113226 0.042726778125652176
235399 -0.021635943041486926
430283 nan
431360 -0.1539163073278502
429704 nan
343400 0.08715155389573839
342953 nan
113181 -0.0659675158161276
428354 -0.21696588963255853
343184 0.0875344318639082
235069 nan
341858 nan
428507 0.0881693907065186
342836 nan
342164 nan
341717 -0.013627850820147802
343271 nan
429422 nan
022403 nan
113796 -0.07409450376699109
342611 nan
429428 nan
343088 -0.1588633975194415
429308 nan
428573 nan
020663 nan
234808 0.09801424571446012
430910 0.17792777914218802
236866 -0.07758078756500911
021104 0.04638068584087485
235591 nan
020327 nan
429281 nan
235324 -0.021848303931100026
237568 0.046370656381676395
021833 nan
341354 -0.20091040053335174
341183 -0.058505094550216685
429743 nan
022007 nan
235915 0.18397541147060492
022100 nan
021977 nan
113952 nan
021419 0.1889621341039264
236437 0.025129667252351103
237316 nan
020177 -0.044489205267423955
430046 nan
237304 0.1284730976851529
342074 -0.17801741715721056
236137 0.19107742525822996
236287 0.10472884178161623
235216 nan
112962 nan
237331 0.1145966951809232
236317 -0.06769199837825814
431222 0.1611842014559605
429371 0.09931306990366133
021671 0.1448677759321909
431231 0.1440008803019448
112680 0.1222127034760867
022409 0.07472066147617562
342779 nan
341906 0.06432094629206714
112536 nan
020465 -0.17183788852280216
235597 0.1276765031879451
114291 -0.06580091417265832
431219 0.16081897238442172
341429 nan
341510 -0.11798489283001612
342722 nan
112581 nan
237379 0.18108551085941374
020174 -0.04156754850271737
020180 -0.04906823051968865
342284 0.12552950117323133
341903 0.044508331704280694
342305 0.05401233875707829
113166 -0.10516455487763988
020363 -0.19511484721350292
430703 nan
236734 nan
342113 nan
428873 nan
237013 0.017865215029035295
113880 nan
234973 nan
236443 -0.0065338004939732046
429023 0.09179028253706674
020333 -0.2062637512646024
114981 nan
341105 nan
021050 0.09396753830163658
235963 0.043911780494681286
342329 0.09179442553293138
343058 -0.0473021068510525
235966 0.027623670664376793
341099 nan
341417 nan
113538 nan
429593 nan
020660 nan
113049 0.12613029631357345
429404 nan
342794 nan
431357 -0.14754806201052642
115077 nan
341648 nan
342389 nan
431315 -0.010613756346633068
342932 nan
429695 nan
429869 nan
236248 -0.08940628772532498
428654 -0.08473814123972563
235789 0.1961412581186446
429467 nan
022130 nan
428627 nan
236674 nan
235786 0.19494261060442242
343094 -0.15405058386122503
430184 0.09343090511503672
341357 -0.20175700526154994
343484 0.08252251640198723
234895 0.05307226332407149
022118 nan
342059 -0.038557193877678066
020483 0.11930090485426485
235948 0.12590655447944762
429128 nan
113439 nan
428531 0.09019545800999887
430733 nan
429374 nan
236224 -0.04871176763689811
114945 nan
112596 -0.025766667500807965
430331 -0.19696893237885976
112653 -0.0015548650549833103
021053 0.12351318680759751
021422 0.19032179211813305
236275 -0.18445306080332158
343478 0.09064148692129878
021941 nan
022748 nan
343337 0.10826262670849998
428477 nan
022091 nan
341753 -0.14032824077303446
019988 nan
341927 0.14257400515882193
112608 -0.01655883050104331
020306 nan
429791 nan
431363 -0.16464951922446433
342488 nan
429005 0.0154997423547041
113811 -0.15319676687117337
430523 nan
429920 0.08255776580499143
431126 0.15860702229194898
020147 0.12245439347766696
342308 0.049999160147737275
022316 nan
430919 0.1784582112832044
428555 -0.09099850755519968
020522 nan
236218 0.012841109101830272
020438 -0.08019866481261545
341024 -0.042872004488329875
020846 -0.18187131937484297
115017 nan
113043 0.11658081824547038
430373 nan
020156 nan
428444 -0.07894758157735575
022013 nan
235063 -0.15384998018779453
429119 -0.14697892325265066
235696 nan
237388 0.18037244504090968
235474 0.004728117052616367
428396 -0.0841425791619316
020627 nan
020312 -0.09411336505223834
022058 nan
021233 nan
234781 nan
112872 nan
428513 0.08255415213261241
236305 -0.10130633698069574
112926 nan
237571 0.04376801726131891
429584 nan
114747 nan
343013 0.03162306566087027
112467 -0.04384274223223836
114195 nan
235702 0.18847075530460905
114360 nan
343268 0.16405286864628868
342917 nan
429530 nan
341669 -0.198709836081853
114462 -0.12930876868111746
236905 -0.1283048194623629
235153 nan
236500 -0.1771968598228423
114795 nan
022331 nan
341153 0.18585957421196833
112512 nan
022181 nan
343529 0.08148783350747729
113394 nan
342866 0.018603829950102242
022232 nan
429578 nan
428849 nan
022085 nan
020093 nan
236743 nan
431006 nan
021311 nan
237439 0.14955466670334022
022310 0.10721548146040982
236941 0.09577764283273374
021092 -0.17960410793802042
236485 -0.15877414494874803
022028 nan
428846 nan
342416 nan
234796 nan
343025 -0.012213162328831104
429734 nan
235711 0.18080479455372644
020105 nan
021839 nan
342155 nan
429347 -0.1654830069555789
237484 0.04508455386237492
020114 nan
020282 nan
430574 nan
236470 -0.06297235590473452
341045 0.07581995663781835
020486 0.13692267357356963
430856 nan
021584 nan
113733 0.14367676953200004
114297 -0.058623024199788015
343103 -0.142908278269586
236923 0.02543660454859389
020840 -0.19053912551052618
342050 0.02504252155910489
235774 0.19378000844723334
343496 0.08199621382213773
237547 0.04384505240615728
341666 nan
429560 nan
342578 nan
341975 nan
113829 -0.03921570812365028
113901 0.021446470533098495
020402 -0.20734416219082247
235441 -0.05152476465698851
342647 0.11178400887383357
114375 nan
235189 nan
341507 -0.11871796941000318
341801 -0.21835431922860699
020990 nan
113697 0.06926560169029003
021971 nan
341795 -0.18169288803084785
236695 -0.035767597605887574
429803 nan
235606 0.08920252030718033
341819 nan
431258 0.15082197001414932
021929 nan
236851 nan
430469 nan
021035 nan
112644 nan
342890 nan
430031 nan
342806 nan
020006 nan
235582 0.19984365644909086
236458 -0.13949374474087087
115191 -0.18191914323484515
431198 0.1766071265516908
113073 0.1432195585601184
236149 0.18513797533834905
429050 0.04441285473318359
114615 nan
429473 nan
236035 0.19963731502829338
342767 nan
022070 nan
342017 -0.023160029235550546
021503 0.06633456720074189
235363 0.03503730273661249
428897 0.050590757339719745
113082 0.14082233867948019
428543 -0.14636894795084338
114681 nan
431000 0.1967009539326663
429566 nan
341531 -0.11653888036334326
020054 nan
430379 nan
114972 nan
429386 nan
114774 nan
341978 nan
342944 nan
113763 0.09269214484477852
429359 nan
113985 -0.06679288438969351
428759 -0.11974249561974164
430805 -0.13210288222749242
236806 nan
235909 0.18255303398011224
020873 0.09013549793154026
020564 -0.10644273590623286
020492 0.1334521539971598
114333 nan
431213 0.19434543964273535
429314 nan
112995 nan
342479 nan
428948 nan
020186 nan
236719 nan
430706 nan
430493 nan
429323 nan
430952 0.17888991374397614
429032 0.06399593201894609
429194 0.15173747804429796
430250 nan
237241 0.0722699281170484
341402 -0.14667562789142602
115146 nan
021224 nan
114801 nan
021542 0.04585489167107476
236827 nan
343247 -0.23000450739784847
341861 nan
341273 nan
341633 nan
429191 nan
113229 0.03148575464884439
341003 -0.20208505794290707
237037 nan
113061 nan
021920 nan
236266 -0.16602196689980023
429293 -0.08115267658990527
021041 nan
235921 0.19460364750453404
237487 0.07410382348094867
343085 -0.15313073311452385
343289 nan
430226 nan
114663 nan
020216 nan
341465 -0.18616115696183613
430322 -0.10930045337633752
342086 -0.15699127558199663
112971 nan
021638 0.2029581524076916
021950 nan
115179 nan
021890 nan
431129 0.15794215126643105
341048 0.08913180184742761
020573 -0.15873502171228798
429509 nan
342380 nan
112584 0.11481024821599325
021524 0.07850416879805308
430175 0.13070525063408744
235264 0.10953601579817517
429035 0.08675448518050345
428480 -0.06874983651297434
431180 0.18110693257952493
341573 -0.1642595805240897
235879 0.20042376480405294
342515 nan
235585 0.18390904658685917
021065 0.09438058970466492
020690 nan
235111 nan
020978 nan
341363 -0.039111545026437496
236338 -0.1377742983900579
342071 -0.17608055444240872
115371 nan
342539 nan
428732 nan
429665 nan
430715 nan
430565 nan
112950 nan
021593 0.014745152606324965
022076 nan
112947 nan
341228 -0.011337141350750287
021914 nan
342785 nan
235717 0.1698435526045542
431060 0.18513259433564688
234817 0.07118148143394566
113946 nan
236671 nan
342347 nan
020879 0.11770289646830535
430769 0.13200252558909306
115053 nan
430844 0.1963030913519481
429797 nan
021263 -0.03862502839830187
236869 -0.04435446769051661
237475 0.07140284411761225
430094 nan
430241 nan
021062 0.10351589596460735
236887 nan
342470 nan
428804 nan
428339 -0.06221220093849895
341177 -0.006559622350823943
021107 0.010079733352589895
342437 0.10963510836243
114381 nan
114639 nan
114690 nan
113289 0.10062408825707814
235114 nan
430238 nan
112869 nan
021578 nan
020048 nan
428408 0.09222357613699776
429548 nan
342863 0.0316173308110111
430721 nan
235891 0.1966270094826108
430508 nan
235753 0.19448096159273986
343082 -0.14715782147103956
112641 nan
428300 -0.19002331789208468
020837 -0.19777359578614875
021713 -0.03472221200428312
430742 0.188359710905287
342833 nan
112620 -0.08141412341734555
235186 nan
113748 0.11595471249993192
341972 0.1752145567899028
020552 -0.07820404162482611
428522 0.06529649669947686
115074 nan
113280 nan
429647 nan
114198 nan
342023 0.08775198432593659
342161 nan
234880 0.11277805055890765
342842 nan
429947 -0.17253203567876382
429248 -0.21215412464547667
112905 0.11110781336587572
430496 nan
235501 nan
430118 nan
428738 nan
237187 0.039945125579833984
341549 -0.11998866853259858
235747 0.19418797164997725
112398 -0.1766590488101087
114378 nan
430097 nan
020117 nan
428639 0.13048792415195037
021020 nan
114312 -0.12403406723343431
430772 0.16192444695366753
236269 -0.18018874184762573
341159 -0.23657893306110236
021908 nan
431138 0.19160564362056673
429710 nan
343148 -0.08544805209194001
020360 -0.19923718283155112
429155 nan
430835 nan
236005 0.20040087893316144
237334 0.10157881312900119
343205 -0.12264245018667104
021533 0.06782479456492832
429167 nan
237382 0.18072061084565663
343226 -0.18623087898133295
113655 nan
343070 -0.14115281563739543
235429 -0.1450805615811121
430472 nan
430922 0.17842153266624172
113304 nan
342485 nan
021110 -0.05708054194374689
429017 0.058551036113153695
431339 0.017721973791923987
236104 nan
341165 0.04586671212362865
114879 nan
429674 nan
430889 0.19912444220648873
341786 -0.07247580081697493
020744 -0.1911853185336356
342134 nan
236017 0.20051025743244075
342125 nan
112647 nan
020003 nan
114633 nan
235330 -0.12247251592231996
020912 -0.08620265831693935
428552 0.0667166032488384
020591 nan
021602 0.07276453694338521
430166 nan
430943 0.17881465661012125
020321 nan
342029 0.03432324286602458
021440 0.18798912896050346
429857 nan
236935 0.05113958722069151
342971 nan
112686 0.11654373956105066
342128 nan
112791 nan
341630 nan
235957 0.08279497487835152
235825 nan
020144 0.1240130433895318
235849 0.1779555182338031
343277 nan
113361 0.0962323915390741
237034 nan
429728 nan
113328 nan
430850 0.19524896063772187
429350 -0.1602294326098868
431240 nan
430358 nan
343460 nan
428921 nan
431261 0.11899374336882787
341672 0.0613372405790568
020819 -0.21523885740690246
341495 -0.1171402098640563
428702 nan
112656 0.04252878635648697
341384 nan
236818 nan
343433 0.07399891167090683
237076 0.16607611015360194
429317 nan
112521 nan
114762 nan
236404 0.04597289915438052
341252 -0.19963281747858175
021665 0.1530995217580644
020396 -0.20852038257881994
114921 nan
236920 0.0014498620121567336
113784 -0.03914045053363213
112515 nan
235096 nan
020876 0.1061454994091089
235543 -0.08941794818881538
020126 nan
114666 nan
234772 nan
236335 -0.08935943561622957
112443 nan
236788 nan
236344 -0.1250666909456544
112626 -0.15514956047547995
429113 -0.09454355164179726
021881 nan
236449 -0.12968387717538163
235693 nan
342692 nan
429209 -0.13710491834914665
020828 -0.2164519222589621
019967 nan
341057 nan
022679 -0.2062432528634411
430010 nan
020135 nan
341435 0.1754712251128343
021353 0.13325852439517066
235075 nan
341387 0.14502054547506668
341084 nan
430958 0.17780913247002497
021965 nan
236755 nan
342986 nan
342677 nan
341777 0.006239616891904692
020042 nan
020753 -0.21166733484419561
236053 0.17428170509306506
236398 0.06585990882514554
429731 nan
429356 -0.08049207667194347
341810 nan
235675 nan
429008 0.019250292406613734
430217 nan
236251 -0.0843813825128319
022031 nan
237016 nan
343196 -0.011243757987326219
236488 -0.17068417332753413
020858 nan
236086 0.20274820176381914
236239 -0.12474364623345166
236047 0.19143524775429377
428540 -0.14015368712693144
341117 nan
115125 nan
428729 nan
341225 -0.07359445749664961
234757 nan
236290 0.1206235480146343
429458 nan
112473 0.00034473639316659764
234901 nan
429440 nan
341129 -0.028400554858818258
236740 nan
235714 0.16735358821466415
022214 0.09419185207003639
428861 nan
429716 nan
236857 -0.14639711581840717
235687 nan
235726 0.18635255902532546
342056 -0.015714493832846944
021635 nan
115356 nan
235759 0.19434176719167665
342608 nan
341891 -0.04247198549421187
112485 0.07417581100312491
021998 nan
022811 0.12987961553683067
114975 nan
428741 nan
022109 nan
020630 nan
236668 nan
114306 -0.048624273510656846
112989 nan
022583 nan
430838 nan
019916 0.08319140237475199
429749 nan
236626 -0.11875962075733004
431150 0.1821348581995283
113313 nan
429833 nan
237067 0.12867620861719525
020615 nan
114486 nan
342224 nan
429623 nan
430997 0.19886081180875265
431354 -0.12484041898119377
112665 0.027992354498969182
235309 0.1117708523807202
342119 nan
020357 -0.2171439701987253
235558 0.1003239561641027
021563 nan
236497 -0.1434385057479616
235375 -0.08001534599553904
235549 0.00854357603996519
341087 nan
428390 -0.04274242618910423
342506 nan
112590 -0.09684011442221097
113022 0.07794421035329073
342596 nan
237001 0.14838085288093203
430442 nan
431042 0.18593975450626754
430739 nan
236428 0.0879133874949152
114642 nan
430220 nan
428528 0.09468552549049337
341162 0.042317212972425876
021902 nan
429320 nan
431159 0.18032104366428253
237259 -0.1495430572936524
021266 0.044905718041475494
237148 0.1219184262411935
112518 nan
342236 -0.19381243929841352
341639 nan
235237 nan
431171 0.17864819935389928
022022 nan
020681 nan
430502 nan
342812 nan
342491 nan
022337 0.04181377471439422
022691 nan
021980 nan
429437 nan
236185 -0.12965046560533042
235414 0.12073594047909691
428582 nan
235783 0.19475734423077296
020039 nan
234733 nan
115041 nan
342617 nan
428483 0.04362489685179695
343217 nan
430862 nan
237226 0.1133424342042506
237175 nan
236134 0.19174537375470155
430700 nan
020972 0.1725638991310483
112734 0.15388749137757315
236368 -0.039968319904846956
341885 -0.12398417563294914
114009 -0.15268522463056192
113841 -0.24280006784353203
428774 nan
235765 0.1946305648359672
234790 nan
430058 nan
342455 0.058965867597370665
342605 nan
113010 0.1731296039762951
430181 0.11139073447575645
429677 nan
113502 nan
020966 0.15482775077292446
236947 0.11161520798418839
343295 nan
235228 nan
428768 nan
341438 nan
236296 0.14465349672478195
022166 nan
429185 0.16783969742911203
430517 nan
020999 nan
237550 0.045368090053387426
235243 0.019587597609106916
113904 0.0044261770445661736
113718 -0.14993042354880376
112575 nan
112533 nan
021575 nan
021227 nan
236281 0.09413126915220231
235705 0.18266679706607125
113781 -0.028398901771685577
341171 0.04443140959793748
022145 nan
234613 0.12422392245322939
236284 0.0975215374922552
342290 nan
234832 -0.004420897756574375
429917 0.09447968027158599
429683 nan
431255 0.19216996904403444
114741 0.1445816584995815
235627 -0.08942872336167655
020981 nan
430811 -0.19748364987415526
235690 nan
113886 0.12884524187533494
429419 nan
022079 nan
237319 0.14637332492404515
234805 0.10876633185275474
114924 nan
022115 nan
235834 0.17065765744163877
429881 0.1886981964111328
114435 -0.17809638720368248
236431 0.06925700851578831
020813 -0.21161855339373228
020336 -0.20938616158099255
021338 0.06375147217795962
430883 0.17567372195935124
429656 nan
113136 0.038564746071692226
021944 nan
021956 nan
430136 nan
237196 nan
112710 -0.1954890235458112
113001 0.19931442018539186
113037 0.1066505890043955
428936 nan
020468 -0.149527667165273
112731 -0.2155695334485427
428495 -0.04505302913890837
236557 nan
430040 nan
342623 nan
430676 -0.030715495821029417
430973 nan
236113 0.18445228395007907
342635 0.12758595602852957
431216 0.17571463509211466
022127 nan
022190 nan
430961 0.17783166744090895
431270 0.14286459505168442
342848 nan
236926 0.039183214107848856
429929 0.016963016196570587
235087 nan
429842 nan
431393 -0.027665871353933013
429899 0.1509464354742141
341498 -0.11692856985425192
431033 0.18376041997677434
235405 -0.15466086358079745
021878 -0.15583695305718315
019976 nan
341063 nan
430418 nan
430055 nan
429644 nan
430229 nan
342638 0.1265286844243448
342467 nan
021656 nan
235267 0.13703355443180282
430430 nan
341090 nan
430139 nan
430019 nan
237544 0.020841545030885467
021548 0.04060014074393099
343154 -0.15471514332371555
022415 nan
114162 nan
237325 0.13555699933773627
430205 -0.057989757843118495
022814 0.07233476779358186
022106 nan
237460 -0.04341510363987514
430034 nan
022412 0.0982516606648763
341651 nan
430190 0.05144234687562973
342887 -0.07950097795516725
112494 0.10004682894106265
112920 nan
020297 -0.0662292396414748
429860 nan
431165 0.17980027577233695
234640 -0.0410619774102624
234910 nan
343397 0.10425662615942577
019961 nan
428858 nan
236170 0.09830589385259718
342383 nan
235660 nan
114669 nan
342599 nan
021413 0.17861299782591133
112788 nan
429230 -0.04167132236870575
020213 nan
020948 0.06926180433343958
114414 nan
114384 nan
235663 nan
236620 nan
342962 nan
430577 nan
021617 0.08099004789214496
342041 -0.2042405561999087
236533 0.01888769568589629
429278 nan
114702 nan
236152 0.1807929894465418
236716 nan
112890 0.18297528463696677
021509 0.113961851442015
020153 nan
237265 -0.1255189702452347
341618 nan
342941 nan
236077 0.20209956926012798
115011 nan
341207 -0.03854512590316295
112623 -0.12152842763182405
235918 0.19427130562918526
341525 -0.11553121748424712
429338 nan
342293 0.10809170578072129
115167 nan
430193 0.03483814852578299
021905 nan
022073 nan
112698 0.014354316724671258
020516 nan
114618 nan
341843 nan
341636 nan
114705 nan
022139 nan
235768 0.19429282536582343
429107 nan
115101 nan
112569 nan
235552 0.06751168400085598
236065 0.19974996713824283
021485 0.17458174612516716
113535 nan
430286 nan
342641 0.1109819046403996
235510 nan
429818 nan
430133 nan
236194 0.13766407088342275
235000 nan
021719 -0.08861581154865789
342014 0.03981043022566161
430499 nan
342908 -0.07971069547865126
341372 -0.21578863598051526
430397 nan
429353 -0.09553164183491408
430043 nan
343424 nan
342977 0.1469656853448777
430829 nan
020081 nan
341345 -0.026474311550869618
430691 -0.1915957869797643
021296 nan
236257 -0.11104983170412498
020348 -0.21928861252821336
341897 0.000576103495781945
020618 nan
341882 -0.14249692873237957
341534 nan
341399 -0.035651894653735514
022838 -0.003642660510062449
236203 0.11217378988223062
237427 0.1718366192341692
429776 nan
236125 0.18823190560018208
235423 -0.1050076978881152
429341 nan
237172 nan
113247 -0.07489146476700193
112659 0.10339907237461636
342860 nan
022112 nan
113133 0.01643485344456437
236314 -0.07068060983157326
430994 0.1838143787686787
236167 0.13174436068294024
234829 0.02793034411203887
342821 nan
115026 nan
237022 0.020480965811108785
019904 nan
236908 -0.09828876773776052
237217 0.12787465551813174
429932 -0.010179054368607882
431093 0.1846185678861388
341813 nan
021287 nan
114366 nan
113712 -0.20969028326406638
235657 nan
342686 nan
021095 -0.16437324754897598
115056 nan
113118 0.03581352724509985
341738 0.03981977606576585
021005 nan
021437 0.18055069333031065
021722 -0.12764055644959085
114282 -0.0890299711638297
430070 nan
235408 -0.19247754561207284
342197 -0.08596936715517008
235366 0.054458728553724765
429452 nan
234775 nan
020309 nan
235819 0.19806293673526135
234892 0.06521956125895183
342083 -0.14893764582037589
020159 0.032459499198438484
021455 0.1521886976938399
236410 0.029021127072591628
343448 nan
237073 0.13548898381530924
342788 nan
428810 nan
114201 nan
341396 0.041443934860339586
343334 nan
428783 nan
114327 nan
112539 nan
343466 nan
021653 nan
236551 nan
236611 -0.2186426972502837
020636 nan
428561 -0.051198623798511644
112959 nan
113340 nan
112611 0.002184973291552721
021356 0.09064419077049873
022169 nan
341141 nan
236953 0.11255030177888414
020111 nan
429143 nan
341135 nan
236863 -0.11154723770881303
341072 nan
112614 -0.0187206062777289
236602 0.05137646225304289
343487 0.08366616566975911
342530 nan
342695 nan
234841 -0.13851950375069363
236089 0.20369386672973633
022817 0.005804231315305381
112917 nan
235141 0.13871395777142237
113802 -0.11244525946393759
236041 0.193614916466261
341744 -0.1103815199836852
430724 nan
237523 0.018874061280402584
235996 0.198224885919837
021707 -0.03668403603226976
114930 -0.19408080403046093
020150 nan
429767 nan
236050 0.18557926460548685
234787 0.21370381652993498
342314 -0.03360939930849358
020558 -0.09739999980716915
020993 nan
342278 nan
236479 -0.1353537482222726
341771 0.039343249230157765
430538 nan
430901 nan
343418 -0.1718691456985155
235321 0.0021034684195115334
343049 -0.06814482403390203
429707 nan
431123 nan
429884 0.1876757611673345
114390 nan
021221 nan
341054 nan
236971 0.04658483989133036
113688 0.0012102581205822173
112572 nan
114672 nan
022187 0.12415259830535404
428885 nan
341336 0.08258053164563411
115119 nan
114351 nan
236095 0.20319433060903397
429701 nan
430082 nan
114570 nan
342563 nan
021443 nan
235798 nan
341501 -0.11747117269606817
020366 -0.19130807200436872
429848 nan
428648 0.07743745834108384
234922 nan
237028 nan
235858 0.19541961427718874
342098 -0.2068520025053596
113820 -0.04873663202866753
020270 nan
430760 nan
430487 nan
021080 -0.03829398719722002
235639 nan
020930 nan
022418 nan
234739 nan
235273 0.08129374854037075
020804 -0.2112240000797117
234673 nan
021398 0.16370803086215227
114711 nan
343463 nan
431201 0.17931688221451503
235297 0.16397305140419613
342716 nan
021044 nan
020609 nan
342626 nan
342065 -0.11489741263908088
019958 nan
022796 nan
115095 nan
021059 0.09723216930484556
235945 0.12524556219147742
113274 nan
236146 0.18628287290139176
341642 nan
430244 nan
236977 0.026895647374992695
341675 -0.20397685410140395
430262 nan
022178 0.14119632092733234
429221 0.06035699995737228
020579 -0.2017728659334083
019919 nan
341420 nan
113112 nan
020708 0.11228546263679626
430964 0.17793549620915972
341150 nan
021809 nan
235381 -0.048863941071525446
341816 nan
234646 -0.17099212908401573
237499 0.04467928463639586
115107 nan
428432 -0.19057501033271027
429953 -0.20691427697075743
236482 -0.13771970956298735
431141 0.1917352146572537
236911 -0.04174612257215712
021416 0.19018222793700204
235261 0.1025149162063733
113571 -0.14265655369379326
021521 0.07947213309151785
343262 nan
115062 nan
234823 0.05762098015014113
114330 nan
022622 0.07423005387896583
235993 0.19866582256718976
429407 nan
022340 nan
342182 -0.18021947702613036
429758 nan
113964 nan
343151 -0.1276194872462038
020162 0.030115903369964114
235837 0.16722371843126085
020129 nan
022217 0.07663371070982918
341441 0.1591212387257963
428888 nan
429305 0.08322669135199653
113160 -0.031126213127793637
112629 -0.17483896475397537
431012 nan
113310 nan
342476 nan
341762 nan
429500 nan
112545 nan
234712 nan
235486 nan
114060 nan
021452 nan
430388 nan
020249 nan
429809 nan
343475 0.09596129718010658
021077 -0.004747958626606566
429671 nan
112992 nan
430535 nan
237115 0.1425415887719109
237220 0.14209184192475818
342698 nan
429521 nan
112491 0.0886465935480027
021023 nan
236677 nan
429722 nan
235840 0.17646635146368117
429080 -0.18382659791007874
430751 nan
114552 nan
022244 nan
235642 nan
236374 -0.10090182207811173
431372 -0.14999382275493203
430823 nan
429698 nan
236932 0.03849479611989912
236116 0.18305564368212665
113724 0.11143753538916122
341120 0.007082659100729322
429686 nan
236083 0.20313637849515076
429236 -0.11852289964562651
237604 -0.11277506461624656
235348 0.13489298473922232
235876 0.20008971733428071
237286 -0.20912341790665268
429020 0.06419771463692595
343493 0.08320274807157971
236569 nan
430406 nan
020882 0.13450024413512038
237169 0.12775488895937778
022229 nan
114714 nan
341351 -0.16038420424040956
021371 0.10592505603871018
112542 nan
341807 nan
342419 nan
022295 0.05062159205239917
430259 nan
235420 -0.01152661290328549
342782 nan
021029 nan
234604 0.10503010585825279
114810 nan
236302 0.13156093815827313
021308 nan
342020 -0.053799550646827336
431027 0.1856418458242265
429611 nan
021482 0.17844852568611266
114888 nan
114066 nan
237430 0.16412152487134177
341750 0.1153896390175333
235231 nan
114303 -0.04275906767163958
343169 -0.047649350025756564
020240 nan
237004 0.14931941410851857
112956 nan
237541 0.04462161693654225
236143 0.18721038739807053
020954 0.1049749892511409
237244 0.03663788022908494
342137 nan
236071 0.20156569707961308
236647 -0.18278223436209126
021587 0.005778553681972223
114276 -0.10343479498838767
020198 nan
428369 -0.17265055541713178
341462 -0.09856210409108203
236206 0.09181515988489036
342791 nan
237400 0.18007972397231192
020849 -0.11898376828148252
236461 -0.1372325244546332
428336 -0.09802506119235972
234730 nan
235894 0.19686026463853412
430295 nan
429461 nan
429923 0.061439288470996244
342668 nan
235741 0.1400181448228355
430955 0.179561134909286
236848 nan
429284 nan
429590 nan
428579 nan
431084 0.18276709061360957
235897 0.19681531096261645
237139 0.14171919963257115
341912 0.086038044899229
431378 -0.11943077746732735
020012 nan
235951 0.10843118031819662
236731 nan
113124 0.03941875933484116
342149 nan
113406 nan
020765 -0.2107995538574588
113052 0.12429005607726082
341855 nan
429377 nan
114723 nan
235066 nan
342926 -0.08041400758046953
429914 0.11369440374761242
113910 -0.06637401142097936
022103 nan
237160 nan
429425 nan
428414 0.10413701950557648
341108 nan
021854 nan
236182 -0.04941584524654207
236770 nan
430298 0.09263274783179873
237121 0.1656228057921879
342317 -0.08506532621580666
343439 0.05310575545780243
019931 nan
113481 nan
429479 nan
020480 0.0973389927506347
113145 0.07113989194234213
237592 -0.11866027269310886
341981 nan
431162 0.18195389036148313
113211 -0.15582654001010585
428546 -0.15993105613638947
020987 nan
022001 nan
020303 nan
429332 nan
429902 0.14856144050499062
021725 -0.1546980025644235
022043 nan
113859 nan
114900 nan
342704 nan
235360 0.06399863251799147
113709 -0.18202875598597826
237391 0.18138296642000712
112779 nan
113298 nan
342401 nan
113391 nan
429956 -0.21965980313532477
237397 0.1799991244361514
020570 -0.1453702033512176
236530 0.050251619697706584
021569 nan
112503 nan
234610 0.1363446824266357
237097 0.13487500866884908
020231 nan
021659 nan
236596 0.12756911156669495
237157 -0.16960408952501085
236155 0.17797158614933842
430748 nan
022247 nan
020822 -0.2143557063458787
022802 0.10429265595827994
342875 -0.07935819171723865
429239 -0.15382240322755658
019955 nan
428456 0.012476419050947608
428924 nan
019922 nan
021986 nan
021230 nan
114339 nan
113028 0.1368397898684824
428435 -0.1808834992186257
341333 0.11396818894606373
021497 0.07189478793298214
431177 0.18497976493009755
021113 -0.10892607794179544
430814 -0.21458907638277328
431057 0.18516451618658802
113892 nan
428999 0.06931607901644543
342350 nan
237250 -0.014595227192541242
342566 nan
236389 -0.12508005155793392
430151 nan
429251 nan
343022 -0.025878449990635828
114597 -0.14457807352477656
428492 nan
113256 -0.13562809604998816
020075 nan
021824 nan
431183 0.17918034331508417
430784 0.13769971453954302
430478 nan
430781 0.13827676899218685
021458 nan
430109 nan
235912 0.17685128555816856
237355 -0.09397623918814772
235150 nan
236446 -0.0649910444946908
020885 0.1441710136493324
114075 0.143497557867141
237145 0.14863474974556573
343238 -0.22872266315278553
234715 nan
114894 nan
428660 -0.1775580926855009
342191 -0.1414361442434235
343079 -0.15504453289338846
020726 -0.08835345412057544
430445 nan
342185 -0.17346101424539853
429164 nan
237091 0.13484694591905702
022082 nan
236029 0.19979488640500787
235882 0.1958531235891675
431030 0.18206634102286873
113325 nan
235288 0.1496524327549451
343106 -0.13659066195032782
113721 -0.08601696449413634
112497 nan
341540 nan
022136 nan
234835 -0.03972970779577493
114432 -0.15627570646483688
430061 nan
236425 -0.08491099126472826
431396 -0.06358051848790001
343097 -0.14103197384673544
430808 -0.16818684279316604
428684 nan
430085 nan
237454 nan
428558 -0.15652996143966755
020747 -0.18710996822915588
236965 0.07603349486126702
234799 nan
430727 nan
430547 nan
428471 0.050532662564599214
342101 -0.2113468304370568
022220 0.05425302414667038
341222 -0.023670901760222417
429131 nan
343454 nan
343046 -0.036214299933620235
235516 nan
236101 nan
234916 nan
020891 0.16438822934277167
429812 nan
342959 nan
113013 nan
429986 nan
429755 nan
342173 nan
022751 nan
428309 -0.12509238681813548
235645 nan
235102 nan
114720 nan
021086 -0.12015922860707946
234853 -0.1489638485395509
341702 -0.08658804550669552
235729 0.17873169923685148
341210 -0.06423053609634068
114576 0.10885598419835328
342302 0.04481104712367328
342215 0.0027005882490248904
429527 nan
342614 nan
022037 nan
429179 nan
113826 -0.1228010970874686
021650 nan
429494 nan
342512 nan
428405 0.07864739311543985
341123 -0.0018914540608723958
235384 -0.10188862509818981
115122 nan
235750 0.19387289077516587
342038 -0.2029541626229887
431186 0.17777327986621352
020672 -0.09524167530120366
021494 nan
341474 -0.11731508043077257
113241 -0.0186147065389724
236311 -0.05858363548951334
431108 nan
343304 nan
342203 -0.03131077494462071
113850 nan
429989 nan
234847 -0.1756859419546721
113220 0.07687974381609029
236278 -0.10953992889040992
428942 nan
237166 0.12273186729067849
112875 nan
429263 nan
341588 -0.1018751525859499
113253 -0.12358913340975988
020510 nan
341561 -0.17983728257848514
430364 nan
022184 nan
428831 nan
021662 0.1563744620671348
429569 nan
342005 0.1246420254783025
429977 nan
020621 nan
113682 0.12238078394894876
343067 -0.11865129447602606
429158 nan
236566 nan
429401 nan
022121 nan
235981 -0.0973235770317407
342251 -0.10300442089940723
430346 nan
429905 nan
114573 0.13116894827948677
430559 nan
429539 nan
429536 nan
429827 nan
021551 0.09754758356920445
236476 -0.12874712764490748
430382 nan
020864 0.0369411142491759
022142 nan
115140 nan
430319 -0.06428588382781499
428345 -0.09501997360857743
020237 nan
430709 nan
114345 nan
114909 nan
114996 nan
342326 0.099147671744937
428384 0.0049420458262040175
236392 -0.06508223444673096
021470 0.06725931167602539
429068 -0.11252562186074634
430130 nan
236350 -0.06938756591910854
021767 nan
342938 nan
343193 0.003972002115076104
021848 nan
428315 -0.1360177592678073
020201 nan
020528 0.03087836112024563
429650 nan
020330 -0.20472308567592076
429122 nan
022793 0.051139159177346204
430967 nan
429173 0.1881240208943685
343442 0.05863217365594558
430712 nan
429740 nan
019952 nan
021515 0.10777607985905238
342818 nan
430199 -0.003279239412338014
237271 -0.05617886602382991
112983 nan
022643 0.04108268759898798
021893 nan
113895 0.08795983794791702
341804 nan
113091 0.13572116125197636
021239 -0.10609569246806795
022328 nan
428891 0.04085393557472835
429830 nan
235045 nan
343451 nan
430685 -0.1382451815327639
237154 0.11417873322017609
114660 nan
428519 0.07210039017692445
021959 nan
343181 0.08329708794257178
430481 nan
113337 nan
342983 0.16856976647495953
235873 0.19935848236083983
020267 nan
430880 0.19627722482832652
430982 nan
341915 0.10124417174911192
429596 nan
429503 nan
343004 0.05814069712243112
428789 nan
020477 0.01981529205564468
019979 nan
341453 0.0876275307286984
342719 nan
112395 -0.17381291818133948
342902 nan
113268 -0.11244827676314283
235732 0.1821069090274456
430436 nan
112668 0.13816041795034256
430235 nan
237607 -0.10583868869265219
428813 0.15897049979558067
237367 -0.19253265199403083
020519 nan
342545 nan
113358 -0.08868524206366574
431153 0.17859165950863642
430106 nan
429368 0.07917274858882559
022610 0.14453676011827257
115032 nan
429140 nan
430370 nan
429773 nan
022034 nan
431072 0.18599401504274396
430403 nan
235600 0.12734685120759184
237508 -0.0028088027928151204
112929 nan
235927 0.18530707384543443
113610 0.09686864452597536
341708 -0.19689769303432697
236254 -0.09324505683086833
234889 nan
341864 nan
021506 0.1172294742846615
236467 -0.030801614858038413
113994 -0.060169182063410515
431387 -0.08202705323380767
020693 0.019347998452565025
112977 nan
235477 0.023061111517985823
020900 nan
021926 nan
113163 -0.05210164592824841
234865 nan
020390 -0.20790359687973373
236158 0.178721466602682
114918 nan
236995 -0.1734320698025391
341480 nan
114417 nan
021347 0.15190658872089688
429488 nan
341516 -0.11673106844463045
114549 nan
236440 0.004544266931395183
020444 -0.0765570528624749
020651 nan
237520 0.02315809970982319
020381 -0.1834398110707601
430277 nan
235735 0.1557688697936043
112704 -0.02089781411970505
341408 -0.2314162430939851
234985 nan
342989 -0.0111185116401715
428909 0.08195260498258802
021899 nan
343163 0.03258975191054001
114960 nan
430895 nan
020108 nan
113121 0.022007877808050986
113694 0.09303952049423049
115044 nan
342260 -0.04016177785034995
112803 0.1387755757286435
115047 nan
020585 -0.20468000924383747
342242 -0.17416746431108635
342527 nan
236299 0.1428487293864614
236353 -0.03022760257214618
429557 nan
430745 0.18871401010457078
234943 -0.24437335180857825
235090 nan
430937 0.17869421900535112
020561 -0.10482931288461836
236881 nan
020405 -0.20926029614880814
429257 nan
113286 0.10588784444899786
341234 -0.08084568359574655
236242 -0.12000185790229381
237193 nan
429605 nan
020435 -0.09391350208532788
235342 0.15072535380484564
341732 nan
429476 nan
342650 0.1072635397078499
428327 -0.08115167238154258
342245 -0.1683829451728948
022799 0.05639431211683485
021989 nan
020090 nan
113673 0.12934531862773593
021269 nan
021812 nan
236323 -0.08300302964889074
343061 -0.05447527690539285
114465 0.0922735399670071
237130 0.13040632444714745
114426 -0.14551949300685849
112902 nan
237313 0.14628071860661582
237577 -0.007853109369833008
430001 nan
020471 -0.1398893423801409
430802 -0.08762308214076611
020411 -0.19488064457868406
114336 nan
429788 nan
342311 0.0004201231324968655
429062 -0.011589616879147634
020789 -0.21198564724832727
020258 nan
342320 -0.1157312242681583
237295 -0.22588954653058735
429863 nan
429785 nan
114765 nan
021911 nan
236992 -0.1424528959566954
021866 nan
114816 nan
235456 -0.2042959607564486
113334 nan
020459 -0.16593451207352314
235564 nan
428462 0.04019953662125522
342689 nan
428792 0.15225026721046084
020165 0.03137727328220881
343076 -0.1466766877169999
430313 -0.008693269320896695
021038 0.10554850795281627
112674 nan
114555 nan
343469 nan
341066 nan
020960 0.13476829753432346
236329 -0.09610629894675962
020234 nan
429815 nan
236644 -0.06806887651980406
237307 0.11402412024334836
020687 nan
342443 0.08670406587540158
341216 -0.10224229762811467
112446 nan
341468 -0.22855348880545495
114939 nan
341303 nan
342839 nan
021317 nan
429911 0.120632028768933
342170 nan
429395 nan
343016 0.03291171711760683
113817 -0.01009729589484135
235843 0.17531749937269422
236893 nan
019949 nan
342080 -0.1669621654231139
113142 0.023276595987825312
021605 0.08112674531482515
236263 -0.1526828433921278
341102 nan
114027 0.1445582556346106
342980 0.14081805925520638
021704 0.049829571545649674
022313 0.10874074754260836
235795 nan
431369 -0.15499513397614162
021512 0.11481713643149724
430265 nan
236974 -0.004525294221898235
341564 -0.15549902136925559
237589 -0.12512475859623584
236707 -0.19426651606484066
114348 nan
343244 -0.22777254619295634
429380 nan
235426 -0.17467901489289225
114897 nan
114936 -0.23951452086571937
235465 -0.15251916247801658
115134 nan
429614 nan
021641 nan
234727 nan
429026 0.08079668164364541
342116 nan
113322 nan
022355 nan
341576 -0.1607837667914361
430970 nan
342911 -0.07804719985477508
342764 nan
020600 nan
237385 0.1802981603713263
236623 -0.016704599062601723
342518 nan
341900 0.025841309650730372
112677 0.11377184479324907
431048 0.18587330207622874
237223 0.13006907644725982
021863 nan
114168 nan
430214 -0.16629315982247958
430553 nan
235708 0.18180757935284172
430583 nan
428402 -0.056670602342532767
235621 -0.025577316996912475
112452 -0.18822518989036272
237049 0.16215320209880452
237229 0.09727022707327153
430361 nan
112464 -0.06663391005635472
112935 nan
235402 -0.07252301285469454
022574 nan
022637 0.07163425619379052
112458 -0.13167192954344922
236980 -0.042233979604518315
020603 nan
112404 -0.19373244681405996
236539 -0.1356511213977575
343508 0.08351718559466974
430280 nan
343322 0.15294390178862072
020339 -0.21258634315326372
020798 -0.21153583392054104
234754 nan
020750 -0.20235023675141509
020996 nan
022097 nan
343160 -0.12105981460372559
343109 -0.13055132312907114
236875 nan
235084 nan
234745 nan
114867 nan
234643 -0.08097225746500149
114342 nan
343538 0.07431470174638052
341867 nan
342680 nan
236380 -0.1426993243020889
429287 nan
431147 0.1808513787688402
235471 -0.1145550118843423
428762 -0.19716844720766707
113106 0.13338165686874792
022298 0.06787820425824093
430694 -0.20410761881581885
429227 -0.015437304973602295
114744 nan
428744 nan
114294 -0.065758624089458
113139 0.03486091735167849
235459 -0.21618474182435368
237535 0.02719373966691681
236044 0.19333903338830016
022223 0.02716470836962342
234784 nan
428504 nan
341198 0.029054569871458283
235180 nan
341126 nan
429014 0.04629859869652534
342338 0.06364788760403657
021623 0.10639408656529017
237361 -0.17003101408306395
235969 0.003242073866425368
342227 nan
341597 0.004550807502092319
234859 -0.06522386120320206
114993 nan
237553 0.015260379089949365
235378 -0.13207927701549435
020318 -0.09335851669311523
021368 0.08110830399995488
112617 -0.04563094602652186
342371 nan
115029 nan
428498 -0.008742052411276197
431288 0.1287113106439984
342068 -0.15083889511344625
114483 -0.14742368121895352
113559 nan
429116 -0.12752657088022384
429608 nan
429851 nan
236710 -0.22735457950168186
343031 0.025123281919849253
429752 nan
236197 0.13366925941323332
342548 nan
022349 nan
343073 -0.15433079738335068
112692 0.05497164112339995
235435 0.003901575103638664
020654 nan
341405 -0.21391628551501843
236080 0.20099861659700907
341156 -0.2377590126952265
022766 0.08596620357856549
113592 0.03896951774139089
429056 0.023971791768637837
429575 nan
235078 nan
342929 -0.08011969309004527
235615 0.022393535404328667
429563 nan
341477 -0.11845187535361638
429446 nan
342896 nan
021335 0.03858896001936898
021953 nan
114792 nan
022322 0.11425248857528444
022406 0.07789064967443073
113862 nan
020924 -0.09590876940426642
235588 0.18377074457350231
342158 nan
022697 nan
236824 nan
021701 0.013343171123818401
430775 0.16069085466189661
342554 nan
431117 nan
341411 nan
341870 nan
431189 0.18303264959205967
429455 nan
341381 nan
428351 -0.21073804743169142
236653 nan
341747 0.08513847338099059
237556 -0.003121204124667955
021791 nan
235831 nan
234760 nan
021383 0.09908734289942708
342494 nan
429125 nan
430013 nan
343175 -0.18314384943841816
430817 0.19534837631952195
235339 0.15085335383339532
113100 0.13149692898704893
431192 0.1794683024996803
019943 nan
022835 -0.1601589159459598
113730 0.0911259213549653
020246 nan
021446 nan
342710 nan
020678 -0.09666839226213082
236356 -0.04252638004902981
022061 nan
237184 0.057241717737818526
021431 nan
113331 nan
343001 0.0715751095767661
342434 0.11220923983861528
022289 0.023389198391296474
113898 0.08197293158561464
236902 -0.14129343321399085
342869 -0.005295426797940067
343523 0.08235838148328993
430157 nan
341393 0.09194134320321327
236131 0.19005314130631704
022634 0.09582711222177759
429344 nan
237202 0.17601678333585227
235534 nan
431285 0.13466805404757864
021206 nan
428777 nan
237133 -0.018637982625809926
235636 nan
114309 -0.06998993404327876
430208 -0.0953589080412642
428486 -0.18075821891663568
234811 0.07577431330116847
342683 nan
237040 0.14680953219975168
342428 0.1272635315403794
235336 nan
235138 nan
020540 -0.045222009519941646
431078 0.18433991773628894
430316 -0.03347085846794976
341261 -0.21098144558879953
114966 nan
235570 nan
431018 0.19659097358663247
022325 nan
343421 -0.22004672529601488
429206 0.11620437699440715
020051 -0.024234096209208168
113838 0.03131699301368134
021872 nan
235255 0.06126829724252961
343286 0.036443415142240976
235609 0.0615244428947489
342230 nan
431384 -0.0925647560497915
235888 0.19745408542572507
113157 0.0010841613605855006
020393 -0.20858419004571502
430541 nan
112476 0.018522546803244173
235252 0.057270623038335106
341138 -0.033773929353744264
021629 nan
236221 -0.015624397931930673
235810 0.1855457385089954
430211 -0.13353661007351345
237424 0.1765820639474051
235291 0.17426981244768414
114948 nan
235561 nan
429416 nan
429938 -0.06777825669096171
235258 0.10250757989429293
237052 nan
429968 nan
341783 -0.041964566085884634
430394 nan
021626 nan
343235 -0.2281355630783808
430454 nan
114780 nan
020927 -0.09762079753572979
021686 0.09844560551464109
020450 -0.13129967766729084
020606 nan
236809 nan
341111 nan
429770 nan
114624 nan
020447 -0.12192840084969359
115137 nan
430763 0.14905193873814174
428312 -0.12511746744722274
342575 nan
343202 -0.06779512771222956
430100 nan
429983 nan
112557 nan
114411 nan
428429 nan
342353 nan
020555 -0.08470219313496291
112941 nan
020909 nan
114396 nan
428951 nan
342758 nan
429389 nan
236230 -0.10290966549265138
021923 nan
429659 nan
021566 nan
234877 0.11677244882734994
342581 nan
114903 nan
112866 nan
021098 -0.11286920944309019
430949 0.17979377737931926
113184 -0.03894486339577349
113088 0.1372945270841084
020087 nan
342275 0.1247951870872861
114159 nan
234844 -0.1584119945824574
113283 nan
236641 0.010057301748366583
236899 -0.1461147180124491
115065 nan
429134 nan
020432 -0.09188441089546336
019892 nan
236062 0.19758198046810413
341918 0.11152808602285567
342146 nan
237247 0.024281874950939124
237298 0.02180774628169952
343532 0.07958625864099574
114354 nan
428933 nan
236836 nan
431114 nan
342299 0.07719660021550531
341660 -0.09945602644057501
022208 nan
234766 nan
428357 -0.11509218829417088
020888 0.15504143491026354
342881 nan
113127 0.03309716975766849
341621 nan
020624 nan
342107 -0.23164101183041222
235633 -0.16410749468832117
430979 nan
235294 nan
019985 nan
236215 0.03768270570351498
236464 -0.02958942008663444
341276 nan
429038 0.06618255819349
341768 nan
430307 0.03670644760131836
236725 nan
020921 -0.08629324430781428
113238 -0.0002878564165172546
021596 0.03457073142245355
235867 0.19724490078488538
430127 nan
113271 -0.045018115039656526
235285 0.11828279407906443
236536 -0.047344941941518635
235447 -0.12940094708639474
114429 -0.14610785273156046
341729 nan
020255 nan
428399 -0.17618618228218771
022004 nan
342077 -0.16874144491909612
430352 nan
341219 -0.011069493634360179
115080 nan
113757 0.09165837001548241
022841 -0.0013491110413328252
113706 -0.1494986769698915
114363 nan
341705 -0.15503401764599226
020855 nan
021518 0.08911226708212017
430178 nan
113754 0.10007248325035972
341279 nan
114477 nan
021614 0.06938870861416772
236503 -0.20667517946710706
428780 nan
112809 0.08127920631798907
236890 0.10343726476033528
342266 0.006437621530698461
430292 nan
342461 0.023806845613301094
237007 0.14752480037628657
429329 nan
429599 nan
235483 0.07335357438950313
234898 nan
430796 -0.023545918266234197
114696 nan
020453 -0.154372216230427
428516 0.07664864059058026
428714 nan
113097 0.13415360829186818
021209 nan
113766 -0.025682327482435447
341684 -0.22624973852967642
431273 0.13680144639043082
234802 0.06899453344799224
430736 nan
021917 nan
021590 0.013470322415262982
429203 0.13385190120359666
112899 0.14489349486335876
113007 0.1781435345846509
342854 nan
112482 0.051381636233556835
342905 nan
113832 0.043912687849005747
430766 0.14867241528569436
020294 nan
112650 0.016729552909810704
115038 nan
234751 nan
342188 -0.1585118634990914
428549 -0.17557983225435356
021992 nan
021215 nan
343124 -0.07494565260203066
428324 -0.011532820811887987
114726 nan
341993 0.15289623623802545
020210 nan
020195 nan
115128 nan
235699 nan
430490 nan
020375 -0.2168008378166642
115182 nan
021017 nan
235222 nan
020273 nan
429410 nan
429365 0.07091632570539201
020525 0.03166419956959835
235603 0.10738292248611278
342500 nan
020588 -0.20331393516042662
430289 nan
237046 -0.01806473731994629
430355 nan
114717 nan
429839 nan
341195 0.03839504991074288
020456 -0.1683713497643695
235387 -0.13863073500941794
113172 0.017712923448416157
020078 nan
021242 -0.16367549687195979
019991 nan
021089 -0.14455568010615524
341246 -0.20565155334407592
431195 0.1798302754252946
342560 nan
114324 nan
237445 0.1579979969481541
022040 nan
021620 0.08030316564771864
236233 -0.0957709180573646
113148 0.05104081419409898
236692 0.03726937922220381
428900 0.06453293039520663
020099 nan
431045 0.18546124583198909
236506 -0.2228731001856105
430463 nan
341774 0.019415948936998707
341327 0.14678804664556772
342536 nan
114807 nan
430475 nan
113484 nan
236542 -0.09989553910714609
429383 nan
341231 -0.052035437689887144
021557 nan
237442 0.1568189843908533
429137 nan
114654 nan
342458 0.04012789382956196
020324 nan
022343 nan
428798 nan
342449 0.06816699738224978
235171 nan
237601 -0.13884266321947486
341093 nan
429668 nan
020918 -0.08573159786185833
021374 0.11913725717988595
341741 -0.10597474991329132
237214 0.12854167960938956
428876 nan
343274 nan
428576 nan
430385 nan
343052 -0.05339246748616455
430514 nan
430067 nan
342632 nan
112605 -0.09452550947350799
020963 0.14240191306596925
112530 nan
235579 0.18373679736303905
429161 nan
235936 0.16576087546596519
236509 -0.23190683659499253
235117 nan
428459 0.02249106443117535
341459 -0.030578420578487333
113466 nan
114699 nan
237043 0.15476643867954015
020696 0.03250090407316016
235978 -0.056329206263944755
342950 nan
236983 -0.06915047129041411
113058 0.1337804491557772
342746 0.04208148580019166
022394 0.03145844822838193
429482 nan
429794 nan
430223 nan
020429 -0.07947706151107808
021341 0.06338989287399797
236359 -0.04267795014650751
428663 -0.18780332970967062
431039 0.18439478344387478
341894 -0.022332861150615693
020783 -0.21285674590913076
113907 -0.029311080511982723
113553 nan
430529 nan
021473 0.01650344000922309
430334 nan
113208 -0.16411892275872722
429275 nan
022823 -0.09257189591272828
020780 -0.21065211555015675
112743 nan
235573 nan
429272 nan
113367 0.06215227974785699
343166 0.02246558724953036
429074 -0.15005728193276435
342407 nan
429260 nan
115050 nan
236179 0.002907760559566436
114753 nan
020639 nan
236173 0.05521085049175878
235219 nan
342248 -0.1471684932348319
021323 nan
430022 nan
114645 nan
021530 0.07263195119034847
114786 nan
343055 -0.040830645777660636
342281 nan
114873 nan
341237 -0.11260174857245552
235276 0.14021342141287668
341909 0.08029270642745964
342662 nan
341723 nan
429215 0.06612239123652221
430325 -0.14570558336046008
340976 nan
114546 nan
114957 nan
429950 -0.19338707284950368
341969 0.17318459541078596
112566 nan
235651 nan
235669 nan
343139 -0.10707890247713779
112944 nan
237328 0.12466171534374508
114579 nan
020807 -0.21004876420070795
235618 0.004883242031884572
237262 -0.1632071344882272
235738 0.14112438439978836
112506 nan
429053 0.03829693565490657
343298 nan
341879 -0.15196931109084977
021362 0.12122278932541136
021305 0.07492269536174793
429242 -0.18065002118468915
234820 0.06780714902698907
237280 -0.17364441157842875
237358 -0.13107026109241307
429176 0.1876240966001065
237421 0.1791139809542863
019997 nan
431144 0.18083813659146303
020123 nan
429413 nan
343370 -0.2398119862117464
236767 nan
114420 -0.14913330759320942
115059 nan
112863 nan
235531 nan
112797 nan
020957 0.1185071279132177
342509 nan
429572 nan
236395 -0.07724644141222434
022442 -0.1019208451621553
020507 0.1273792584737142
342143 nan
342602 nan
114273 -0.10371364453138211
113019 0.16220867066156297
020984 nan
428795 nan
114522 nan
237019 nan
115008 nan
021467 0.04344440885141593
020045 nan
021278 nan
112986 nan
235300 0.15198135732157447
021788 nan
020567 -0.11460283932502037
114636 nan
341033 0.018753937312534875
342392 nan
429998 nan
235654 nan
115116 nan
113625 0.13578897052341038
020675 nan
429746 nan
235390 -0.12964991962208466
236074 0.20048955670830343
114942 nan
114567 0.15420128050304593
236422 -0.0159583311104024
112578 -0.05493905998411633
020060 -0.1348311257740808
022055 nan
431075 0.1851228336437521
021815 nan
022052 nan
115086 nan
019946 nan
341426 nan
431066 0.1846043981201286
113055 nan
428945 nan
020027 nan
428501 nan
343118 -0.11084954165663606
429152 nan
428363 -0.1446045452182377
234598 0.09312995631042538
114318 -0.2077015950016895
343121 -0.10293384866108969
113130 -0.0003785797639164716
113790 -0.04808849253982463
343436 0.06068549416893584
020633 nan
235933 0.18003524632260492
235480 0.053531690411556865
020870 0.06982170575870679
022172 nan
113787 -0.04435396130413945
113214 0.008676172113742957
235174 nan
342965 nan
429059 0.011180721030398619
342857 nan
430550 nan
430580 nan
430028 nan
431135 0.1559305947924417
113853 nan
021434 0.18604393737025995
235270 0.13290510538587932
115083 nan
114759 nan
236371 -0.057517439205810504
341585 -0.1496897281276617
114876 nan
237511 0.00726376490388827
022676 -0.18926628756449662
112998 nan
020594 nan
342503 nan
341555 -0.11840679532005674
341456 0.03719912658608149
235903 0.19507096305726068
343115 -0.12218834520862629
430310 0.007968817438398088
343514 0.08422812204512338
236059 0.18971939889869666
236599 0.08425314010135712
019934 nan
342365 nan
341201 0.008286996773591397
020969 0.1647864017789326
236722 nan
114279 -0.09664591994445369
021008 nan
020645 nan
114675 nan
429626 nan
429533 nan
430532 nan
429212 -0.004949047992559244
022151 nan
343526 0.08344146372779968
429821 nan
019982 nan
021818 nan
431312 0.02023832920270088
428765 -0.1534867665124318
021200 nan
342209 0.0015286385465285732
021056 0.103909415542764
114459 -0.0795962167164636
428954 0.18968005155129408
112974 nan
341369 -0.20452167502729407
020501 -0.024077932509774528
235813 0.19059028106481848
343265 0.17296099662780762
021410 0.17976718815125695
022628 0.11292128552114614
429878 nan
341537 -0.11933352455260261
236548 nan
341075 nan
236578 nan
236038 0.20162994142562618
020504 -0.02816654564727666
021968 nan
430343 nan
431276 0.09553086398525998
112980 nan
113016 nan
235108 nan
113679 0.12825646324763224
430451 nan
235681 nan
234883 0.0970653976712908
022829 -0.1734090135211036
235924 0.19468114300379677
428990 0.0007590846409873356
342095 -0.19514758603407076
113217 0.08729195051805326
236119 0.1845578048211118
021275 nan
429890 nan
112509 nan
