436067 0.0509955108006583
227743 -0.07272099405644611
020222 0.047642116287557996
229081 -0.0654882815575509
125077 0.062038008320963026
434039 0.037085788234332145
227455 -0.008288420227433495
226843 0.04399804367833265
124990 0.11157538238588217
123736 -0.008160147422237548
332260 0.03894027991628223
124186 0.08470388827607424
228907 -0.055317089119807636
227734 -0.05269469771048403
020084 0.051271350641343395
229303 -0.020821336293365897
124651 0.05573491620444737
228184 -0.038287748925851815
228844 -0.051769285594893126
019016 0.014710072896516211
227476 0.0037232674041143524
018068 0.012853168584971264
332116 0.08651642072279751
332434 0.03271069969960132
229123 -0.04707673571809471
018719 -0.01818969057981299
331105 0.03760257495350534
434012 0.06845120938596327
331405 0.1672643750843796
125260 0.004248693963504869
124603 0.01521774037924512
228496 0.09144939974034315
019124 0.06085971022658628
436034 0.07567581823306603
227764 -0.01842649195262438
226765 0.006130418779609704
436007 0.07407472141483483
434996 0.05862158035183765
434408 0.03127571188659908
017825 -0.02954393626780469
435674 0.12682751168769804
433790 0.06623948716741133
435968 0.041515303902539095
331057 0.010185379680782045
228007 0.017746701954370385
123172 -0.057063818400312265
330793 -0.002149058346343996
018938 0.01132943150395473
018218 0.027712150008985293
125815 -0.046967098802671914
229300 -0.025155079232600113
331852 0.04062022737231452
435788 0.08665120277706118
332827 -0.013849477886233374
124168 0.06782591046535462
434150 -0.05376013481644332
227659 0.025843335747722445
125299 0.04569141756082484
125476 0.03292653917975186
436046 0.07855508943290107
227428 0.007086785863415837
020264 0.06832634751156812
018734 0.0315936497401654
331588 0.07239535837050691
124813 -0.013140204528891716
433757 0.037862766634441984
125329 0.0027255490345950016
229246 0.020924072979990525
124696 0.02949923847609708
123820 -0.0908113171527912
436202 0.011686785087906397
123799 0.03779217908807607
228340 -0.1417150200041246
125677 0.026022163149353923
433736 -0.014733884967882426
124474 0.015530740887029063
124177 0.07292642396735326
435677 0.1212433248315062
227524 -0.003860940778893225
227569 0.03964783327648311
332857 -0.007172876472965934
017690 0.020208313407239015
019574 -0.059120510419941076
332017 0.11117509971548722
331234 -0.003053983342769849
228151 -0.04339727175471174
227335 0.08516228044389332
227683 -0.019847255343504837
017636 -0.05977234542812266
124531 -0.01503831935704787
434906 0.07702837389462043
125491 0.06058581077470576
435554 0.10266892407367231
435632 0.10435144101180473
019292 0.03755216520167764
019796 0.0684873478681822
124540 -0.01019424170107307
226756 -0.004124534110989422
434744 0.011590029009302356
123268 0.07296525300227907
332383 0.003414147523781307
124354 0.09283654905526612
435095 0.004690836751222226
331279 -0.08940719869330088
434480 -0.0003372765325037749
228880 -0.031077113858769087
228799 -0.056865141917468776
228430 0.07104313618631389
434954 0.10933403288379032
330724 -0.057774119710593784
435398 -0.03709969023642422
227245 -0.08021651037817096
330913 -0.04400888762604063
019313 0.04297617461614871
124171 0.062425882005581496
435536 0.10428911150096658
227122 0.07605692481805204
227014 0.064352953325965
123841 -0.0902134258145635
018452 -0.029548146804722668
332662 0.0017809688649803774
330616 0.0315236148970692
227653 0.0138393969609987
226789 0.03325874815087788
434648 0.02134055561721229
019304 0.03965587835846499
229192 0.060209407335497116
331729 -0.017344119467364957
228763 -0.000891265987175087
017981 -0.0015211286119634299
228730 -0.03683527255977636
124003 0.10764194864891641
125695 -0.011055548206329433
125542 0.11791698852186124
435527 0.10650164115928112
227644 0.007988259813006679
123985 0.035428254647254756
436142 0.054319452269199146
228121 0.08265348329643818
123739 0.002896129142903419
228703 0.013630945071703295
436289 0.013846379151810978
330778 -0.04071813370779824
019466 -0.13141196920945344
330733 -0.06802298421754237
436019 0.06858906224344839
435827 0.05157955570914543
434945 0.06454489599032173
018020 -0.011213194946261823
434234 0.10052002943659696
018038 0.062158501545678715
019220 0.1752580159687121
330235 0.15243603063366468
332815 -0.01165582980469217
330715 -0.025479241438436495
229369 -0.056540809746939154
020189 0.07383841839799526
019199 0.1344278704861082
332686 0.004282200607916697
123685 -0.016318481826152736
124024 -0.03219991724268682
332026 0.0942701960133001
125113 0.034887998340428744
018875 -0.015780305025523512
436274 0.010960060323609539
123139 0.0032120733675749407
125197 0.06276435110123574
018893 0.012217794629560842
123211 0.050393729245641665
229243 0.034827080304602145
227257 -0.04499173873110998
018446 0.040197207677932015
124000 0.10586065701882112
019133 0.08203117459666096
227044 0.06163376884717216
124855 -0.01576857904489253
123274 0.06213893657696459
331552 0.0798819448956245
017654 -0.004095893598197546
020015 -0.035012339055593054
436190 0.014468564534142928
020033 -0.0738555921526792
124504 -0.020017325144949052
019487 -0.0594150293971788
331444 0.1615820260758864
020285 0.1170739718756416
435758 0.08812232874050663
125680 0.028511670208046447
330340 0.08172633125770762
018608 -0.0020651540175947547
331738 -0.04269703224060471
434720 0.0028397932885185066
228226 -0.042806685469425815
435308 0.020196697652854485
330904 -0.03788554502506532
330448 -0.040389348669856814
124834 -0.010580122048314638
124381 0.05237505332970476
436160 0.05885136087280225
018689 -0.04265572713370541
435317 0.008645288776116788
434111 0.053601002523180834
017684 0.03869906207642714
436106 0.06637397410216092
123451 0.10863168019239482
434987 0.05962956306137435
123130 0.03896264697337723
124618 0.04520751091166072
124534 -0.015571133986295333
020252 0.030401098678137985
332452 0.03645923651893107
019271 0.0481544057548166
331408 0.1694984559873605
434573 -0.018228839221252065
330838 0.006182005323079024
124516 -0.02173264213871139
228175 -0.03465919520728367
435008 -0.023518712440155833
331450 0.1480031181864776
125134 0.032149640381669814
227140 0.05814327024580783
123382 -0.03350132491624143
228865 -0.06459219333270658
435824 0.05780260696565748
435704 0.11036882532985164
123295 0.026407153209140822
436124 0.05536026226234055
330433 -0.06689510090714222
435038 -0.011035916708069414
331618 0.013377168606932192
017708 0.04312865510215215
227671 0.01044074198539799
123490 0.053857870822479094
123343 0.04328613054732361
330907 -0.03221043832602699
227554 0.04232417879778121
229087 -0.051446810970128244
331372 0.17050379407008887
331285 -0.05825143688319688
434174 0.02321290894590243
434711 0.004615416019215279
229009 0.011312286808607854
017948 -0.024477960653216273
331465 0.1190645277084103
125005 0.12646964358369925
124261 0.12415193297938332
434672 0.006894156264313322
434033 0.02978781714490904
125332 -0.026863765356101004
229141 -0.031925564994233165
123442 0.051101771844903485
331306 -0.00913361875036101
228325 -0.1295991163162125
020276 0.08566217871809152
229405 0.05032914894517529
229039 -0.03657495337074204
229003 -0.017521326298101485
435881 0.07526972350515215
123184 -0.024901577515253612
332392 0.007609166245087255
228940 -0.0659777811828858
434438 0.025286444468454378
123346 0.052808558733537375
229162 0.044260658939978235
228403 0.08464140425283442
123967 0.011749713248866943
228706 -0.0054150824429196965
124735 0.021542522165866895
436250 0.0060038396103463424
330877 -0.052402470288882355
436109 0.06336668031217221
017657 0.01248834956259954
019244 0.12676242000793234
227092 0.008654422281159348
020000 -0.026935679629658527
331720 -0.04241303334381625
123418 -0.007136259946455278
227074 0.010922700557891737
123919 0.1288827665162887
331117 0.042779378288628656
020138 -0.0017259345951585877
331165 -0.02445813726360896
228835 -0.09343332179724317
331681 -0.03125343685064656
330409 -0.04245817603756084
434729 0.01043702355260235
124066 0.0368215200992731
123199 0.01889609838475118
332029 0.03016601319686746
331549 0.08799144182402183
227518 -0.017165419193134843
228271 -0.0086300795652286
123769 -0.004745444311742741
018869 -0.019854072359129244
330649 -0.013018411516148772
125776 -0.03781080684550491
435578 0.08448102113370402
331948 0.11634747453918333
227392 0.08162801385009212
124144 0.048844999769732125
226999 0.07145606610390323
018311 -0.07315423712979098
124738 0.019420541210711878
019412 0.005778955045087723
019928 0.038833935682583816
227077 0.01306808743049252
330853 -0.08985363969103918
018461 -0.024703902657373704
228307 -0.045810577395154754
435140 0.05689946874043841
331987 0.0932571945095864
435164 0.04610629788151493
227980 0.028180227147753745
124159 0.03714490277349976
019619 -0.048178845965673046
330601 0.05506317142388638
227323 0.10148849613723634
125698 -0.022696244142408926
123934 0.10982799118424647
019763 0.008538737688115033
124009 0.03595314209751471
332617 -0.0017333226108317123
331276 -0.07549077492361868
019163 0.1407321269740177
018119 -0.1430707503549801
018065 0.019365380288762984
123364 0.004072116691916145
434009 0.07328316085163594
332398 0.016515022021705055
331891 0.16407016861900414
125353 -0.0899217665325015
228997 -0.06309504906763283
125728 -0.023747437020862353
330193 -0.02924348729149481
125785 -0.08983441566823112
019973 0.004493700408730817
331075 0.044130236325879355
435647 0.1375614992636326
434069 0.08474445369895574
228304 0.011255207228941291
435041 -0.024795465352794383
331954 0.12499631059905954
434177 0.02092261602705284
229090 -0.03816834823771385
123622 0.032001552347513375
018368 -0.018878637798248776
331795 0.030900824910040637
226933 0.06128169234091636
435557 0.10011317535160867
227116 0.07190896132156034
435092 -0.006078994366324037
228082 0.13089786137246967
228535 0.04863813482974049
226753 -0.0050508165773812085
125467 -0.02622176571270453
435374 0.0034865222782002785
433784 0.055279941366168164
436364 -0.060028192835221
435575 0.08445318566875816
017807 -0.04330606480416429
018290 -0.12383505191764764
436049 0.07868642606327152
331189 -0.03835657183182406
229234 0.04598294639858884
124027 -0.037978077605157666
123340 0.03604739875576043
018851 -0.009501095768751352
434735 0.012977231992070381
436229 0.006381929512648968
229021 -0.02275039516412408
434144 -0.026131939358653003
124222 0.07192634096937026
331798 0.024069889392862972
125722 -0.01630770648689612
124876 -0.024810849956073838
124408 0.04451358840799529
018623 -0.017772935067792518
018980 0.19282453400748115
228085 0.12730431276724521
227365 0.1270835833100335
226978 0.07916941070062433
123583 0.09457839911714164
331531 0.12626409497423322
436340 -0.05452531525206244
020219 0.08617266076816175
123853 -0.017099071062186767
330430 -0.06983281337763436
331777 -0.026174325834902167
018698 -0.06686884229213746
123541 0.17178154165902768
433688 -0.02266588540507502
123616 0.011711593815889302
226948 0.07357613085876834
229117 -0.06273135449999348
124693 0.044235855668455684
330880 -0.035324867315026466
123964 0.0116521239505035
227521 -0.01291040816004314
019241 0.14608934646145014
018056 0.03862897403497257
330787 -0.008856875344899939
020261 0.051325435053621346
019994 -0.04236204529205438
330484 0.05140885265855543
433691 -0.0139833455891092
019169 0.13328697301850098
019535 -0.07208554539916452
434714 0.004477326314814319
227101 0.0213058711839456
435905 0.09101360836440953
228397 0.05570800161015169
020192 0.0866398205142961
125599 -0.05929095830604776
228592 0.010456684308064974
434216 0.04831133324230439
124882 -0.02762264767888453
123436 0.026435438183392976
227389 0.07364894941349902
018557 -0.017083383864350175
227908 -0.1095675933790743
229012 0.0362389994526158
228052 0.12500985979040935
125074 0.07044308929218912
125536 0.11737236429966295
229375 -0.029007114048282597
124363 0.06404188676825566
017738 0.041019682298879576
435074 -0.03866542547115852
435626 0.07953258808101174
123214 0.0394068021524269
436328 -0.05374845924249354
331639 -0.026131594384819875
330658 -0.009748828738352405
020279 0.11269003666869772
227023 0.07503463179250401
331210 0.029283665818868626
123256 0.05338367243505843
124444 0.06006141864363731
020063 -0.11130314724212544
124207 0.09505646664317355
228328 -0.13671041617317806
228241 -0.021082654458667163
124714 0.02944162269826398
332833 -0.010673584862529353
124468 0.022621100542567208
124093 0.011438401383031238
330529 0.046033557801543876
330211 -0.003440877125476334
332737 -0.009508199772502427
330961 -0.13060312166912044
018242 -0.08200676716614441
124624 0.0512490287498621
018053 0.0393742110254896
228913 -0.06672555987751765
125263 -0.0007499630906027967
123454 0.12712391110177673
434102 0.06352569056408747
017909 -0.10571717691434789
227680 0.008004985049858098
332188 0.0777810704601428
019205 0.13580017583644413
229072 -0.04391412225313922
331351 0.10063333393502702
330370 -0.044488958752570154
227383 0.07391258329304293
018728 0.030185612139912544
123400 -0.026011324335850017
019694 -0.09480495929926334
124654 0.056464390921726434
435341 -0.0014440541077538685
436052 0.07499598212019636
228289 0.008453295566826906
124423 0.0405017262259669
331534 0.12068767099603955
019253 0.10127360766985928
228817 -0.10508556582635348
330502 0.06547226214489968
332698 0.00214371778527085
332149 0.06917636324089049
228010 0.02947324995359825
332845 -0.013901137934919709
018284 -0.10654510877533042
124960 0.06409472971366197
436121 0.05963281182528517
020288 0.1278528992687444
123394 -0.022406785275237217
434666 0.013822386833889947
019232 0.17821447380143376
227293 0.09516066375425604
017660 0.03062330028113825
331684 -0.03296539838313284
331441 0.16068163438799238
124342 0.10273524088253709
436211 0.008355950139456596
123505 0.021372847298465714
436220 0.013896708651251552
435875 0.058689240265610544
331606 0.04832211634319808
331744 -0.027060942893082793
123517 0.050393707561920256
228118 0.08937769632002542
331735 -0.023365778395228593
123718 -0.04803295955768886
227110 0.05461685136984646
125761 -0.010501988503223644
434948 0.08148408961474064
435737 0.07456945504629629
017639 -0.0558222505644393
124204 0.1053689332261437
018602 -0.03792783874534871
229279 -0.04094478560764643
019385 0.05104779300186419
332320 0.02466391906507446
435890 0.08748723277724123
019127 0.054096999871501746
123697 -0.02526464924670551
226882 0.028442447076840714
436262 0.001055290358675549
435623 0.06924577602299804
019889 0.056334384598278144
332176 0.07370204537279254
125764 -0.028819817154539303
124114 0.07739071919724402
124519 -0.025413502562138472
018248 -0.08948369339377618
018140 -0.15732243781388686
227557 0.04222426744275082
436349 -0.05725000429885891
226735 -0.05196602975945752
435281 0.059280532889467545
436358 -0.058972734712482516
227254 -0.05920806248428341
123175 -0.0548347582113914
125809 -0.06020320538330953
434894 0.0688425542135882
227143 0.056406244219604613
330796 -0.00959268087082494
227080 0.01901178079773193
434264 0.10212222825569954
332215 0.04184896026354171
227128 0.07769058085296718
433850 0.047517586823370844
435251 0.0760683508111973
018944 -0.0035818253895887964
018521 -0.021267421798694796
229366 -0.06345472600855011
433694 -1.145113376749573e-07
330700 -0.0613893710036447
020204 0.10387547589181409
228100 0.11424825989716551
331333 0.04832193918089283
020183 0.07091291803683793
226921 0.04912756796920398
330151 -0.006957509099102641
124801 -0.0016447857797422184
228775 -0.012498359049574964
435830 0.04901141901156734
019793 0.06098003584350803
019211 0.18501020755450512
019265 0.06549328227783899
330922 -0.10236559726095919
330553 0.029727237614785355
330856 -0.0937911438851792
434591 -0.04510086304143134
017960 -0.028246845378107205
331267 -0.09592245985072306
228949 -0.06363220223089139
019811 0.09336363143049115
332647 -0.004197314134286838
227302 0.11581741175196611
330508 0.05841873815389925
331957 0.12593704007392623
330466 0.04422561515476165
227965 -0.03881088989737112
017780 0.034683893113492466
125692 0.009057849540339884
017630 -0.07766860020886121
019532 -0.0324202263277939
228976 0.01078840572782537
227020 0.07296654617746585
123514 0.026499233863971853
332218 0.04166860603642043
019109 0.07331436121204472
331978 0.10574747909173622
124258 0.10888685636210803
330811 -0.005499457334897566
435770 0.0854419512719397
229069 -0.02493957657258245
020291 0.12259723286139432
227413 0.010320036573951037
330418 -0.07940687142343505
123940 0.09581611084990507
435485 0.1004422286823749
331132 0.045744657523080226
434903 0.057336245083500194
226912 0.03758963231983253
228745 0.006108068098831753
125155 0.04074832590658314
018803 0.022733330118906152
125632 -0.07361250277700208
226723 0.029092629413389682
227026 0.06598512052003264
434243 0.10738223190174771
434396 0.030683718418856552
331762 0.028398489559902894
018722 0.009438975888585291
435785 0.08524698534734182
435533 0.1095281948711338
123520 0.046543483167580654
435731 0.06507630903848191
123793 0.04352860904310417
020141 0.01590265459226496
123499 0.029197886496369136
227173 0.05336364226527193
331192 -0.056173750125645926
332395 0.014665280729426876
435431 0.00531581805231046
019289 0.041962130035042136
226738 -0.037397529486562955
124702 0.03304886809381863
125419 0.08659912892542015
125086 0.051531625420325716
436352 -0.057861977867695605
228862 -0.08669813857513577
435047 -0.03645970253947155
123190 -0.004455491836684754
017801 -0.026166552812983492
331732 -0.009851383707117422
331876 0.10162979933109653
434453 0.021555453170868297
125194 0.0604334820461812
123676 -0.02300909262492081
018209 -0.011458992366752928
228169 -0.044917244986488074
434561 -0.012736869873913497
018488 -0.03844588668688849
436115 0.06001947988554202
123706 -0.08205500010734586
229213 0.061667795709198316
228871 -0.036870291197828475
123304 0.005889324628712398
330232 0.1462404830485322
017966 -0.01882711801213948
332626 0.0010367444676325033
125257 0.007215752759400536
227299 0.12164453451434569
227449 -0.0043827660135663865
124522 -0.016176864332892855
019775 0.0023543100805249917
435101 0.008903831770750003
332329 0.0240934862302405
125626 -0.09265684707925737
226828 0.060382983878205954
434426 0.025644962776525723
332809 -0.008977988098840952
331696 -0.0244516176311217
226834 0.04490180222463084
125359 -0.056271390323121166
436133 0.057588501593244475
019277 0.03824645187137182
123952 0.037815217374017565
124615 0.04444399859482995
123748 0.009827110803939318
229075 -0.05995457707558092
331705 0.016505943990307508
435698 0.11670555767536432
123196 0.002522429842577509
435818 0.06948681341573681
228217 -0.0372220104560256
125617 -0.08412451376768054
229183 -0.012011744553361091
020300 0.15216301451392103
435821 0.06050088646995748
226819 0.04688780418567509
331537 0.1092078981214709
435404 -0.04324998469890836
125116 0.03739565582932504
434726 0.0059377593886066555
019853 0.20706682290263936
228493 0.0899182000013493
436238 0.009234187452835831
331054 -0.007059493013880005
227200 -0.02711908371243865
227992 0.023329602697613448
019553 -0.07833207443813633
228172 -0.04037110843290219
017795 0.008751080422832526
434669 0.009784928338946388
228955 -0.037160184799454814
227581 0.000557283113972132
229345 -0.03535473161448894
019202 0.13775711518046524
434219 0.06530993796583352
019208 0.15191497068859566
226942 0.07079278661295758
226972 0.08727232209825536
330346 0.09539912099176359
229054 -0.029952819528034184
332749 -0.009873375694358207
332746 -0.007901190267586556
123586 0.09329889102587624
332680 0.0014666797719808222
436169 0.05486444469261905
124456 0.052909609733364206
331792 0.021426912815797894
331750 -0.01835958300603084
331147 -0.014527376525399312
019613 -0.06312171710741275
435641 0.13421498403494675
018956 0.07527826637416692
019409 0.00938909353972165
227530 0.008901627813334291
018902 -0.003967806254619873
434105 0.056823291219722
435857 0.037968202805675845
436010 0.07429306632779026
019625 -0.02238931454498481
227752 -0.08853009052358977
435947 0.06087359166785073
434909 0.08458107424327581
331183 0.013921110970633371
018536 -0.052630277726810615
435812 0.07090468415589593
123481 0.1379729209384959
434594 -0.04025551724148669
018716 -0.06406768343198238
124129 0.11226914608862922
123589 0.09377897221658643
434207 0.011101811323011234
228190 -0.03533733774726904
019589 -0.11410825547132432
123388 -0.015252002887673716
332365 0.005037840541285291
019616 -0.06721354340574054
434075 0.07678405108748289
124030 -0.03004404208398798
434882 0.02719003330595611
436001 0.07341736423256758
227755 -0.06761057410892772
125179 0.0723040348818513
435218 0.029817313266090915
226861 0.048750517277131665
436259 0.0022842341705203214
018554 -0.031131015935750628
435743 0.08051494715448558
227458 -0.003253640741466012
124741 0.01668636585737794
229348 -0.026552408586022497
125062 0.06642699767110277
331363 0.1450298204803255
017621 -0.04467844649295333
227239 -0.08296996724159714
227152 0.06728659092066845
018863 -0.014690379109195057
124360 0.06884485866930089
020057 -0.12713180553345452
331711 0.01784995004755988
330292 0.08656584338639316
018017 -0.02650660600688809
435923 0.08454997397212474
332788 -0.011399825931681382
124156 0.03463932537070537
123580 0.0940219603485564
331156 -0.04255261780268835
331024 -0.04341430923799081
123262 0.08415473600754242
017705 0.0396276538080845
018731 0.03293371211914789
123607 0.03920315264668277
330208 -0.022070845109921734
020024 -0.02206626173801201
019184 0.13390895878420203
227560 0.045025943074583775
331600 0.062072742526029755
332644 -0.0030810177495084984
434123 0.03726140199685027
124816 -0.015077007795416847
436196 0.008914453590406931
330136 0.017488030538598726
227821 -0.07685075309841136
228508 0.09173310238453657
124795 -0.014043164482437434
227638 0.008313783276710451
228043 0.12687828111536267
228238 -0.02200040351907038
227296 0.11344428236557091
125524 0.08893423930058117
331624 0.009692005554740757
123235 0.04092705993126508
330730 -0.07485415284383581
124903 -0.04225024949734534
124018 0.01798245405989718
434822 -0.008148515601849692
125251 0.02048420427832648
433880 0.05188562484507666
433721 -0.008712385267339223
332185 0.07636597256422265
124864 -0.02010161855537098
018188 -0.03249960715302727
124873 -0.026932107765586424
123982 0.04283215792440487
125479 0.05034972861206184
228757 0.0030732522206321287
228442 0.048063519267023166
228124 0.07896956698822394
434378 0.03267050993327075
227185 -0.04805838259439619
330646 -0.009243549495837151
125233 0.04436331895816927
020171 0.13278464698089737
124780 -0.015430981653545306
330490 0.04426314091944434
124243 0.06715349459421609
123721 -0.03402998795527974
125308 0.03990037976972397
228892 -0.05256339168638087
123823 -0.11231253940289222
227437 -0.001586905575583496
332803 -0.008014886304844893
434441 0.026662919987131956
434630 0.055441794010980296
435497 0.06539205263431808
434045 0.05132470181607897
227497 -0.04844875997293352
124789 -0.019334638157925108
226759 0.004763575187266634
435938 0.07882962702978387
019964 -0.018205026422004417
228820 -0.10590061144040172
331693 -0.04193924419809236
434786 -0.006870411101545786
435866 0.04683496728633185
331123 0.04814679737683707
331636 0.06423585908293909
433766 0.04191630717432563
227230 -0.07716772062818834
018164 -0.01592080867224014
229066 -0.006634918051308989
018752 -0.008680094272173186
123646 0.03522792229836168
331174 0.015948637885880183
332806 -0.0074651383057578475
228769 -0.00761215024591844
331834 0.031485588989877134
125758 0.005245884939640835
019049 -0.06330486996656588
125563 0.09155488042471102
123844 -0.05205650373672121
228928 -0.09238418011485289
124924 -0.0683981949624181
435566 0.09994332830597753
435974 0.061702379177291676
124906 -0.047461882855372096
434384 0.027605408092552255
228028 0.10139635106791621
331414 0.16583095291179903
123745 0.0031863187080956655
018878 -0.021344543858424127
330736 -0.04643687256929127
020009 -0.03944031868908963
331138 0.02730219292162452
330505 0.06502936064026808
018203 -0.026570001881995254
436139 0.051632194089110815
124918 -0.08002654817157039
435320 0.015224922961907882
125239 0.03993670558736196
330304 0.08375060931210795
331585 0.07605603179729002
228898 -0.02742013025658186
019103 0.07973612701764297
017747 0.024007209527911775
331030 -0.07676140114050994
331261 -0.09107398168032575
330598 0.04878442951874583
434447 0.028421738126800492
123757 -0.017361833084197267
124606 0.012881175592883334
330979 -0.09763110575321424
435878 0.06849847390691594
331462 0.1241112954617097
331675 0.004885262558384551
229201 0.0891624872291172
435410 -0.0319638016148219
436064 0.05960994610815769
435962 0.03353378831310131
124771 -0.009732809599374762
017864 -0.10459284270449673
433871 0.04995907138410331
332278 0.04563149472664926
226795 0.04357989334405942
124525 -0.02242748312227964
125371 -0.02385765826362883
435512 0.0882789727854964
229267 -0.049632179672023886
124831 -0.018113721460600765
123625 0.04389091165752864
125614 -0.09451113707265298
227362 0.1279213008248161
229291 -0.02437222050665928
123910 0.11098644908107294
330901 -0.036029898973252504
019151 0.1614663011997954
018500 0.037771993988665174
435029 -0.016953584148373665
330571 0.004624887302754419
226951 0.07413129188856704
227017 0.0686695983911
332146 0.07021868417451324
435299 0.0312384031517222
332761 -0.017598043266787506
227242 -0.08486781062855145
124357 0.07518329656073479
331714 -0.014525778759691051
229363 -0.06498128625394678
332740 -0.008919722517586921
228136 0.030614126600738253
125608 -0.07186109274759661
434675 0.0032234011096671663
331627 0.004852415168518776
228883 -0.04039317608499212
331525 0.11490877612347747
125689 0.02277748069755931
331330 0.03609351223635759
330139 -0.008587780416128286
226924 0.04454524424228581
018713 -0.05229342670710329
228142 0.000964397345833758
332794 -0.0100872245739578
332254 0.03937044881394554
124852 -0.017742441388125727
436031 0.0739397459871984
332143 0.07338764173609524
434273 0.09065683001239515
018710 -0.0657055748503445
434348 0.045706699883180955
018092 -0.028250123099050797
229408 0.05148792894136034
434132 0.05551368964602004
020177 0.0466722916689699
330763 -0.02071768459227102
330229 0.1199556112612079
123424 0.0231089068452398
227011 0.06663763150733382
331918 0.11966500416904129
228001 0.01183156847048826
332275 0.042404646471815445
124993 0.12484214360180033
124267 0.1312508162560774
434228 0.09023427421428168
331969 0.11700910489162805
019214 0.18456744303169578
123979 0.03905347340299432
124426 0.04072718553238112
228058 0.13062717426074863
123367 -0.00775043380336546
124234 0.06898583992577816
123619 0.029025225227325004
125029 0.10075475736057554
124939 -0.03178728276041282
226870 0.03454630189589027
331810 0.007080223548434637
332107 0.0914199994792786
330916 -0.07189063509813204
434087 0.06586940026207147
330511 0.062337049953779616
435005 -0.017231666528373452
331357 0.12430721971844226
435752 0.0828366705207242
020174 0.05649327597765758
020180 0.0434913681127573
017879 -0.11954584275307108
018005 -0.07290238568902427
019115 0.06417119522700235
227929 -0.07096275472524546
435428 0.002104305326774245
330460 0.027159310814579018
124339 0.09953201021259214
123148 0.007948025595065794
229261 -0.04694585683736078
331141 0.01708388135833534
330445 -0.05994420659622987
019010 0.023878391451060074
433697 0.004138641395432807
434210 0.025077253656980745
228448 0.13173962857457217
332179 0.07916388357221577
125215 0.0648899903123198
229252 -0.014045086174082013
331288 -0.0541153950121171
229159 0.028640835248343717
434081 0.07407734356119891
227251 -0.06425276934060842
125041 0.07409095089849689
332659 -0.002953887849483492
125701 -0.027342362657403366
124639 0.05582631415607865
019526 0.0331896101556447
228841 -0.06756803778769863
434918 0.0781269301926129
433787 0.06181847427615632
331645 -0.012076089742207514
019592 -0.1220502341579164
228580 0.00936754584728188
227602 0.0053552136291930424
435452 0.02042002206301558
228943 -0.06880641577498015
330394 -0.011583986001375727
125482 0.06685583337364284
018050 0.03568035179356131
330592 0.03983030767825545
436112 0.0644077429265687
017876 -0.11596271916041298
330349 0.08651104773158562
436325 -0.05045306855858093
434804 -0.04271670696590854
331759 0.0366928760396809
227107 0.051954400559261184
331789 0.019631684576613004
227317 0.10788255252527904
227320 0.10244157532091773
018545 -0.05528241476788443
436292 0.012285284603597702
436193 0.015779466392925576
330427 -0.08371363514263955
019988 -0.07523063879535619
125356 -0.08220345237294839
330931 -0.07260237304478553
434465 0.009375839129776518
332791 -0.011723649458614623
434366 0.041268571956439286
019166 0.14060304368814358
124378 0.046813203722681655
123487 0.087681125452927
124054 -0.0078257404307209
020147 0.007641415432016685
123385 -0.014034473424061354
331297 0.0021257580569010335
435860 0.04441792957699534
125020 0.10717873637774815
125605 -0.07647616648800158
330868 -0.07611246826513501
124720 0.032241472013273875
435572 0.08550508294535826
331555 0.07883608423941842
434021 0.02188658096142923
228409 0.0703970946106021
330337 0.08130022618355515
330163 -0.014957034599510668
330202 -0.04727166522607021
227374 0.1092596186003364
331051 -0.0008107167846187801
019382 0.028934946838132962
019319 0.05516330251366768
331384 0.1642742316956767
228790 -0.03416264396308959
331480 0.06663701491675281
124846 -0.012980828685837598
018896 0.005458976285169506
020156 0.014027852073548331
435950 0.0468571999320068
017774 0.011643061730386511
435911 0.08819776569817094
227464 0.002872691651802001
228901 -0.039039724404970486
018995 0.059621475504214684
433859 0.053262423603613586
018884 -0.013210635384674723
226996 0.07074801011706237
435344 0.003154038125965874
330475 -0.02057212337011825
332428 0.029051760972558665
125137 0.02835611140465603
123178 -0.042838455871945014
229342 -0.03964483225738375
017585 -0.012820139435277272
331921 0.11665587395315974
228439 0.05875564493770943
124582 -0.02734165298005695
331186 -0.007193694118808678
018977 0.1792914640477548
123358 0.015337119533542658
332023 0.03602823154976394
331786 -0.0009261314725029638
227158 0.07754804792761608
227440 -0.006394997315862664
228274 -0.002728466884881215
331771 -0.03552734848255686
018107 -0.13793555494563564
124198 0.11523589973878927
330469 0.019691544464780882
228283 -0.01521736910260833
123592 0.09099189425498862
017777 0.023156007371896454
332356 0.0039087527422041945
434468 0.00806360250696399
227059 0.038968453033419
435680 0.11833745240893032
227446 -0.00394151599403698
227674 0.003925587503153122
019085 0.003109500096759586
020030 -0.07890077151318707
017765 -0.02473367638369509
019529 0.009957765420892753
434780 -0.004661068501260117
228292 0.015452046144886898
125026 0.10122899715778638
228103 0.10455777281258544
019022 -0.01901747563590387
123493 0.04987318511430617
436256 0.004691243421771531
332359 0.0013253620926162665
228229 -0.029756745075950376
435443 0.004620549727486197
019046 -0.05879724055250178
331960 0.12516992471086164
435887 0.08605881390668439
434528 -0.011768288346433379
331420 0.1710894171693791
435638 0.13292427479462038
436286 0.017523889151383226
229297 -0.025085706586278424
332173 0.07394476179138486
434978 0.047436561745918565
330181 -0.014773330291830826
123760 -0.047418868882944484
125713 -0.020327984221303552
331564 0.080741199285004
124729 0.036878581653906416
227461 -0.0015149479878337141
227407 0.022351704774568527
226957 0.0652192326622275
227731 -0.04158677181179347
435998 0.06948136342301757
019820 0.14082351259154474
331015 0.06819467250515186
227881 -0.005972015627156694
228316 -0.062227923199877765
436037 0.0734745158576718
018746 0.011475254134669814
123778 0.04635745317939287
124867 -0.01934088815283256
124858 -0.020130432239262495
331264 -0.08933732309152108
019145 0.13679734140856814
228466 0.01647735656409934
330835 0.012150945146485834
124483 -0.012394511896892871
123232 0.043246013134572533
434927 0.05923775554609914
229330 -0.04656108684719178
435653 0.1326624620117856
227029 0.06006602929448872
436304 -0.014592588704594586
124945 -0.0038815079241617994
018503 0.04191093797427153
331522 0.12140057565151474
330664 -0.04427427910095336
330214 0.026612067866457364
435323 0.010189427709738557
435605 0.055492407750155175
020006 -0.039638026092335195
018899 -0.003386546695043177
434750 0.011364240202180739
123988 0.04467593218609972
331222 0.018904813135040284
229270 -0.05384417974409075
124174 0.06635329858056481
227332 0.09548405038731841
125218 0.0576208555311319
018590 -0.035949297931771686
228139 0.019989816430886657
434930 0.05012184789289068
330829 0.006360939580249645
435080 -0.030805830769368752
332227 0.04419529749896479
330160 -0.024855134202980536
435329 0.007122959916187219
125806 -0.06825160396466659
017972 -0.006944073726198429
018764 -0.006856521727546803
433889 0.04858109523179653
228193 -0.03352886951893791
228490 0.0752717444458841
227179 -0.007290060415070825
331657 -0.01658673159632298
435659 0.1325917596538848
125035 0.09190453865156366
228463 0.010582307659731985
228670 0.01640828227214983
435392 -0.01864884663899955
123781 0.06437190836936078
226720 0.011988060181751322
124951 0.01612352583248569
434246 0.11297543898817367
124102 0.03219606093058029
436130 0.05747366039610884
226945 0.06965715889570909
124492 -0.013465934914580601
020186 0.08971016445375572
124384 0.053757414159902865
123994 0.06757518638629097
330766 -0.01992629855402914
017618 -0.0433912416387194
018887 -0.0013035872562550685
435515 0.10218704227239839
124753 -0.0004356231297956088
123838 -0.09675630698715589
436367 -0.0570705287865798
123916 0.13141944583526438
018176 0.018254785777563603
229357 -0.052665842752075025
227167 0.08677464659575856
435503 0.0540045631892048
125425 0.094274648776514
229096 0.006688997458771185
124069 0.036158799522061774
018269 0.05722789860668232
434807 -0.048096230185295574
020216 0.050034075680875825
019460 -0.14167634439356253
125686 0.02935173204828131
435023 -0.04165947580175558
019391 0.05847933935459894
331717 -0.04067760277157383
330814 -0.0026634245440124286
227995 0.01747886683136849
227584 -0.005984818532833244
330817 0.009682956030557304
433847 0.04889510940351964
331855 0.03676115501876349
332182 0.076727418993161
435062 -0.04948145381035193
123187 -0.017969260298996693
434969 0.050797952665110585
330628 0.013161516671398229
226807 0.044994042346615915
331678 -0.0009219676615163058
228145 -0.01913424824396563
018668 -0.02849058213693469
434597 -0.03190206784671825
123430 0.037657431881837164
331558 0.08080253313213785
017945 -0.02077466927384037
123694 -0.012638839618234157
434171 0.01996800836265934
017999 -0.03849758091883309
434777 -0.006067747256291322
019148 0.14688821990139114
435686 0.11857114801862732
330547 0.027586234211857328
124135 0.07190139645487928
435509 0.07608035200422009
330442 -0.06513277773403824
332623 0.000918799870153867
227266 -0.020644480055010014
433907 0.08972509848355896
229204 0.07888607474017406
124687 0.05677985052722835
331423 0.1680127246039254
227758 -0.047562466947620105
433763 0.0414591532350143
125128 0.030950703290733548
125461 -0.0482806212131603
331498 0.020608438170575987
124978 0.09823692851820542
435401 -0.042712029825492645
228106 0.09574412897731481
434762 0.007614530807016626
125740 -0.009594158489708087
123637 0.0034423615121886636
125296 0.026762687026751743
229273 -0.051047238803931354
227740 -0.05752320152790409
123496 0.04356785158098866
330556 0.036508893349361
435989 0.07067934690808357
435422 -0.013651748534018425
435068 -0.040973449879882516
020048 -0.07838237008262547
332239 0.039147345803608166
227728 -0.028306549926856894
332140 0.07397763046457576
125017 0.11253830559100164
018215 0.0304892015468888
435434 0.006107394579004148
331060 0.025963104270361907
436058 0.0693756787917041
330871 -0.08386061045506778
434018 0.03448480843026474
018476 0.000749339333424218
123814 -0.04189669798082602
434291 0.08058423949090035
017576 0.011469756809989913
018806 0.010679780832633443
228013 0.037028432265283545
434261 0.11062607180239352
330808 -0.021902141284653055
434705 0.009911826140577253
020117 -0.030904013653871406
331660 -0.0060983719855093235
125230 0.05093845811743227
435716 0.0787601062184106
331702 0.0023370700907281725
227794 -0.04229392499763605
125272 -0.024836808773068455
434165 -0.003921317345268133
125320 0.06316947908642738
330790 -0.007560728159286742
227272 0.009845035355945404
229360 -0.05939970621323061
123976 0.04684936452118704
227509 -0.035705240593367917
123913 0.11000637544309988
331753 0.005200877095711973
123970 0.005259651584351649
435413 -0.024115083815590917
331672 0.014530162467583327
332785 -0.013195646782230432
435302 0.032792952192265266
018524 -0.039488624770004234
124762 -0.003016126180720105
019910 0.05402584007822314
331411 0.16226286200619247
018542 -0.05809330357274148
124486 -0.01337886810847105
434702 0.011446583107079333
331162 -0.029992183473894343
330667 -0.06452132366903925
434141 -0.014404080631497935
436310 -0.02729634982655731
018437 -0.043982215410743666
018032 0.046902598792946934
228853 -0.06855993496183677
124507 -0.01240621647823152
020003 -0.0350093984360376
226990 0.07487186169996708
123307 0.008316027736568891
228961 -0.01787689522550761
125269 -0.01418096665569249
330577 0.007030462528004378
124543 -0.007657518256914556
124462 0.042499611420138604
124165 0.05415737485887268
124690 0.05124798106324559
227422 0.013398804703890361
332122 0.08379012149192416
330610 0.047036651572408925
019856 0.17255125104276595
227551 0.06057151584503069
020144 0.007741884398397314
017963 -0.028698644430264444
434387 0.025927065670490256
436316 -0.036073439832204894
433685 -0.050586482423485186
435977 0.06499954336966468
124270 0.13772360071241313
124039 -0.06154972141158032
124435 0.06586013817576283
226798 0.04652953133691057
123193 -0.006275729184377377
331114 0.04911097503058315
226717 -0.03697623966112038
435359 0.012736693601759655
018167 -0.008194178532040308
227248 -0.0794295686218207
123931 0.11110829335330945
227314 0.10476236814544314
434723 0.006432164535419029
019070 -0.038829462191938266
019040 -0.0818863195657516
330397 -0.013494803074219217
018497 -0.0019679365213391845
435071 -0.04044465227094354
331594 0.06533704929351807
436166 0.05690722879396788
332242 0.038257352211190476
330640 -0.004295938190013644
330892 0.019930914323143405
330958 -0.11575901302757764
019586 -0.10130668010107532
228157 -0.05351893876834614
228436 0.0683627040576984
434831 -0.04679851617493605
228934 -0.06614457814420036
331390 0.15206551421565093
434849 -0.02836904306753013
124573 -0.00512872769145037
228970 0.03103716415053416
123709 -0.06617300159976447
227971 -0.03342378278515429
018149 -0.15202387790691152
019967 -0.007646656006548998
228454 0.09337263698864699
435710 0.09536268735982088
434015 0.053937338540194064
228196 -0.03855986116909446
434771 0.0005093549797904675
226885 0.028540367586429447
228538 0.03899647123624307
124792 -0.01557346983835782
330751 -0.00911043121662314
436103 0.06799223961872085
331066 0.01737719623860892
125509 0.022514834727123102
331885 0.1832414312417049
331828 0.03249748585389883
435407 -0.04128250735224208
229219 0.037392730574563486
123250 0.0413113413460139
020042 -0.1276366961629767
123733 -0.005350754575355562
332668 0.002303951915669165
330604 0.06037662742292058
227275 0.03173260061391524
229264 -0.047193672147084524
229063 0.005257176809011142
331582 0.07644656155864324
125629 -0.08880986104696188
227287 0.07758217026947667
330538 0.03703108904155314
434036 0.03333007642648824
436172 0.048502572541927996
332758 -0.014395834399530287
227290 0.08803080188368428
331252 -0.05359891043587204
227911 -0.11193688598718135
332440 0.031414877552724985
435689 0.1180698729660409
435065 -0.04103163534721719
019778 0.021547603407246013
436208 0.004479554972607997
018932 -0.03352286587863955
332707 -0.002180521285993442
331468 0.10569553307171053
017633 -0.06672791702830005
019859 0.14175776752622707
124840 -0.00810837610398471
124264 0.12922905364469667
123142 0.00938706264878489
123550 0.19818630276385255
018206 -0.021519032599297643
435722 0.06458266595332932
228067 0.12207201765999207
018221 0.058462011751043735
227863 -0.03721807619726096
226810 0.04155537290307036
331663 0.004920681163476905
331942 0.11633888121516198
227803 -0.028951117665811786
331609 0.04312201764689055
331546 0.08862996108175616
123220 0.048605460408913705
125611 -0.08305224301551264
124609 0.017386227772617488
330148 0.0038287322436060243
435740 0.08821120736194632
331198 -0.05880758777625283
124555 0.01306588437618724
123376 -0.03195384872213171
123316 -0.0187480080286063
123337 0.023193198825712
123163 -0.03685365828042257
125311 0.04494106174815991
124471 0.015950676750048392
017699 0.03159970560365349
227536 0.042087171929393666
434168 0.006707195666334942
330568 0.01992696435639284
331021 0.005456141678622445
124153 0.04871333502495281
435350 0.006071975603069682
017588 -0.02771949278494368
123217 0.03872319732384374
330544 0.03370304532867096
018905 -0.017906849339847524
332155 0.0691078810310751
435053 -0.03253111959418809
019373 -0.005600833697613158
332449 0.034369166152605615
123703 -0.07068442118329742
436214 0.005766117299321064
434120 0.05206716209998226
018674 0.04829073151556554
226822 0.05175862757958493
330559 0.04058363308444811
434342 0.05257310896142404
228727 -0.048301163452406
330454 -0.020812910740022308
124699 0.027971055198765114
018683 0.03786148716885225
018422 -0.020935627845776725
019478 -0.08793818690789441
019394 0.05450028853658535
434252 0.1226221050117636
228112 0.09387188291703863
227329 0.09511688964032768
332752 -0.012032470571333276
125209 0.05905710737456976
332842 -0.013685388402352226
018011 -0.05788020026436969
331312 -0.04193323177170003
124750 0.008419352779543494
227488 -0.04792204213727772
018071 -0.0006494769961897985
331366 0.15573918371812492
020039 -0.10129753478576155
436073 0.03818774015337304
124060 0.16046656850335175
332164 0.06881967105224979
125098 0.0272630299919816
433883 0.04682959059152276
125485 0.07499291661021475
017870 -0.11402680757912283
332206 0.04405957137974462
330940 -0.038103021294387314
435614 0.050751719643732415
435278 0.06907323831078829
330343 0.08796990720334712
227716 0.01032044757710123
434231 0.09889994393967384
434966 0.07125900188348414
018965 0.07482777185566725
332425 0.027883694353782906
228322 -0.07113807145939317
436280 0.016297863980810925
017642 -0.04537697577918018
018443 0.009947407524800738
330637 -0.002732388907394869
123373 -0.030492089527814403
435491 0.07239360442141081
331303 0.0023735970032140426
017687 0.020576044465917664
330595 0.04173947987170093
434915 0.08200261462189226
018794 0.04181218055166431
123457 0.14687586146194984
018506 0.047013269323294624
227701 -0.02848458387723719
124216 0.06996883152649605
332404 0.02190061743234153
435560 0.1029482895453261
019160 0.16347747827050033
124627 0.049580228181219536
124546 -0.007687564857569
228991 -0.07411712274008507
435854 0.04034211125259712
123115 0.07337937719301905
123403 -0.029545734303870363
125224 0.05962072972308086
331879 0.12396483054236761
331348 0.10800800883200087
331447 0.15678643163604042
228886 -0.05068515279225156
331591 0.06711904547232661
435530 0.10309530526886199
124459 0.04504449171363171
125080 0.05217124348842818
332245 0.039365806011603104
017597 -0.0553964498827758
123610 0.015937787288903146
019007 0.019978693632221725
123874 -0.039458386076280584
435056 -0.02941665438971156
331219 0.044172576130774674
228160 -0.05550435956195932
435371 0.00549367133999531
228808 -0.09711783518037206
228214 -0.03289571448015413
228133 0.046486581443360465
227047 0.068177582857151
332389 0.0071159123082880655
124498 -0.016343876409941865
332167 0.07131366912270662
436283 0.018142622845740197
228889 -0.05713606818201533
019379 0.01765541788088096
331570 0.07742738751895456
124717 0.02820117116302764
435611 0.050502679329048734
124987 0.10670917912890467
125341 -0.08995373763893016
228829 -0.10264375317413597
227005 0.06181970445389085
019433 -0.06842713589713566
435356 0.01007445662591684
019976 -0.019761865517300473
331825 0.038938764036518664
332266 0.04185220215621541
226783 0.018947394151315047
229153 -0.007718842525483937
435077 -0.03305775373281833
434117 0.0448364673333013
227986 0.048876890888128445
018254 -0.05186080929792991
226813 0.037570999653062966
433865 0.04929207945965564
435848 0.039255146630530376
227218 -0.023646149677645844
229051 -0.05050819881130499
019100 0.07020754963541723
330862 -0.09423949926844706
434435 0.030657287359925137
123259 0.07140899482437753
226816 0.0439496115106419
124132 0.0970315622978483
435797 0.08452958793480045
435380 -0.008100950216868562
229177 -0.04679530633762276
227086 0.008305721370115371
435353 0.010538846906663579
123997 0.08617544342788132
018014 -0.05830534597005257
229378 -0.009553220256098678
019421 -0.02425745638957079
018227 0.0691093038993078
227677 0.01082758144462382
435701 0.1124892604524569
018566 -0.0012626369393257998
020207 0.10592652225440322
435599 0.06625898723278834
434717 0.003606503974674731
331648 0.010238522359831664
229105 -0.03243590164279181
017942 -0.016855062732440633
227662 0.03231259619781347
020297 0.13128891814605115
018947 0.01900604560338914
123379 -0.03241263772832897
436085 0.04938447983527029
434753 0.01105068758105605
435416 -0.021271124114175262
125323 0.046345523958345076
228712 -0.04285099349664293
018638 0.028841488763325623
228427 0.08017021082746255
018539 -0.058026490234802615
434921 0.08592692207249385
434957 0.11180180234007032
332677 -0.0006644132007987678
435929 0.08694404040328796
020213 0.0813855820605347
123478 0.12434041155570208
017696 0.025446980999754294
229396 -0.03781165730081787
228754 0.0066206960409356625
018572 -0.010531600825980938
434183 -0.0397539420853078
019193 0.13354450914185378
018881 -0.01792939848886079
017582 -0.0059040279608536415
123682 -0.024585566168587727
124909 -0.048001390466563806
226903 0.03661027302763272
435893 0.09071362377054056
019784 0.04990861504980068
228562 0.0087197866933786
435446 0.0020087108681926826
434843 -0.04898674968266479
123772 0.013452043150105331
019376 0.011721797710670412
123805 0.05608587707932174
227425 0.014764362183284337
435935 0.08236392039534103
020153 0.008264881198999112
018257 -0.061783211842145504
228739 -0.0030472840003760615
434873 0.02056756880073817
434066 0.08766272087545629
436184 0.016308045332937254
331780 -0.00976281289459182
018791 0.07210554494428888
124057 0.0025188928966359625
434096 0.07058982119676326
332371 0.007909853969373883
435368 0.009067033944395857
124597 0.001963800299138981
123691 -0.013498186248342809
436079 0.03516936196346732
124330 0.10941025374284866
228469 0.010369079248301384
433862 0.050416145882803756
125248 0.02843583191755975
434681 0.004450241839759564
434351 0.04511276372208126
435470 0.030904988782067006
228964 2.6746989686263542e-05
330316 0.0765714901704869
435965 0.03895691581352561
226774 0.02173533481128085
124732 0.028560310302808582
435959 0.032523049197022716
435755 0.08508879802055393
228994 -0.07507362402902942
331597 0.06574684068362152
331309 -0.032187952903050175
330865 -0.09706297810358103
331972 0.11676518245050455
017984 0.00959961813985903
019646 0.0006497589695337138
435116 0.031152930947146662
229309 -0.024558613191311272
125221 0.049728264227470724
226939 0.0721399075397505
331402 0.1608622274183578
123730 -0.0005039885696642557
435569 0.09251356616595331
125275 -0.022499248723856776
330457 0.008819837812731058
123124 0.04340087561532179
124915 -0.06367533112069942
123925 0.12325763828539975
125710 -0.029651426013424107
124648 0.048454056798747244
332821 -0.013275934503308598
228526 0.05873889640918999
123775 0.035049452997686935
330307 0.0822889948580818
019094 0.035222119103540804
331945 0.11480709910042353
019427 -0.062089971603959154
123946 0.06652573605768702
330400 -0.01799043240259136
435941 0.0784480615726004
331822 0.03709649459205133
434924 0.07349876111567126
227089 0.002766788002396792
125335 -0.04719338088725327
125050 0.06217619454260407
436247 0.009930875984079705
228088 0.12672825889506903
228445 0.05165728587173725
019088 0.01402251984107293
018680 0.07097179438737933
125578 0.033165487413426446
123433 0.017654100458177654
227035 0.06212397220263461
332851 -0.010572789483030495
227587 -0.0014440521145699286
435902 0.09064655854565898
435695 0.11355576939413427
018494 -0.004986515746625006
330802 -0.02594717305427229
124765 -0.00472897125540399
227533 0.020232993383833987
332197 0.06339785826835424
019733 -0.11930280937359176
436298 0.003968699502539156
332374 0.007110862392504209
332407 0.023874790760394934
017648 -0.005723658137474717
123169 -0.05634494127814101
017756 -0.02137848670348461
434390 0.0309935120806571
125065 0.06953821787528422
019637 0.04593309684903201
435779 0.08694747647273467
435761 0.08800872760458732
227689 -0.04375325734303796
434585 -0.03656994723181436
124201 0.09964433987486274
125527 0.06856459131281491
018395 -0.019741303541985646
018593 -0.02563727115094874
018158 -0.10399956220672245
228868 -0.049646181686857895
433751 0.018996383927441216
125767 -0.03326585252443469
123502 0.02640286029331268
330424 -0.08523821440874023
330661 -0.02135768036095017
332191 0.0711159220334313
228244 -0.029618648552020538
435914 0.08710959791851228
227434 -0.0016735186601802227
124042 -0.06339008322181812
330187 -0.02392439559562919
331129 0.04757896090171657
331225 0.023414074431208697
124351 0.10153675076548078
019808 0.09781945821125386
124870 -0.023689464879938886
125110 0.0282749867681379
229135 -0.008353304975404522
227920 -0.08941910222617727
435863 0.0450062762597032
124021 -0.013745546605264534
436268 0.005725323950563103
123655 0.0522760970972743
226714 -0.05196917091577712
227704 -0.026603663976508686
229327 -0.0324528155177908
330391 -0.01684318845481738
227506 -0.03806495250756354
124900 -0.044768197650682164
332128 0.08087732552602557
125746 0.009255481015378316
125173 0.05576188077014356
228166 -0.04997387526362743
020150 0.011734134581216183
436097 0.061801349531509855
019178 0.13827141054917286
228301 0.01362755488316922
331486 0.0388186699252088
228685 0.016143470116437693
332743 -0.00697568097595875
124162 0.04674832828667456
019607 -0.07150530367413886
018920 -0.048299718124412146
123601 0.06709250949334553
434414 0.03335862903795178
227746 -0.08443448620564889
227614 0.023971183665538076
018761 -0.005515898884704211
228922 -0.07933221072598555
019223 0.18200683788693509
332317 0.034197021510005456
436361 -0.05833445091531676
228232 -0.028764896912468158
330874 -0.06097007110750476
017987 0.010496698616512784
123595 0.08723508109404811
435458 0.030958426235944376
228565 0.008731439180161562
331699 -0.018261550046830763
434819 -0.012727011488659238
435032 -0.010523469742451119
435713 0.0853432143868781
018935 -0.012419648819689336
332614 0.002901707119770699
019415 -0.00250401868311925
331477 0.07755033300930173
227056 0.042448786660686265
435089 -0.01165568179554409
227563 0.05036271681157193
434960 0.09745083778101561
017603 -0.04291802072907625
125092 0.026892721578188485
017744 0.03422303945526402
227599 0.0020070464913939045
227500 -0.03826300409141831
018401 -0.005775733215231744
330478 -0.0077957807385526275
228532 0.0731913675267474
125287 -0.026036694965164295
123865 0.040628116333667544
125038 0.08752640558290196
227404 0.02779334326932304
020270 0.0921303665474406
229393 -0.02814738013478462
019196 0.13860919573485034
227872 -0.029717536134411866
123523 0.06032007462326319
019043 -0.08563757765259214
331153 -0.03375787308294086
229381 -0.017250247954634184
017789 0.03301721125285675
434279 0.08770123526826527
434693 0.020828273831071074
019139 0.12692316305520818
434195 -0.03654014045495878
019958 -0.024455549611254367
228583 0.008448770200829793
330550 0.035761465913963564
435596 0.06948162649525334
019430 -0.06560587416847387
124108 0.04367339189419506
228502 0.0942126810787216
123157 0.05842433865826748
123349 0.0561839157130908
227491 -0.053002241534305536
331126 0.054191021880896244
018860 -0.014484517560903014
018170 0.0017460889168201925
017993 0.007259608573519557
124705 0.03294056285192216
435776 0.0873242626897121
332632 0.00047399452482868294
019538 -0.08753570997007061
227401 0.03487587843181828
330928 -0.08574336977802326
435707 0.10577688866763339
435254 0.07641651572775186
331567 0.07536194889095282
125770 -0.029029957332460048
124510 -0.022536143090966274
019919 0.0459915726998861
227260 -0.03376254978699537
018812 0.13396855907589253
018821 0.11645745155610196
434267 0.09423708592582326
330172 -0.018398121175103543
228877 -0.020801401711247648
434276 0.09270202585045398
434090 0.0757875965221531
331723 -0.03647112789990448
227371 0.11746520101531761
434192 -0.0498415696082701
125548 0.10512053889405695
330991 -0.06037826323061966
229210 0.07715403159199434
331324 0.0018262153935753968
227665 0.04432493931066896
227377 0.09476718885207133
331009 0.0355512173668637
124126 0.11980475490973937
228814 -0.1037567796689857
125107 0.022844180154247787
124777 -0.019434817043351545
436013 0.07168491621809647
019130 0.05783688977895891
124804 0.0006907046255719028
228472 0.007356007363385356
226960 0.06506127302991578
019463 -0.15849415996795485
228520 0.06462494474502788
229132 0.0016610334043718146
019172 0.13516776498995328
227983 0.030233592961831066
017828 -0.012749487733135195
435581 0.07847200086794547
332314 0.03983290103677177
435176 0.03240726930343175
227767 -0.011457940548005958
229111 -0.07030429896680622
330226 0.10899170688927623
125584 -0.007399475683894198
332635 -0.0008696058517729822
434984 0.04958702775187268
228046 0.12124031168326195
227398 0.052062828380315444
434684 0.004723418072616894
229231 0.03799652697644508
434981 0.04935499893314614
020162 0.12665274886195957
124036 -0.0396241875310125
017624 -0.05056801749367129
018911 -0.03968388231363855
018509 0.050733644169082624
227470 0.002911864607159198
434429 0.027258163592824288
018263 0.005429782732874422
019325 0.05579513828574782
018917 -0.03515091661241028
331381 0.16837289390426521
228295 -0.015287420220007664
124849 -0.015383780066025057
228481 0.036101197087552994
435917 0.08816875100964622
125068 0.06620422694761198
227212 0.016384679145223287
331603 0.05251077586418833
020249 0.01808387145520543
227713 0.004762374043856742
229168 0.01688927229609249
125314 0.04330274797589951
331249 -0.05058677005240971
435332 0.00028842960405153133
435257 0.07902735309361557
123121 0.03881635728919014
123277 0.058925277953137255
124528 -0.017642042912593508
434381 0.02759756476860694
331483 0.05219512044051239
019499 -0.015110652340783024
123922 0.13164354903278852
330532 0.048638332083503655
435662 0.12892331850703864
019283 0.0357637820780863
018845 -0.004099557623374689
019295 0.03321874186253714
019073 -0.013549800789868912
018224 0.05631505634229092
227068 0.02151005356166495
125131 0.03480652908436974
124723 0.0391530174984826
331378 0.1709845528330832
330718 -0.0097174884263101
228547 -0.0007390781917340209
123895 0.020945937755456886
228247 -0.03783181889294066
123928 0.11975302259342868
125401 0.024706562707033107
018575 -0.010751083750237573
018098 -0.0799253651727365
227170 0.07388913125706985
125731 -0.008282260857965169
227182 -0.029522203448003135
436022 0.0710269145488546
434108 0.05135758247265898
331459 0.13417936264743957
125191 0.06451284549556509
125185 0.07216430195936653
435725 0.05938568277347739
330373 -0.06126807345272566
227566 0.04665064674979042
434654 0.01392192552756194
332719 -0.004716422508486233
435449 -0.0007514885230378175
435806 0.07766006970012555
331258 -0.08182877804437194
434420 0.029092526317832712
125008 0.12543154233113063
435992 0.06766742900649916
018047 0.04769051920499677
331519 0.11518351616554416
017594 -0.06053743457249914
229195 0.0846272851013137
018758 -0.0055184029618677915
020240 -0.0008489680214533699
226987 0.0665383765441395
017816 -0.06793477094151136
018695 -0.0614456396100265
125566 0.0850215902320191
124372 0.050481865098346415
019307 0.04637927305024627
227416 0.009754692322968612
435296 0.0422659562774467
435899 0.09048874785831483
017819 -0.05931839143165447
020198 0.08760429131240728
331897 0.16101840839127152
018857 -0.011933748690906664
330166 -0.019648192947514364
332236 0.04122571943274266
435518 0.10458680892809709
436136 0.055974055965518334
434900 0.04445504192094687
229351 -0.033836903293119724
435203 0.032552600043378906
125725 -0.019603644800546133
124087 -0.016433762452517806
434810 -0.04371296956541043
125344 -0.09809386896988981
434180 -0.005023551068479937
434198 -0.027761653274306585
330937 -0.04510745157460237
020012 -0.04196840934504091
123961 0.020773196611047942
019406 0.011955411243606568
331240 0.0033720599824507173
124798 -0.008721494381817803
227281 0.0658247386631434
435668 0.12888895430970254
332380 0.0026010149499428393
330613 0.04360039019761916
019175 0.13529522246822986
229108 -0.06148712265389102
124213 0.08680493627105652
331858 0.03242437665677648
228154 -0.056009603345294305
229147 -0.037512996447596585
123763 -0.04667902303661079
435389 -0.015956421780676727
434576 -0.015781577669756727
330742 -0.021353184959610555
123151 -0.004754844958950113
331540 0.10353211133521419
124936 -0.03908110857459441
229057 -0.0034095687329673986
436205 0.007155867804501263
435749 0.08358087653277729
019517 -0.023716623019693833
019280 0.03971412663491456
332641 0.000634891244341355
229288 -0.0244475634531013
227125 0.07700847204721781
330184 -0.01571265916895816
435437 0.0007385477862050666
227209 0.01829816944034627
020303 0.13925871167481854
332233 0.04189909398460765
124123 0.1081234385075088
332338 0.018354176466352134
017717 0.06090417381546719
330565 0.03881568038187072
434582 -0.031462773929130314
125668 0.02508740603132847
229099 0.028845529188898947
017615 -0.05257414555944518
330436 -0.06038394345749977
018569 -0.0028816325149743985
227113 0.06718555990338995
124996 0.12873443764876932
019238 0.16722957666831106
436337 -0.05446276466472759
125104 0.02176719803548028
017783 0.040635000751196304
019235 0.1748915547209063
434222 0.06969274466659613
227215 -0.004857855106712133
330886 0.00962686241149605
227515 -0.02796873425670625
123673 -0.016965384431550577
435545 0.1058283088573681
331438 0.1658461043126499
434450 0.025309439447890433
435083 -0.020705080305323333
331813 0.011681624719331818
123643 0.025449605856003782
124981 0.10323617688984334
227812 -0.05252801114977014
123904 0.07527725961958436
226900 0.03316377029274061
330421 -0.08069093936734821
124489 -0.00821388983402122
227572 0.0296414079403092
434093 0.07589969421437205
330541 0.03652634530100377
435926 0.0874460834886854
125443 0.04948624081442235
018344 -0.146921159098388
229282 -0.03524955694943439
330535 0.039705929353300716
435644 0.13632407552066214
436265 0.0028344523263356034
020075 -0.04833102654331275
018824 0.03996582670728404
124300 0.16896915256798087
125773 -0.02342817354969453
123421 -0.0007232346892510701
227797 -0.047150568679650076
229384 -0.021725913016889153
124447 0.06444563767433613
227227 -0.06546882898643047
332152 0.06996769201751499
331093 0.049014018374058346
332701 -0.0013600599486701154
125125 0.03154556532424852
434570 -0.01565235226179371
123529 0.09768327180124238
124189 0.08260886030366758
331774 -0.02271826184619805
433748 0.006470803280033365
227146 0.04942448348291959
229060 0.006214659050028157
018491 -0.019602238119360064
331201 -0.029956954955721996
228544 0.004037561092085577
433895 0.07347298667406399
330760 -0.027331513443881017
228721 -0.05669194316207062
330385 -0.03744406540000062
226975 0.08385417586000675
017831 -0.003955342068508853
019712 -0.05980619703593765
227224 -0.04817213901925429
125749 0.009931989598674402
228148 -0.03760115894656303
228037 0.13683101966783598
018974 0.17073925112649638
124819 -0.018299330591943747
331237 0.00841775583136395
018560 -0.018585129507490212
228772 -0.010072734373995522
433667 -0.03280749126063053
018818 0.14702920679414916
436244 0.012038147114445431
019610 -0.0760967858329652
330889 0.02381071624319664
019550 -0.06904987984619407
125071 0.0697374908120417
433700 0.013537848691145578
226849 0.04936700386266396
124672 0.05503494779213786
332419 0.03168451208187029
331177 0.023059489297289206
435602 0.05926819980511888
019259 0.08156768808346519
227968 -0.03109839934347413
228553 0.008195990880881212
125782 -0.07690160090515022
226711 -0.056207386870278694
435563 0.09932187169449229
123289 0.03735249406671431
124192 0.0848405278541572
018959 0.05481063079536636
435290 0.04085781264018695
229144 -0.032967080847160976
123613 0.016223655017656918
331213 0.04462875670572722
331084 0.0485710328142175
227368 0.12462388799963763
125620 -0.08631716199514035
435461 0.027292675440473306
434288 0.08287517839605447
331321 -0.0022466945554878884
018788 0.07894402129193272
124480 -0.006836428941864516
019457 -0.14065148529126897
332224 0.04453764865983044
331216 0.04730605408512045
019082 -0.002688748709556088
019658 -0.09294240335688995
331975 0.1105442976168064
125188 0.06411528596286305
436217 0.012068096235967688
227641 0.008555809422030995
125059 0.0580273484555117
123817 -0.06934974181635016
435803 0.08049819981869824
434999 0.015194687543852288
332830 -0.016559944458170765
433898 0.10563547243758596
125389 -0.1258742199733414
436100 0.0652629533566394
227548 0.05895464002132862
019286 0.039090432362802775
436094 0.059539097805619674
331456 0.1300591929278687
017579 0.008836957095898332
434300 0.09391242594168613
331387 0.158621360103804
124660 0.05563495321144208
017753 -0.002071357466347558
435488 0.09446433306758756
229339 -0.047710132588768314
330847 -0.05725660245479821
436277 0.010844762310037096
229045 -0.043311968977784644
435773 0.08755950564649774
123145 0.013006109756316228
330772 -0.03231635858132854
227485 -0.034570105939726294
331435 0.1707972270621702
332248 0.03800056340854939
435650 0.13614422966447662
019019 -0.0024320881318292964
125143 0.03518888068801783
125056 0.053934558890928526
435326 0.0014768167419603843
123223 0.05485240062793345
124579 -0.02380821709284264
330679 -0.07445189835746041
018866 -0.017502263308760018
330298 0.08796846250309241
018950 0.05459338397200305
332413 0.030447268366098068
019568 -0.05729004833655976
332401 0.021847724060868736
017873 -0.10814232124174132
331273 -0.08105632897870339
330727 -0.07566023611713195
123445 0.002507250051152187
435629 0.08958857910973686
436082 0.04199141998116663
330493 0.07099295914688095
229189 0.050796228993764174
435782 0.08536164197401021
330514 0.06141085830373079
227203 -0.006124350568728637
125101 0.016600301447086983
020237 0.009897419920674076
434240 0.10360315608315115
228517 0.07375078561442434
331984 0.0997816996883006
435314 0.01557321979703941
229399 -0.03792464699646201
123229 0.04704104062154664
436004 0.07168691647337691
434048 0.05983279062706919
332431 0.031286461011378025
435287 0.04894170646178086
020201 0.09479469496919228
330781 -0.0392225844752178
227194 -0.06599060587270347
228916 -0.06766874958212543
123658 0.029255978043019628
331096 0.05018919560593221
018755 -0.005746959723725152
434765 -0.0013010427835211608
332620 -0.0012765279100115999
018548 -0.04618992022298053
124891 -0.030341353166724958
435587 0.0725530814111235
436076 0.032102331752286335
228541 0.031100679591513806
434006 0.07914326739647329
228484 0.044890272160055776
226906 0.03815110553538222
018008 -0.08663250759659655
125737 0.08577013520682833
123667 0.0024793210402576896
332221 0.04499800049116131
227263 -0.03375186496998841
229174 -0.04996594548010475
331492 0.015781186650579662
228421 0.08590276219238872
227512 -0.028718238026418385
124006 0.06846609855461767
434417 0.03184087000377111
228457 0.02260063428950525
331708 0.030456128123408355
017822 -0.04445763035780853
017600 -0.047333169752584565
226927 0.04642944708233633
227482 -0.011035472314151216
435338 -7.546767836821204e-05
229027 -0.009469484615904833
124051 -0.033260183126568955
020267 0.09347776204849119
434972 0.043138163831826094
228268 -0.02182815545062296
330799 -0.008025981655370447
331228 0.047787503123319953
332689 0.003779822326753198
017792 0.025273466515703263
435284 0.054041509764734263
123412 -0.011358216230632264
228910 -0.05388697207133762
019268 0.05224866519144662
227386 0.07411545369261334
330673 -0.07287649395574142
227284 0.07528998450947212
228097 0.12557444288440245
228223 -0.04115292117765023
228460 0.019511656943762015
124450 0.06312018726669423
331513 0.1003376059328469
331144 -0.001502440899152394
229048 -0.05125378346996285
229129 -0.009714048607244697
228319 -0.06393248489412662
331741 -0.041071013793925075
125791 -0.0967220219851797
227494 -0.05158708171002676
330205 -0.028953302660895637
227785 -0.06277210328397344
331819 0.01257859930490231
331045 -0.04161396237388021
227053 0.05714067047758953
435869 0.05286859059855927
332710 -0.001447928355884305
228571 0.012130805343904429
228346 -0.1379402100093781
228424 0.07693999406521913
229198 0.09853147170174997
332416 0.03033156630402603
436025 0.072022486409265
228919 -0.07119676279446632
125623 -0.09011197248850492
017882 -0.12025042569369779
123598 0.079962247106052
332818 -0.012841656965876767
229138 -0.029388482182497278
434054 0.057983671068691255
226726 -0.03395950584106421
434852 -0.006569286101480242
228751 0.008858524032097474
124756 -0.002896350211603052
018074 -0.017333017691192092
226879 0.030543215936720727
331930 0.15325690508958834
228550 0.0039600963729296106
436088 0.055012950878258075
229387 -0.02598372546109286
019361 -0.0180883503813713
124885 -0.026153071950871184
330988 -0.06871724204976422
018842 0.007884749588003885
331996 0.0863771048452192
331576 0.08352291072023803
330319 0.06946814162950558
125803 -0.06774726447581922
331417 0.17630663578742756
125716 -0.01639030458510438
435197 0.04258170422701521
123670 -0.002753484949635636
125794 -0.09013577037959737
226855 0.05026929887036192
332323 0.022701153967892507
331354 0.11851359516613713
434255 0.12916360447059239
228109 0.10008874772441988
435161 0.04321401516034433
331516 0.11521435707548702
331840 -0.00602450967406934
332824 -0.014080922947738102
436226 0.005372704866990379
332782 -0.012809027261547224
433754 0.02439311082024169
123475 0.11721756707180987
123958 0.02920074564825859
435671 0.12789434609053535
227131 0.07012564426567738
125635 -0.07506615825173614
123886 -0.029543198386866722
019121 0.05746345619992082
124495 -0.011475323609863626
229165 0.033684857222086244
227578 0.012496882600147452
434072 0.07861279591468731
332683 0.0024382575657928723
124810 -0.008858229822257088
123253 0.05064016743377055
331939 0.07160672510772616
435272 0.07001632650148382
123826 -0.11815670022162775
123712 -0.061220096900559816
331633 -0.002052517208748753
229216 0.04302153112548608
228796 -0.0486323529266386
226981 0.07505651121133429
124663 0.05822541385207262
020258 0.019004722758242186
125227 0.04699013542065725
435986 0.0654619046646241
124828 -0.016025574046879324
435794 0.08445377691983358
435293 0.04120778195908928
123361 0.02330252852913254
123652 0.03648616457853665
435608 0.0535147154184991
229372 -0.03653008182229356
123439 0.0036887868052970425
018029 0.03830752971964602
124585 -0.012596764386032007
330325 0.06517113196242875
435365 0.012805248992673992
227137 0.0641082742244768
229285 -0.031640006933198996
226780 0.015412635381529932
123766 -0.0316556347287368
330745 5.8199836685132706e-05
125032 0.09398326702795555
125122 0.03266104327572453
228094 0.1293941730846551
020165 0.14725362898739033
331072 0.03925694667889198
435059 -0.038031421216040286
434879 0.005003671623720568
330925 -0.09889691939292844
229228 0.03244243089553628
124921 -0.073254929227147
125158 0.04556202680920622
123664 0.009105543516971338
331630 -0.00456066960241472
123118 0.03308891175414477
330199 -0.04417565818472858
330364 0.006984793639810153
435269 0.0724128468768142
330574 0.00646024557736728
332779 -0.01668796572000142
436355 -0.05846888855799053
226732 -0.04842739236258127
435044 -0.03136518974766512
228286 0.0019719698394119593
436346 -0.059626956455777924
228130 0.056673114692420104
330622 0.025812404129980062
331375 0.16742457505086547
332797 -0.006479615302209376
124645 0.04853777947276659
433904 0.10396504895821618
123409 -0.007086269511990212
019346 -0.03225521185307831
227989 0.057584570673476033
228250 -0.06600802578337232
227338 0.08286979639070645
019322 0.05579112185041475
228025 0.08277925247484606
330919 -0.08986349914826453
332137 0.0759214784787449
123649 0.02884459010141602
434027 0.012524605841005407
018512 0.046007307034429845
123526 0.08569063037901274
330142 -0.013038107531806693
227917 -0.09238098330501775
436187 0.023516726524164228
227308 0.1204772095050767
228709 -0.02701571964845787
228220 -0.03797900408640004
227542 0.05367016980459878
125317 0.05358534341074449
331807 -0.002185949951252617
435521 0.10583945951522192
331504 0.03671974894136597
332161 0.06881832971473424
435617 0.052606011727036356
436319 -0.04356263147324626
435842 0.03860075373038386
229018 -0.009785051100813139
434369 0.03453826235933796
331159 -0.04209624696448146
123241 0.030482009436023434
019181 0.13395406565156148
332755 -0.014728591332666772
332800 -0.007458801091122789
435002 -0.0049268399791516935
019505 0.0302750245782407
330634 0.0023041095231028795
227707 -0.021241236921035724
331831 0.015911583855385256
124642 0.060562698423306804
018212 0.0026715842504349972
226891 0.02930579311806515
227695 -0.04066129408516669
332113 0.08614278919498015
434876 0.01553306139067584
331300 0.007814606536882394
331111 0.04502380496270782
017804 -0.03248542954858704
331081 0.05837353472397843
124561 0.021250579741407895
434708 0.007265103575351838
434423 0.024458127815271336
125152 0.041734802966962775
332212 0.03865176388790453
124210 0.09484291028415043
434663 0.01414379489819997
019424 -0.04916581009062604
018200 -0.04290713139627346
125473 0.00588804035536298
330676 -0.07499080222149332
019079 -0.002564284975488533
227698 -0.030667636650139187
332377 0.007459399199107337
123577 0.09270996214764102
228211 -0.03120493065693512
017693 0.01503928745259287
229015 0.03115756038843431
331846 0.017889392972488854
124825 -0.01980077983800177
018026 0.030637988595583532
332362 0.004462154684293441
434936 0.045140484758575544
435845 0.03979832436525108
123898 0.05529519354478051
332665 0.004755589611246857
330757 -0.025243201755800748
228823 -0.10865197712255564
332200 0.058679562731051696
124063 0.15532551195240066
228811 -0.10223493299741411
227149 0.05089231426856644
330439 -0.058104510783236196
226954 0.06926880837655378
227800 -0.044093600676208516
125170 0.07380977410317037
227725 -0.0212139008154106
125254 0.012391146019125852
434057 0.0724723029208742
125464 -0.03433362866776116
125800 -0.07367705838144965
125719 -0.0032852351104841735
123352 0.04433828723832151
434588 -0.04580270350131204
332653 -0.0016190101220398719
434138 -0.006017083970327224
435440 0.003140554276400252
123469 0.09475004802628048
227749 -0.0860936241681563
228874 -0.0131301773226941
124633 0.05916217507723785
227095 0.013629223450470001
330682 -0.0715824502403615
228181 -0.03543236285493743
124033 -0.030475247412508382
018953 0.034127755267614815
226915 0.04307658909367791
332134 0.07861498932773485
124375 0.050914719892937596
330694 -0.04115703275568481
332344 0.020452988249493237
435920 0.08748621420449454
436157 0.0533844577883192
226909 0.034551990310578914
226741 -0.02867950891945529
331078 0.055396828209123915
019565 -0.06457066342169068
434063 0.06134317303116703
227977 0.005041490435850197
436070 0.04149651559343377
019523 -0.002634785330346487
018179 0.015451117553977886
227236 -0.07984295796745684
226993 0.0729065165978532
330775 -0.04105599760725259
330520 0.05505263359512039
434462 0.00807437237815849
435020 -0.04755612032533628
125338 -0.0739017409063021
331621 0.019077546960954785
434147 -0.04729999521596138
018848 -0.005102156623266062
123832 -0.10886656214757136
331804 0.012524571908096756
229276 -0.040074652440858304
330331 0.06795399978524133
229126 -0.026814124362570715
435263 0.08420797631114763
436178 0.033674043301321475
433877 0.047566087639070075
331168 -0.005289443754960623
227839 -0.08203904833565066
228079 0.13356777764734268
124567 0.018481624375105893
434051 0.07015195330055432
433673 -0.028030354193854613
018578 -0.015229570434207007
123943 0.08939786819175437
331255 -0.06836078187302937
125266 -0.008024982953753299
229036 -0.03952049675057067
124843 -0.006986629660895156
018089 -0.029799895263477767
019397 0.03944372046248083
434951 0.09750038901718751
226750 0.031717214730723274
434846 -0.039467377538313406
018413 0.05514125558682813
436181 0.02668117611437864
435734 0.07374654330583094
436295 0.009580208057515829
018797 0.028452735863242054
226786 0.02240634134788916
331666 0.006014970858244027
124537 -0.01671008087476848
018041 0.06503627796715904
434888 0.07033139840843529
229237 0.04439399844205086
017867 -0.11006647685829987
019454 -0.14459393080722147
435236 0.036112606813758046
330157 -0.04013389855487196
123286 0.03837402104490439
020168 0.15171623859543987
331315 -0.04478590844847302
229171 -0.022489139863027086
123310 -0.00016994534690323204
123907 0.10878608937747972
434201 -0.015913943988131098
019718 -0.07981271781618632
435362 0.011177410480085309
330739 -0.040440851823053306
123727 -0.013145755973526262
434213 0.033067366770557084
330352 0.09393627051680543
435395 -0.023981818007016802
330472 -0.015041187103771732
228676 0.006957351994366138
018035 0.05793949335025946
124417 0.04688066778556921
125167 0.06296016574466355
228253 -0.08045308448641489
123181 -0.037183407178811745
331981 0.1052795520068621
227176 0.02426809474012439
229024 -0.019662712273381736
017771 -9.211302832303861e-05
019310 0.04664486813724603
018083 -0.04715158266778454
435593 0.06461416706093219
435983 0.06461462884914658
125704 -0.03496548553396549
227008 0.06672537375897333
227692 -0.049795057706002496
123631 0.006594810058890147
228262 -0.06832811287483884
433853 0.052016942372044815
228574 0.00703593295112228
124564 0.021159278141709533
124636 0.05671949370256147
019274 0.0456752054875147
435665 0.12963768606389647
227629 0.013898219598033437
330898 -0.036600942699333575
434126 0.041201092598798984
227869 -0.04051445537882328
125545 0.11231601229891568
124348 0.10561641786927707
228973 0.03800548088620728
331999 0.09026297632088265
018266 0.044177242823737556
019943 0.013124273964424652
433856 0.04500668352352098
020246 0.035838579199980757
332326 0.023087293871592238
124228 0.07033994211987935
124369 0.06106232269697054
331195 -0.060139541504406195
123688 -0.01198868612287715
124591 -0.00892862924261563
227134 0.07277014045317319
017750 0.013677800253438158
433901 0.09098465467113405
331090 0.049997821679725586
226963 0.0768897151253036
019256 0.09134336247635115
436241 0.005888210574950811
433772 0.0334567497206471
018983 0.1967699978137311
435014 -0.04442298778135137
434483 0.00048763378084949315
228280 -0.0067530660894654215
017894 -0.1167186642420201
227719 0.005564213053150061
434432 0.026571969524900613
435590 0.06732793308026112
125284 -0.04304988384761714
434990 0.054660312638249026
434156 -0.055445738565693015
330463 0.045856403278044744
229225 0.03259052765860231
019643 0.059888307693913276
123370 -0.01811502362787805
123397 -0.028131189479730378
123784 0.0852739713835722
435683 0.11638593067095947
332341 0.019207925744676797
331669 0.006587008551553472
017951 -0.025918855857686923
018749 0.004817440904457279
331150 -0.03054781386149382
123949 0.03207751391809198
229000 -0.05028409506493842
019025 -0.037364628637366344
017924 -0.015086448934287868
330481 0.036638966220359434
124141 0.04775315695565846
019217 0.17973558172211898
433676 -0.028586063318986846
227650 0.010353804695012972
331180 0.023286625413416022
228937 -0.06951502866880006
227527 0.008812236619684995
123556 0.2160115909997448
019721 0.020088202393000038
332209 0.03898119057139391
124759 0.0004960001735033832
330850 -0.0778693034112105
124231 0.0725125549439489
229156 0.013699417936753135
018665 -0.02231277224277522
332731 -0.01589244250282188
229249 0.005893619092190321
228742 -0.0023975562170517775
330412 -0.060471111448503534
227473 0.007501435884461737
125752 0.01266491244919927
123322 -0.004899409062387059
436040 0.07454800949436624
331069 0.05555639292799642
018914 -0.041803870527517224
434756 0.020176462789347666
227065 0.033417038687031324
332722 -0.010051338153441813
331426 0.1817733321388748
018923 -0.05771295232376577
227278 0.04451933570894729
331027 -0.07239591208371249
228310 -0.05970848004709528
434204 -0.015766061389448655
435767 0.08122780514131511
124558 0.013762144074022153
436334 -0.05662978022612403
434993 0.06177494430223757
332170 0.07364195165932887
124894 -0.036970548562392666
435815 0.07255020335700357
019136 0.11590050945942888
436028 0.07428640860370979
330355 0.07559188394048004
332728 -0.010492201539521226
436154 0.057766429598065376
125203 0.06453362861348548
018740 0.0466220041580206
123325 0.009190559548448067
226864 0.04238658565483444
123448 0.10809973368335539
435746 0.08430299483926905
227206 0.008774918290648482
018692 -0.05963015671998746
123265 0.08024418418618869
436061 0.06649991753754367
123226 0.0569962104015031
228556 0.016308647261908137
436118 0.06614372172912994
330388 -0.02376510757003285
330403 -0.02227949776272649
123313 -0.0071806747405776155
017810 -0.056122774463586336
124726 0.037917409729400935
019985 -0.07556386858599132
123634 0.0021480297355494908
229102 0.014492664761492928
435851 0.0382003632393111
123133 -0.014758434582245409
019037 -0.0751804160195385
228205 -0.02924361777170787
125212 0.051388819136523774
330499 0.059246915433396094
123136 -0.029109466557550916
435995 0.0686798582218067
125788 -0.09249480099839857
331102 0.041262943716562965
434747 0.009385427060399047
124090 -0.008979916064594709
019055 -0.0408188373514282
435956 0.03456223642862453
123247 0.039195400300127775
229030 -0.019057496424178214
434024 0.02261078909395754
227326 0.09619803683257794
332203 0.056175833605610175
228985 -0.0849868159083557
019157 0.17255018997041005
228511 0.09018911854397937
331654 -0.03267476542576685
330310 0.08029120531820733
019388 0.058332828449011026
330406 -0.03191267132861772
229084 -0.06106406770209041
125347 -0.102226220695279
330169 -0.016782301682839538
435932 0.08380921239479694
436331 -0.05658317720192614
331204 -0.02411522565070226
331783 -0.0039436570635936466
228568 0.01667846267527964
018044 0.06255970217444522
226876 0.027891942802209094
229033 -0.03275661808133465
229120 -0.06099641561808927
435539 0.10908449438501412
331474 0.08252241301191608
125206 0.06688707786865764
228433 0.06777138327084477
434345 0.04923256999569473
017786 0.049415137417007426
332131 0.08059876815550292
330517 0.05347521510109585
019187 0.13647709257776722
017681 0.045290208044124626
330652 -0.014263620025246799
124888 -0.028801841568839207
123835 -0.10062413108387566
124081 0.003588096955974246
020294 0.13760106266913227
330721 -0.026946423210469386
436253 0.0006942363648427103
123331 0.022859249567192503
435500 0.057522093467659456
227098 0.016288564662055742
019067 -0.043525444669347865
228988 -0.09373484116548109
332104 0.09543670466297334
125734 0.03162532302448929
228115 0.09764624492816894
226873 0.03121496487143614
228049 0.13257581433327348
433715 0.0018062484332655871
019511 0.050939410406939806
228529 0.05440542765226738
020210 0.167398339084102
331369 0.16036531022358574
124684 0.06535070416462643
018086 -0.0394777722134528
020273 0.08414073944941057
330523 0.050463063348463816
436313 -0.03296290110178561
227668 0.03668999009093973
332629 0.0005218406132388963
124225 0.07270279430748383
228478 0.018652482045103416
330823 0.015350719270499103
330769 -0.02765478832263144
330178 -0.009072446706187514
331642 -0.025434966545140512
125044 0.08147467311368982
330322 0.06351378468449681
124150 0.05467218387157365
020078 -0.04352435714754708
019142 0.12830358561189809
019991 -0.05974260101330389
123700 -0.04108602119756284
436148 0.053409473334401554
330883 -0.019669077419673685
125458 -0.03957332537898627
124138 0.06108168154666728
331528 0.1181973597113379
331612 0.03276149491227902
226858 0.048446821062453564
228022 0.06743737446893842
331048 -0.014995020731138375
330844 -0.039242615301920566
227950 0.014917471931232457
226936 0.06048444737491027
435953 0.03845177717625844
125053 0.05988839165449121
331501 0.024158360958824815
228418 0.08923486809256585
435473 0.04355847231870367
434402 0.0305736904786267
018551 -0.03486830803472497
123511 0.024163891656113826
436151 0.0571855754948487
332608 0.004125285086788517
123754 -0.011742926254651453
017954 -0.02442525103367128
228298 -0.005651826311671541
434186 -0.060004348589636325
018941 0.014529787668311875
124621 0.06292444195029336
332437 0.030619464358975213
331561 0.0798812130342179
229207 0.08565260281214432
330832 -0.0007030301945366396
228946 -0.05684162411697287
332443 0.030129964739570306
436175 0.041370558246806854
125593 -0.0427434637903796
124324 0.13111640720551715
017711 0.06877884329581747
331327 0.038367610924145666
124612 0.02814075580377317
434738 0.012477239780433863
434375 0.0325134239641995
018872 -0.018495383548215023
018671 -0.026293105109677934
018815 0.1510625370936627
227827 -0.06295468975093532
125089 0.050747887408721735
330382 -0.058220410932747546
227452 -0.0050555019207068775
124744 0.015604330635115788
434567 -0.018729365742667217
436322 -0.046642152081287594
228004 0.0046470080643824675
330805 -0.025609231174380048
435839 0.04051811201939399
123955 0.03125411386549214
435248 0.06587872080566118
123553 0.21066084898215406
332674 0.0021156913868493068
331966 0.11555540067993922
331936 0.1227879075123899
124015 0.03783280135797323
332269 0.03925001437313518
019328 0.06243291658754755
228925 -0.08777113373415714
332368 0.006005866887237937
332725 -0.011799266160311041
433742 0.004127543822655507
123484 0.12978849866551714
436145 0.057837217202562394
434741 0.012245788099243616
330841 -0.012058095659195769
331816 0.00042675173457981387
019316 0.046338906070993245
018617 -0.013080686961532272
433670 -0.03648745915440936
124180 0.07165258847169251
227545 0.052547979062202974
331573 0.08191209175447067
019448 -0.11711458759421182
125095 0.025251717543078384
228475 0.008152474848482477
330175 -0.0006229268138639632
435305 0.023152651401993404
017678 0.018970027162861877
436223 0.007925809203136276
123301 0.012007815910986399
434456 0.023427765459277973
124879 -0.03425196917148329
229240 0.04529472490084219
332020 0.11356740387273159
124774 -0.010993498868518917
227311 0.11094535662293903
331294 -0.014598074101174554
019418 -0.01363689520450287
123811 -0.001437914628637097
123298 0.026459026740189608
434891 0.06903547510300541
435494 0.06374317927078275
227974 -0.010794020236882949
228958 -0.034151000842208984
018272 0.06656120685349373
125395 -0.08048652391585091
228514 0.08028123249167284
124768 -0.009591174263995706
017606 -0.07080741144177344
226729 -0.05573274614957305
435266 0.07973698419972185
123154 0.032938098128060006
124963 0.08474558281593779
435026 -0.025905570789059067
436232 0.004550890681858648
434678 0.0012251803126842448
331120 0.043272090861606265
228736 -0.010971868704904861
124681 0.06425076630994449
125176 0.0646780148289772
433712 -0.00028793379794129196
435896 0.09124927713744464
017627 -0.05649735002450219
331270 -0.0941725296332078
227104 0.034668554982384955
331393 0.15251807244825158
331843 0.006581137886064931
018908 -0.026478022617529042
330376 -0.06674711021286049
019436 -0.06657297358115814
228904 -0.04838068119346746
434294 0.08756609291997966
019367 -0.0104879604501546
332263 0.04176440537130029
017969 -0.010733775038650075
123802 0.052061609256795864
435035 -0.005587051467974064
018095 -0.05325212669147211
435635 0.12139669395482876
229180 -0.0347720916269007
017957 -0.021033811246082463
227443 -0.003469234293009301
332716 -0.006570853736152674
019997 -0.038142238552488175
332446 0.031740299739420684
227164 0.07924177284934429
435809 0.0729867264433019
124600 0.010974070207910044
123415 0.0022022952642226363
227419 0.011961357964343807
330589 0.03960195857256462
123724 -0.028683568891927674
435524 0.1068431140536017
227380 0.07524464150228002
228178 -0.0318931652465083
226897 0.030927792295049165
124501 -0.019584679298903715
018725 0.03420451995900986
123328 0.02166839881852736
020045 -0.08595831942298907
125140 0.03146873833746621
434459 0.01752204923738438
226768 0.01144423327048177
331768 -0.02981577490227969
228952 -0.0476970034817654
124657 0.0527183811113834
124669 0.051650239040190254
123808 0.032558684636627915
331399 0.1543068906448788
330295 0.0837973584854825
125755 0.009311905018718425
331924 0.11530713332698694
228766 -0.00784817763879863
018707 -0.060297466505600195
124786 -0.01808200176626715
331339 0.07076110214489374
435425 -0.0037836434971476158
434084 0.070560248445973
019946 -0.007955063490351294
434912 0.08011764734557403
434372 0.03512849193803323
125302 0.05501219663491442
020027 -0.07475043942414171
433892 0.08878939897808683
227479 -0.002226598191358215
124984 0.11276004735014644
228505 0.09392311654087217
229093 -0.01968213390556298
228202 -0.02709742879891694
330976 -0.11425309466235922
435833 0.04402708250859469
017609 -0.063159679777296
227410 0.01418423295746314
434828 -0.04320037381888046
228187 -0.038435866526194976
018062 0.019384710982405514
228265 -0.05331266850934501
228031 0.12787046217929673
019106 0.07464323141587474
125590 -0.03677636103822696
020036 -0.08972516924279891
124195 0.09905716258816318
123292 0.03278317214730658
332770 -0.019094876684516492
332848 -0.01110463119692499
019247 0.12217237646866562
019034 -0.07055350622244375
227221 -0.03281369807780344
125362 -0.05133983640242929
331087 0.05427832713256125
435791 0.08402043137586952
124441 0.05289707842315797
123238 0.039142903481301464
123334 0.023901977231335785
228979 -0.024894387516889657
332353 0.006102274167154952
331489 0.025492304555397124
435971 0.0554512313558339
019250 0.10657306675179297
018467 -0.008611265940275807
331495 0.018310067769931
228352 -0.1380249546610751
227710 -0.007806478556094335
123406 -0.01932817339370067
332713 -0.005434273953563159
331108 0.040955814128336175
124576 -0.02261838215802397
434837 -0.04832370210937362
123628 0.027747732955942718
434135 0.03421297150162497
331231 -0.006554199861218291
436301 -0.00887376623229592
229402 0.05369004238056367
124045 -0.05065779935936777
019112 0.0672851321977694
435260 0.07963319052825799
019031 -0.061611420634080045
330754 -0.01036064168848091
124912 -0.053808066431505465
331429 0.17675047234804392
017813 -0.07023577993840403
332410 0.027420989014678897
434099 0.07339134157048655
332764 -0.019002356223285787
125488 0.07072522300851082
435719 0.07439824238627477
019493 -0.04754389948671737
125182 0.05876151462249943
434159 -0.02861848673637411
435386 -0.012858023284191071
226984 0.07162594658681018
435335 -0.002116964802597507
123742 -0.0075327074920151955
435884 0.08550678693919518
331291 -0.016659551916364822
331870 0.07901419567753654
331342 0.08464209650572738
125674 0.023993203409575437
228499 0.10175530875791881
227071 0.016262551574658928
227161 0.08013396893798964
435377 0.002015029535843114
434060 0.07335871246470001
228016 0.05231616191145126
017741 0.0331196402845414
019544 -0.08457011275855052
226969 0.09173463469537979
017768 -0.01128485523992115
228208 -0.0319292294882825
434162 -0.01725890362317887
330670 -0.07487333434088647
017885 -0.11367401640134243
331915 0.11539953930386614
125596 -0.05541024929878096
227953 0.022242114878406258
228019 0.06305483971357141
434963 0.08297612333723982
331510 0.06642535346179401
123574 0.09649472002925119
019229 0.18325429792094666
331003 0.0019704880996527945
123271 0.06843024497187762
123568 0.1397411261997655
331000 -0.035037635026632014
124465 0.025346486704718892
331756 0.019158643984920763
018260 -0.03918562321144728
227038 0.06827008439530846
229255 -0.02754787495629681
019400 0.028156360593693183
125797 -0.08095514067964911
