436067 -0.011649146856000415
227743 -0.08875007192755617
020222 0.0338198878721237
229081 -0.009266242188360502
125077 0.03890198835379218
434039 -0.0015734470722889714
227455 -0.04776296173087071
226843 0.027081381407551043
124990 0.06486209715255582
123736 -0.029277609082287843
332260 -0.027217036684498225
124186 0.019747236102213524
228907 -0.023867211577778602
227734 -0.08776232628090155
020084 0.03975759972319868
229303 -0.09760656694121199
124651 0.00916246511653394
228184 -0.05122200705120124
228844 0.0018764439293976892
019016 -0.08088711235008682
227476 -0.04714062312006457
018068 -0.030659651413785866
332116 -0.002408200459708164
332434 -0.01923212156889965
229123 0.007690498690523746
018719 0.02666446033608976
331105 0.04051159160788436
434012 0.019588109419473546
331405 0.07946669564997683
125260 -0.013834272142147394
124603 0.00017108219931024417
228496 -0.0009077744458311328
019124 0.007316958536220931
436034 0.003964201997080061
227764 -0.05038144538782573
226765 0.007032755854094557
436007 0.007983501601458887
434996 -0.053062518978992314
434408 -0.02830526435298481
017825 -0.013697569758325121
435674 0.0517605415956744
433790 0.03471738172001218
435968 -0.008540506007047647
331057 0.02998594613387942
228007 -0.024242298353776306
123172 -0.05566983496750126
330793 -0.005057771082936804
018938 0.031035878485738924
018218 0.03140796358782786
125815 -0.047441266795707725
229300 -0.09540228204232973
331852 0.0010905648171833163
435788 0.027620588151725342
332827 -0.027911821459325914
124168 0.016779184860532783
434150 -0.06259009675214522
227659 -0.03799417046637965
125299 0.0016149105589882485
125476 0.004228289929356182
436046 0.0001729564688414001
227428 -0.031280986644638534
020264 0.050946896115766804
018734 0.04342401044770381
331588 0.003662944152912131
124813 -0.06336560767082362
433757 0.012566413663399827
125329 -0.04892465745116851
229246 -0.025847114026958048
124696 -0.01920913147325275
123820 -0.08583790108583018
436202 -0.02020329224009633
123799 0.008805818771447788
228340 -0.0574477969603787
125677 -0.04259684679455711
433736 -0.019403928997801106
124474 -0.056859777306714473
124177 0.016766486562619382
435677 0.049636175991251925
227524 -0.044016931252112285
227569 -0.03457480112785712
332857 -0.020073139878164573
017690 0.012011490401481334
019574 -0.017430288149401705
332017 0.018633867424367793
331234 -0.037245679858734296
228151 -0.04889213753367052
227335 0.027773918410696295
227683 -0.05861354133169921
017636 -0.06027669224331229
124531 -0.07894326142259507
434906 0.007421295695556085
125491 -0.006067525570509476
435554 0.06822937634126186
435632 0.02434834580119648
019292 0.024259500189351343
019796 0.057737476563660746
124540 -0.07140786518812783
226756 -0.003349997757192979
434744 -0.04382804544361163
123268 0.018622286169762636
332383 -0.034180502625760674
124354 -0.02258513103537008
435095 0.008465924827854373
331279 -0.029663928526498767
434480 -0.04329433395908851
228880 -0.014225385874615921
228799 -0.03793017046280852
228430 0.04740924627983581
434954 0.01035060903605984
330724 -0.07741569193868304
435398 -0.03153773936686327
227245 -0.012026341727991495
330913 -0.0696085466475778
019313 0.01755320492929091
124171 0.014475154664981414
435536 0.06860783844548886
227122 0.00138242212959076
227014 0.035729659116259686
123841 -0.05323340318147492
018452 -0.052423047294302395
332662 -0.022418149352148316
330616 -0.022884136392095536
227653 -0.044991106357791584
226789 0.0016800550388229758
434648 -0.03167023716677266
019304 0.015695051673140326
229192 0.04093004928351209
331729 0.0021203344202095687
228763 -0.009402479492153764
017981 -0.06911508131515144
228730 -0.012527145967377251
124003 0.015177424895342339
125695 -0.07282124327846481
125542 0.07629553989230112
435527 0.07029546914055088
227644 -0.06787610662334327
123985 0.011059304902447352
436142 -0.007795549913365895
228121 0.04844644541302475
123739 -0.021780729325962703
228703 -0.03720676042418679
436289 -0.02789001409638459
330778 -0.029516079291045494
019466 -0.023669458841250327
330733 -0.044999232511213044
436019 0.003513661945549255
435827 0.0051385700119080235
434945 -0.0021856907126191353
018020 0.003953481074644637
434234 0.04605831183659614
018038 0.04390003694401177
019220 0.06761097769089044
330235 0.05669056830486403
332815 -0.027048518892887508
330715 -0.03418213981585854
229369 -0.045736724557249454
020189 0.06198850303399758
019199 0.07880154181262146
332686 -0.02235800311914574
123685 -0.040674256956204476
124024 -0.07517454187335872
332026 0.012211239309978385
125113 -0.002652080249913813
018875 -0.015311691587109167
436274 -0.024517186770555536
123139 -0.018734396346443027
125197 0.015016676391209998
018893 -0.03484261666238465
123211 0.0131943462004699
229243 -0.014296051622495712
227257 0.012424784592193016
018446 0.027913637032584534
124000 0.030116342300202933
019133 0.0494729760620329
227044 0.026987392096671284
124855 -0.061602633863364335
123274 0.013083998594433812
331552 0.017814781921090123
017654 -0.02735140498443165
020015 -0.06028272968820193
436190 -0.018612763825180352
020033 -0.06193563442569259
124504 -0.07369345032673699
019487 0.008735808022853899
331444 0.07108516241656815
020285 0.05432296631572482
435758 0.026034698195681622
125680 -0.041114349770955134
330340 0.003962187021736352
018608 -0.002193593650898605
331738 -0.03903430350937489
434720 -0.04382904865992358
228226 -0.048802931436097624
435308 0.02764780426450308
330904 -0.030736332960446647
330448 0.015413046908956224
124834 -0.06848678137547644
124381 -0.03541108244601175
436160 -0.005520873556900798
018689 -0.06978808144553138
435317 0.019798432400286774
434111 0.0107150350672595
017684 0.015074600536328246
436106 -0.0012382056916478465
123451 0.05360039551530827
434987 -0.02183871768879457
123130 -0.08275505479560057
124618 0.00914953663033514
124534 -0.07672965563971805
020252 0.04345777203494696
332452 -0.017167807209020006
019271 0.03788901024314613
331408 0.08123507739074524
434573 -0.03764218017440144
330838 -0.011701384149764396
124516 -0.07929099648787262
228175 -0.04394620084410231
435008 -0.056198512586888426
331450 0.06413525726383217
125134 0.024199536403654607
227140 -0.018582468164957646
123382 -0.010867855912535852
228865 0.0027009451043593
435824 0.011263138769512324
435704 0.042071589850504264
123295 -0.013342667548147146
436124 -0.006929862933751699
330433 -0.00010602172084419401
435038 -0.011535656592146452
331618 -0.07186934568267923
017708 0.02759802839160363
227671 -0.07229378187558075
123490 -0.012496139481913554
123343 -0.012638076875944402
330907 -0.03114972899045552
227554 -0.028844252719408957
229087 0.0006194609802204111
331372 0.0795586921613562
331285 -0.014469756947104945
434174 0.02030401910731803
434711 -0.04131524449242437
229009 0.01985242907407494
017948 -0.00817425985981647
331465 0.05098395462549251
125005 0.06790495875989032
124261 0.012548631607134852
434672 -0.04160254386335135
434033 -0.006452326948290045
125332 -0.06695530687136778
229141 -0.012410011306498783
123442 0.021643022652510762
331306 -0.01884329434592969
228325 -0.06272472933561882
020276 0.05205432232135512
229405 -0.008207754294716811
229039 -0.014058853697715685
229003 0.008020295629284059
435881 0.005093459191945755
123184 -0.03741868611603215
332392 -0.03653193431173383
228940 -0.02692717544577301
434438 -0.027095023191562404
123346 -0.004803111492913326
229162 0.03615706864836753
228403 0.04350453560715859
123967 -0.006893196058501581
228706 -0.050324647886383765
124735 -0.03127833177111246
436250 -0.024299268044755972
330877 -0.022486308350168478
436109 -0.002036907242276234
017657 -0.013042245723793323
019244 0.058654659792682126
227092 -0.012112343413034736
020000 -0.04277603972810425
331720 -0.022112836584777494
123418 7.157609478228515e-05
227074 -0.0031731518478725893
123919 0.06849367397074108
331117 0.040296291186439175
020138 0.022797807968699676
331165 0.009492173440569114
228835 -0.009299190063786702
331681 -0.06276947230294617
330409 -0.045114620316046905
434729 -0.0443475744399727
124066 -0.004761684003657913
123199 -0.01006257692938179
332029 -0.011928620495919352
331549 0.0183139780475499
227518 -0.053209830662677454
228271 -0.0005359261698306315
123769 -0.017602448049433308
018869 -0.024351188114711216
330649 -0.050323634102447674
125776 -0.08104709137225535
435578 0.06161482169321704
331948 0.0470897949526927
227392 -0.0015223464540994921
124144 0.004598879429792602
226999 0.03602160961004728
018311 -0.032345678260266915
124738 -0.030497228702079857
019412 0.004892518669475921
019928 -0.024816100117561093
227077 -0.0018993596868656765
330853 -0.07088464374150544
018461 -0.005637582408333557
228307 -0.050035479975809566
435140 0.01543017975146494
331987 0.023162772841292284
435164 0.013388956328968948
227980 0.012166568404143886
124159 0.0025357943667167937
019619 0.012265531842670744
330601 0.01888151587364967
227323 0.04772008183736176
125698 -0.06875215952092928
123934 0.055331008511544676
019763 0.04018403531382323
124009 -0.015468672135339818
332617 -0.02268641627671744
331276 -0.031174479710382216
019163 0.08032993173528169
018119 -0.039044730205878134
018065 -0.015360378572173518
123364 -0.028199158264407623
434009 0.020566063553580618
332398 -0.027683851943973145
331891 0.052529931343569085
125353 -0.049784494861189986
228997 -0.01558968298531102
125728 -0.06601978512051021
330193 -0.04373919514638237
125785 -0.10271565540061028
019973 -0.03241278328274862
331075 0.0461302762075981
435647 0.05408910996369384
434069 0.01949537324505451
228304 -0.06023765082775033
435041 -0.023660093571191327
331954 0.04919342548985283
434177 0.016330575450022415
229090 0.008420985401466335
123622 -0.022255647519458358
018368 -0.0011684734957887822
331795 0.0194199941108387
226933 0.02243384081512431
435557 0.0673370805069699
227116 0.001014544590150413
435092 0.007047430936233464
228082 0.05407241012211808
228535 -0.02488104525004091
226753 -0.05245616445279866
125467 -0.027358537311815128
435374 -0.05660080336799827
433784 0.025242239321913093
436364 -0.0597107378664103
435575 0.06200216724063871
017807 -0.0914532057984227
018290 -0.07466567273609516
436049 -0.0005974565625746432
331189 -0.036576406133101466
229234 0.004013038965104288
124027 -0.06369581125374177
123340 -0.016804834472316517
018851 -0.01962050171591893
434735 -0.04165767314759897
436229 -0.023862429247744132
229021 -0.019464978133576245
434144 -0.0644887792883149
124222 0.005823368395708542
331798 0.01766295676939508
125722 -0.05174891720607658
124876 -0.06349219922296012
124408 -0.04997725765259429
018623 -0.016083360065871702
018980 0.08238104425575042
228085 0.05147389631142412
227365 0.020947186171453268
226978 0.04016983158394724
123583 -0.02070974422069615
331531 0.03492455764112571
436340 -0.05652128649901037
020219 0.045894423573092605
123853 -0.001524902515495389
330430 -0.003921423263962546
331777 0.006912664217453724
018698 -0.0867353911312298
123541 0.0750437219547186
433688 -0.004459867712062135
123616 -0.033128031752637545
226948 0.03666276688902894
229117 -0.0028722901794126614
124693 -0.010362225255918768
330880 -0.015821706162120277
123964 -0.004631611016705313
227521 -0.04903258096636191
019241 0.06132315084086006
018056 0.027676454117239794
330787 -0.017682038990725568
020261 0.049170897185212156
019994 -0.03776498772425197
330484 0.03911234607332617
433691 0.0006826950239587834
019169 0.07846673108248808
019535 -0.05214352695004462
434714 -0.04214963774634091
227101 -0.021041870070548502
435905 0.01080345465105718
228397 0.02153274264748727
020192 0.06635708315872851
125599 -0.03392473485538135
228592 -0.029840642204083136
434216 0.053677973685243616
124882 -0.05942703748591134
123436 -0.005913136174840502
227389 -0.008131765421947474
018557 0.004156628917773809
227908 -0.08810124566246356
229012 0.02612988012883652
228052 0.058956871796343735
125074 0.0451131537443783
125536 0.061611034713269244
229375 -0.03826861979006317
124363 -0.0333972177813955
017738 0.014613129458490056
435074 -0.00420665700622359
435626 0.005456222954053456
123214 0.011061684793662983
436328 -0.05173282882087251
331639 -0.051457477723519274
330658 -0.03803815284098256
020279 0.05870436425077942
227023 0.03825764612823371
331210 0.023803461539983913
123256 0.0019059434094358375
124444 -0.022195729858695706
020063 -0.06467594092370456
124207 0.012409434639135257
228328 -0.06115173021006205
228241 -0.026673303740469324
124714 -0.036981316021573736
332833 -0.023759920698942012
124468 -0.0487632378720655
124093 -0.014401273050505297
330529 -0.0009736339220951845
330211 -0.00503839892253541
332737 -0.018870592743681594
330961 -0.06373647253301516
018242 -0.04729424398622395
124624 0.011280102892446983
018053 0.01416718193269834
228913 -0.009694091846095146
125263 -0.020321002132762393
123454 0.06149040831547903
434102 0.014450054357922263
017909 -0.017816404775469717
227680 -0.04200654167018084
332188 -0.0033035401876862873
019205 0.0775109516946893
229072 -0.02909348917709427
331351 0.06601998094216134
330370 -0.08871380221424767
227383 -0.015948564386423933
018728 0.043066459196107874
123400 -0.01144624914386034
019694 -0.025575167958837457
124654 0.009867225690337008
435341 -0.0015718214295242642
436052 -0.0028310904698772327
228289 -0.025761652670109127
124423 -0.05978480454383661
331534 0.03261144222495958
019253 0.05970112732109868
228817 -0.025369029737113555
330502 0.013114525858405765
332698 -0.0225562726615598
332149 -0.015924224316111228
228010 -0.029168287551616625
332845 -0.023013224645186358
018284 -0.07691118381815526
124960 0.04743005049922479
436121 -0.004475052345464905
020288 0.05712300665404859
123394 -0.019443085768951204
434666 -0.03867090698700154
019232 0.06574574143127575
227293 0.052680515387981935
017660 -0.006636435516218842
331684 -0.04714819320514051
331441 0.07088729143142698
124342 0.001502078645774759
436211 -0.022282928206747654
123505 -0.028610994590481293
436220 -0.01959370258579587
435875 -0.0028885503272339714
331606 -0.017770303041210387
331744 0.00018056135368930702
123517 0.0019043752360725986
228118 0.05225641505570517
331735 -0.03132264360468438
123718 -0.018128539842522776
227110 -0.00516580569571803
125761 -0.06878891801061135
434948 0.008470528531054481
435737 0.030586280016035063
017639 -0.05728652812382668
124204 0.01979452704197255
018602 -0.012616959317169047
229279 -0.08430631327750661
019385 0.0464101665979856
332320 -0.022042373954644423
435890 0.011171197047115767
019127 0.009614025173380465
123697 -0.06508379628749
226882 0.018057866357965732
436262 -0.02832497142194077
435623 -0.002118810176000141
019889 -0.0037424137067245122
332176 -0.004310365365309054
125764 -0.06327493850306926
124114 0.02428684298227014
124519 -0.07994801268019068
018248 -0.035109865489264425
018140 -0.03009758861211798
227557 -0.02351954925644318
436349 -0.05590618233052389
226735 -0.008807619486812386
435281 0.024366623552631098
436358 -0.05907023484622805
227254 0.006525697848900735
123175 -0.05731861405712719
125809 -0.06663854984827675
434894 0.010387005127753158
227143 -0.014851472328607526
330796 -0.006631201623787474
227080 -0.0013778894822416715
434264 0.014901503056188372
332215 -0.02216631936257836
227128 0.0017534498456210808
433850 0.026061252023087067
435251 0.025681123114251473
018944 0.0251275476930658
018521 -0.017940491211159437
229366 -0.05014489531055355
433694 0.0075939597214778635
330700 -0.07590474356041355
020204 0.05541461782297797
228100 0.05709231632058788
331333 0.048196882240168305
020183 0.05980074450256746
226921 0.020194102386493433
330151 -0.0787044118966122
124801 -0.060258337781433406
228775 -0.022015572746780027
435830 0.00343848026440756
019793 0.05624250491405317
019211 0.06502594720021855
019265 0.04559095673874987
330922 -0.062426945588345946
330553 -0.017534494253561145
330856 -0.05890584055180319
434591 -0.02183835190232166
017960 -0.04063419601128362
331267 -0.05035374651314563
228949 -0.02362745491824295
019811 0.06340646531755598
332647 -0.021761102423932446
227302 0.05626476726316099
330508 0.01221847182334841
331957 0.04944584991302623
330466 0.03119358348563285
227965 -0.038383065411729464
017780 -0.04082313586496893
125692 -0.05916025539540033
017630 -0.07446392861243983
019532 -0.05964869078179435
228976 0.017201901351889596
227020 0.0379922250293675
123514 -0.009849839551108222
332218 -0.023665360614572518
019109 0.04432451973796801
331978 0.03558681865108808
124258 0.0022166057210048825
330811 0.0010707360421909687
435770 0.023322967035350903
229069 -0.043090226063403014
020291 0.06252867183809264
227413 -0.023982972210383348
330418 -0.030884869815243254
123940 0.043145417979766634
435485 0.06361191195763267
331132 0.0318656294536837
434903 0.002651212248876324
226912 0.01737631126480424
228745 0.016967706045077947
125155 0.021627239994082864
018803 0.039473248196565294
125632 -0.07538615685196501
226723 -0.029930695313824876
227026 0.03609218887903981
434243 0.03853616184999853
434396 -0.02620962454259188
331762 0.019739708600657793
018722 0.03531420409442886
435785 0.027821301360761795
435533 0.07043851072714913
123520 0.0014972305728236824
435731 0.02404351792164263
123793 0.02613668163165581
020141 0.027441752214968463
123499 0.006502682505924353
227173 -0.05210345018636867
331192 -0.02596160395214472
332395 -0.031033000198054807
435431 0.01980053839727352
019289 0.028557523684526877
226738 0.0008554420274045984
124702 -0.018854710041768474
125419 -0.007902420081824253
125086 0.028852601474243397
436352 -0.05705437689140174
228862 -0.009647609599108025
435047 -0.01167733082389182
123190 -0.016856893441143432
017801 -0.08972507849210175
331732 -0.01172664279317272
331876 0.03033356474190162
434453 -0.022953820749368657
125194 0.01465289255993514
123676 -0.051871894294204385
018209 0.02012612498439257
228169 -0.051910595771260365
434561 -0.05936318919004562
018488 0.0032186956401947533
436115 -0.0028138299449041513
123706 -0.056744396669702206
229213 0.011218731868911714
228871 0.013810058302132019
123304 -0.024559422612645553
330232 0.05470612999290173
017966 -0.059861827076928255
332626 -0.029222482011768466
125257 -0.01098016683572258
227299 0.05822228192880483
227449 -0.04180140712926503
124522 -0.07801651341333339
019775 0.033074410281521194
435101 0.00835315258917579
332329 -0.022314301915283823
125626 -0.07559270341382651
226828 0.03621854030358445
434426 -0.028590218966769797
332809 -0.026826599665609685
331696 0.0019008106354511146
226834 0.029880082599844916
125359 -0.033508067847340305
436133 -0.006675584377936759
019277 0.031007315813403425
123952 -0.01574853921434186
124615 0.013974559914172208
123748 -9.01643950063843e-05
229075 -0.01573616264112519
331705 0.02591709379559543
435698 0.044707895205919744
123196 -0.023089240951791556
435818 0.019837706730135397
228217 -0.058103485467533265
125617 -0.057336086033661714
229183 0.012801601304161506
020300 0.08208095245106573
435821 0.013662205028062094
226819 0.026802275896477067
331537 0.026904588172016356
435404 -0.018095881819773174
125116 0.006379897283479459
434726 -0.0443880310364519
019853 0.07439368334695978
228493 0.004517791888008077
436238 -0.02386113894884738
331054 0.026642991067343347
227200 -0.009812739167674184
227992 -0.002602774710852479
019553 -0.007091299156499876
228172 -0.04801208043717838
017795 -0.07049268056640466
434669 -0.038814321653494875
228955 -0.007065568192414725
227581 -0.06053561279790779
229345 -0.07196462563943204
019202 0.08022323215270227
434219 0.057907314556210364
019208 0.06740286192671709
226942 0.028851475453861273
226972 0.04243896343834169
330346 0.0010078492293679078
229054 -0.0005223365604514517
332749 -0.033454729534867104
332746 -0.030781761373298754
123586 -0.018619133843315976
332680 -0.02322662371060943
436169 -0.009072230947128886
124456 -0.008977852380953668
331792 0.019342195490996042
331750 0.006250696802545937
331147 -0.02491496881743095
019613 -0.0020133624484272522
435641 0.04952515709137793
018956 0.05493261655859789
019409 0.010669221724507592
227530 -0.03628342156295737
018902 -0.018853643557952264
434105 0.014380798256567504
435857 -0.00016920475311258776
436010 0.006735820968590918
019625 0.02139290591148562
227752 -0.08165097311765207
435947 -0.012474299867797717
434909 0.011447983166068017
331183 0.01963630850245832
018536 -0.018704960705064014
435812 0.022476730634136122
123481 0.05903437930038768
434594 -0.011674562345239739
018716 -0.06667036482187426
124129 0.046159324445698646
123589 -0.014716466612428855
434207 0.03970227299666986
228190 -0.05093040609602239
019589 -0.044393223377212056
123388 0.0015883434247401069
332365 -0.03683171616211525
019616 0.0003544192729554256
434075 0.020330428106404803
124030 -0.05356784669072321
434882 0.031351785562191786
436001 0.007355530116566884
227755 -0.07503842620198345
125179 0.017730618611214655
435218 0.010804865491394628
226861 0.029740856574021472
436259 -0.026534993772367645
018554 0.00044681425621813863
435743 0.03194432181080422
227458 -0.04602157249985538
124741 -0.03509340429794616
229348 -0.05844046533805661
125062 0.036469295735985154
331363 0.07444375262959851
017621 -0.08272139527651304
227239 -0.032283888419290536
227152 -0.007397358603959014
018863 -0.02434093547739433
124360 -0.033561768706017084
020057 -0.09469296471782462
331711 0.026615445078548502
330292 0.01038233824005885
018017 -0.007061414511784719
435923 0.009172873117460347
332788 -0.02858652678006883
124156 0.004025195925564793
123580 -0.022105875305561625
331156 -0.013088983589367113
331024 -0.05520588788483068
123262 0.018705348472251013
017705 0.02635090929218725
018731 0.04375831028771779
123607 -0.04911946123266647
330208 -0.018177647131082653
020024 -0.050270847748348405
019184 0.08017213212472593
227560 -0.01677182416500619
331600 -0.008251747905288884
332644 -0.02080477727579455
434123 0.002399957644721302
124816 -0.06424083525246924
436196 -0.014445177681528004
330136 -0.038264538263370174
227821 -0.08891019808182318
228508 -0.003348131902020277
124795 -0.06132072456557257
227638 -0.06872127800048672
228043 0.05580366301303953
228238 -0.034240500719883195
227296 0.05790936697322729
125524 0.038196675637787926
331624 -0.046962602233154634
123235 0.010319143919120161
330730 -0.06086680265672659
124903 -0.06501154916321382
124018 -0.08028364620810181
434822 -0.03459799775522408
125251 -0.0028377825994524417
433880 0.027274253020479814
433721 -0.023405410157105497
332185 -0.005871412419582724
124864 -0.06517101956952506
018188 -0.047649217967096785
124873 -0.06530684285856561
123982 0.01450421785835726
125479 0.010114574757177761
228757 -0.0011639697700547968
228442 0.03072628441111884
228124 0.04532635850728001
434378 -0.023722676579365817
227185 -0.08772784532062591
330646 -0.05221244075316089
125233 0.011069363249517069
020171 0.06139327439286092
124780 -0.0599030456091752
330490 0.03412515749133696
124243 -0.036114574262033364
123721 -0.010019950162777734
125308 -0.007783642660708854
228892 -0.00590511367862605
123823 -0.08283122671984808
227437 -0.03557724247440365
332803 -0.0264067404904506
434441 -0.02749504355835481
434630 -0.0073530839436381015
435497 0.04308237437915085
434045 0.0046296054422375445
227497 -0.07578664956980917
124789 -0.06419906162451697
226759 0.006061726360878555
435938 0.006629068266522219
019964 -0.03947348575650206
228820 -0.021299684086357046
331693 -0.011965528008488024
434786 -0.023665295022578647
435866 -0.00859778393382403
331123 0.03449013836869791
331636 -0.035182118399417435
433766 0.020508533528020362
227230 -0.04713250102745706
018164 0.013179265496455667
229066 -0.027518279333302153
018752 0.0018279958542055256
123646 -0.011809088961573237
331174 0.02910602785090173
332806 -0.026349796672508568
228769 -0.013392580038025268
331834 0.011971131365547729
125758 -0.04742903551635964
019049 -0.013702054782360385
125563 0.05767440896638682
123844 -0.021182697750439555
228928 -0.030305581509826054
124924 -0.038131388870061164
435566 0.06756664377113047
435974 0.0002633797416653662
124906 -0.058242605492935105
434384 -0.02633796865236776
228028 -0.0034037000545556976
331414 0.07907820961287809
123745 -0.0020897106240818537
018878 -0.0171065507976446
330736 -0.028587197282873927
020009 -0.057667807608410934
331138 0.021931390810075762
330505 0.012755046906460628
018203 0.01385976074627318
436139 -0.009749108043491337
124918 -0.051789989462239755
435320 0.022740870297154298
125239 0.00866151825876825
330304 0.006287689420912
331585 0.005157663558227194
228898 -0.008606657029256252
019103 0.055710707991452245
017747 -0.006575194419524842
331030 -0.02729352079905713
331261 -0.047715729100605155
330598 0.016037125275607852
434447 -0.020129102598984885
123757 -0.04013774190331461
124606 -0.00042178397827195537
330979 -0.009318312948167517
435878 0.002316007724960938
331462 0.05129586483180915
331675 -0.020813748909591527
229201 0.038540814214505184
435410 -0.011421998585973469
436064 -0.010965584253359802
435962 -0.01477831725894708
124771 -0.06226138850525721
017864 -0.03140603969797469
433871 0.023787314491770475
332278 -0.025370077331273617
226795 0.007650267297371156
124525 -0.08322267060576341
125371 -0.02949430912532777
435512 0.0569952331122182
229267 -0.06791092086722945
124831 -0.07124503101297537
123625 -0.014529257097045667
125614 -0.06313900110845501
227362 0.02086741143575504
229291 -0.08803713527294098
123910 0.06009455197168304
330901 -0.033303818255309973
019151 0.07240515872876584
018500 0.04160456431828441
435029 0.005847499214185232
330571 -0.03701837667042301
226951 0.036613001178139926
227017 0.03595015438547578
332146 -0.014801961017314446
435299 0.033460006729308635
332761 -0.03133014790831395
227242 -0.02070828434139547
124357 -0.035287611084231695
331714 0.008855969087223062
229363 -0.05934042840523125
332740 -0.022674665641434062
228136 0.001227428960613431
125608 -0.04151802695450864
434675 -0.04345960519108115
331627 -0.05399757927194647
228883 -0.020670601295644537
331525 0.03221277183536078
125689 -0.04938705398115688
331330 0.04306135491178689
330139 -0.046384204747503655
226924 0.01715786990440437
018713 -0.0633551783238753
228142 -0.03806753094580828
332794 -0.028563193890134352
332254 -0.02938472712879138
124852 -0.06227912834547897
436031 0.003100276785123379
332143 -0.013781130080615288
434273 0.004738513982367704
018710 -0.07365159795527489
434348 -0.026858272724608657
018092 -0.014973222489371957
229408 -0.009849934140630918
434132 -0.006670154000052007
020177 0.04783030030045711
330763 -0.0369010049464156
330229 0.04401138382105352
123424 0.02882304466984692
227011 0.03452900730580086
331918 0.057299859259504184
228001 -0.03307947984445692
332275 -0.02822242461486294
124993 0.06806306579702656
124267 0.01664908843859771
434228 0.06077497029062916
331969 0.03991529785842681
019214 0.06539396236173743
123979 0.01373005893424326
124426 -0.056793382034804864
228058 0.062036149247373315
123367 -0.03969877399273406
124234 -0.007553347970685394
123619 -0.02095811254853834
125029 0.03808959886751632
124939 0.005331567005602182
226870 0.02334807152106697
331810 -0.005520163917191153
332107 0.0015866018271105406
330916 -0.09074477498960931
434087 0.014009733563291979
330511 0.013189573497550927
435005 -0.057914053605318636
331357 0.07238102925410497
435752 0.026968298469022003
020174 0.05021470375368752
020180 0.049734366716896385
017879 -0.022028580294047195
018005 -0.06505573386866782
019115 0.03389379365608176
227929 -0.06477161744623879
435428 0.017269282051838517
330460 0.03347637531300182
124339 -0.0034968504284743854
123148 -0.027047424590635628
229261 -0.060674177031981844
331141 -0.0009226860989008564
330445 0.009121671217878225
019010 -0.07359851989714639
433697 0.011184056693017225
434210 0.045010871482492824
228448 0.052472929843527326
332179 -0.0037755623690677075
125215 0.016456193308446103
229252 -0.059675707245822655
331288 -0.009105170746867505
229159 0.03547221013718151
434081 0.016763408874872574
227251 0.0035491461266818204
125041 0.029994128154361765
332659 -0.02563423237036352
125701 -0.05833917328537366
124639 0.008947982295239106
019526 0.01900667403849412
228841 -0.0009448507542710466
434918 0.016515349676544985
433787 0.033808351075806715
331645 -0.027447413101608066
019592 -0.04613198236297564
228580 -0.03128289152906241
227602 -0.04837797373629535
435452 -0.003176128052610203
228943 -0.03586856243289994
330394 -0.008313511476895711
125482 0.0196908297523392
018050 -0.0012101602927230724
330592 0.006301176467472557
436112 -0.002203292209826464
017876 -0.02298313351900456
330349 0.00016748850884408436
436325 -0.04914860725257836
434804 -0.034553241291795
331759 0.024238687761904375
227107 -0.008968002330124679
331789 0.030252267771442583
227317 0.05285923516812412
227320 0.049830814236282474
018545 -0.011469798153223274
436292 -0.027081280903726773
436193 -0.016187750200218738
330427 -0.012025912967081265
019988 -0.06296123612103342
125356 -0.05274331678863732
330931 -0.0394248014648354
434465 -0.040836350105100096
332791 -0.027972128860796953
434366 -0.02899776747337174
019166 0.0809561992973047
124378 -0.0344338337573712
123487 0.033055604853888164
124054 -0.028910392227926095
020147 0.01213756268558664
123385 0.005866622845781318
331297 0.009843722072230556
435860 -0.0011193085219855054
125020 0.05317326001253739
125605 -0.043321046142205506
330868 -0.03480619544598507
124720 -0.03150529200237759
435572 0.06313800094400092
331555 0.01931493384567236
434021 -0.004867792138297162
228409 0.0386305003272353
330337 0.012089503673772818
330163 -0.0370898401637179
330202 -0.03356476155170065
227374 0.007259984554271492
331051 0.027667857098161948
019382 0.03932247589953577
019319 0.019851878524498358
331384 0.07836226487928129
228790 -0.025677455606606524
331480 0.030398179221204736
124846 -0.06254028993225134
018896 -0.008868919846537503
020156 0.01180963171096075
435950 -0.023278359679745515
017774 -0.04862592185049817
435911 0.009422621938955605
227464 -0.04451624339384194
228901 -0.020204623330891514
018995 -0.030082907169275315
433859 0.02767352908696739
018884 -0.008965088561849285
226996 0.03623477535971408
435344 0.0002864794441001163
330475 -0.0035473839346595063
332428 -0.02117347469903473
125137 0.021180396899670276
123178 -0.0463480845404361
229342 -0.07761405625141123
017585 -0.05367244459011171
331921 0.04737002237305908
228439 0.038178771762539976
124582 -0.04097334632058362
331186 -0.014541814537544771
018977 0.08524853238792413
123358 -0.01270091029154514
332023 -0.010467135817104982
331786 0.020079650732441306
227158 -0.007065442739228282
227440 -0.03910623441137004
228274 -0.008617319791172912
331771 0.0019142037489508425
018107 -0.0517445652498258
124198 0.0254001303454649
330469 -0.02455974377395358
228283 -0.044865053343969084
123592 -0.014470928424401357
017777 -0.046306114613914186
332356 -0.03740510642715777
434468 -0.044596277565054625
227059 -0.0024371332655209136
435680 0.04928589338153906
227446 -0.04116469617683092
227674 -0.05577467606671358
019085 0.039343403806152734
020030 -0.07339843401990871
017765 -0.07074423583727034
019529 -0.002321295054268113
434780 -0.03002452049024935
228292 -0.02369178231985512
125026 0.04400324856726288
228103 0.05684213587501097
019022 -0.08569947689739674
123493 -0.008469457868750332
436256 -0.025919633236540826
332359 -0.038457894869996685
228229 -0.036643100330631645
435443 -0.007709492243490398
019046 -0.01491664906121395
331960 0.049804986381659345
435887 0.011923772697828055
434528 -0.05734986795370592
331420 0.08043793451817753
435638 0.04302277479009885
436286 -0.025366655495834854
229297 -0.09174216713143618
332173 -0.002469954792842406
434978 -0.03534827770307665
330181 -0.02950145555080664
123760 -0.04765913725811327
125713 -0.05031193510722399
331564 0.016591334489766015
124729 -0.02668967522477648
227461 -0.045196907689528915
227407 -0.021892473497215802
226957 0.03490701775933641
227731 -0.0796237842806016
435998 0.00492695292462147
019820 0.08149121843877039
331015 0.03784793073362553
227881 -0.04806083233952122
228316 -0.02830815836520178
436037 0.004245053690261391
018746 0.027112209719782225
123778 0.015022146746557333
124867 -0.06427286174033064
124858 -0.06288726054244491
331264 -0.04894847195689114
019145 0.06805975129243072
228466 -0.006734433746933512
330835 0.007803486544797671
124483 -0.06118354411991868
123232 0.012588894163252422
434927 -0.017614724249434856
229330 -0.09993642154082398
435653 0.05089237922924976
227029 0.03216647508157938
436304 -0.05072021370355427
124945 0.019576512488999626
018503 0.04135919060860527
331522 0.034541328169107155
330664 -0.0691319227248663
330214 0.00729936710770321
435323 0.021585486533246257
435605 0.02630412035609992
020006 -0.05169678838164718
018899 -0.012029430190214189
434750 -0.04408429482878412
123988 0.01459469131074119
331222 -0.019286879624755976
229270 -0.0774330890142181
124174 0.016175233057575518
227332 0.03794289421222902
125218 0.014544104690161519
018590 -0.004077205356594012
228139 -0.01616447332010447
434930 -0.02994141260840876
330829 0.009642005272690343
435080 6.852713711743205e-05
332227 -0.021910645126061272
330160 -0.044738452110031274
435329 0.01589312359548481
125806 -0.08320454081312798
017972 -0.06741818225648313
018764 0.027531119275976117
433889 0.01733769802968233
228193 -0.04825221841127047
228490 -0.006658701366465507
227179 -0.08791702181028767
331657 -0.018003191128958724
435659 0.05103131396619293
125035 0.030882557863911624
228463 -0.004150746299151809
228670 -0.020267582012702602
435392 -0.029639275339721285
123781 0.02888640218350307
226720 -0.010103215451172216
124951 0.027577356360787016
434246 0.0412220103522015
124102 -0.0066734815490849565
436130 -0.007048785801370487
226945 0.035232696003284984
124492 -0.06232541999962897
020186 0.06921203484299857
124384 -0.03875371902562469
123994 0.021889061533753314
330766 -0.039469999707182214
017618 -0.061869213851935397
018887 -0.04352027471827656
435515 0.06263924587675662
124753 -0.05300946632691
123838 -0.05957924207182092
436367 -0.057799806472399795
123916 0.07136298851970707
018176 0.014327829485208912
229357 -0.09287599863793901
227167 -0.018497111481979273
435503 0.029412219760824893
125425 0.07088126124126141
229096 0.027095952337720695
124069 -0.008404910924947788
018269 0.029438043415941393
434807 -0.033363077233454226
020216 0.035890819510621466
019460 -0.034947595329651894
125686 -0.04237142569421047
435023 -0.011572169600096435
019391 0.04411406670820078
331717 -0.02320260426399049
330814 0.0031129508192990793
227995 -0.010318478526083587
227584 -0.056411570294057564
330817 0.008779437099683682
433847 0.02770350358749876
331855 -0.013886583464333573
332182 -0.0062774808027915635
435062 -0.02310900457285695
123187 -0.030817312294953228
434969 -0.04313857187923182
330628 -0.013335052995006093
226807 0.01672249854327449
331678 -0.0357181870405918
228145 -0.04317985905283871
018668 -0.05820208593575628
434597 -0.0027529357360010754
123430 0.022559712659428844
331558 0.01725046405627386
017945 -0.002783418446686128
123694 -0.04137480750007116
434171 0.02259760489415007
017999 -0.05619597738288107
434777 -0.03730074490572848
019148 0.06861498426063942
435686 0.04879697544700389
330547 -0.01940243457591942
124135 -0.0013030069471717338
435509 0.05016866567515456
330442 0.006616691186223769
332623 -0.02003924349529266
227266 0.024142821462503742
433907 0.0461339244681017
229204 0.03438450564996895
124687 -0.005902912967147349
331423 0.07948559075469461
227758 -0.0627394601160807
433763 0.01920982396165237
125128 0.022774836269498885
125461 -0.047535214802048045
331498 -0.027720288293419
124978 0.05707797565105728
435401 -0.025184841006502458
228106 0.0531518774405082
434762 -0.050157553818857226
125740 -0.040748017707217844
123637 -0.027555001508169103
125296 -0.008693501247013853
229273 -0.07879208380971976
227740 -0.09637856588888273
123496 0.00856959628222034
330556 -0.017540179560393658
435989 0.0068233812645869755
435422 0.008894867690733796
435068 -0.012923921936770213
020048 -0.05467681437374379
332239 -0.02756274980330668
227728 -0.0756281717102249
332140 -0.013395621584149352
125017 0.057498591870048014
018215 0.03167575745912911
435434 0.01784216024264055
331060 0.032778065527274955
436058 -0.00729326135583318
330871 -0.03856060081210216
434018 0.0028162620469818467
018476 -0.007699075230977652
123814 -0.06870064931577585
434291 -0.0024070565331852463
017576 -0.04600770113163424
018806 0.013433070035492687
228013 -0.03474690583235317
434261 0.019942064116071426
330808 -0.009635838127668285
434705 -0.038620255611025535
020117 -0.028618054168919254
331660 -0.020602449816254916
125230 0.015273996618672637
435716 0.019043160775214358
331702 0.01811146592987294
227794 -0.0680253397627188
125272 -0.046449071132160735
434165 0.008652636540353389
125320 0.006507762711737102
330790 -0.014867842306802779
227272 0.03290428189403918
229360 -0.07495244349055023
123976 0.01257839486810038
227509 -0.06799668855833733
123913 0.06069708970385012
331753 0.014045978579751383
123970 -0.010982542990180161
435413 -0.007096555044487249
331672 -0.018293028227213633
332785 -0.03009737453381636
435302 0.0350678585151444
018524 -0.00772312275113777
124762 -0.06135929833470732
019910 -0.016198762616492658
331411 0.07805936414130053
018542 -0.015065068204615903
124486 -0.06077234126170585
434702 -0.03898308368880742
331162 0.0027197843051892344
330667 -0.07711425587128565
434141 -0.053365713354421314
436310 -0.049971034755611744
018437 0.0012913924305378867
018032 0.03956410891769899
228853 -0.03956693201949916
124507 -0.07045362100925304
020003 -0.05104028660975612
226990 0.03799940133515672
123307 -0.028247224059947486
228961 0.002800030027117048
125269 -0.0389958944632118
330577 -0.016789879412833993
124543 -0.06599815420356106
124462 -0.025833966792858386
124165 0.011118615774724618
124690 -0.008689294627501445
227422 -0.027099915987647907
332122 -0.0044659603137665845
330610 -0.003046018368947776
019856 0.06725458632774163
227551 -0.006116170196864151
020144 0.018904093136547735
017963 -0.05573118032986372
434387 -0.028290829614987446
436316 -0.04359327025413179
433685 -0.02094538313841464
435977 0.00315946483572934
124270 0.0179411450029195
124039 -0.08127678563303964
124435 -0.03538793288013306
226798 0.01265220049448488
123193 -0.029961645853409345
331114 0.04156333139655094
226717 -0.02467691476352871
435359 -0.01375823230700158
018167 0.016797858129733452
227248 -0.0053681511860844714
123931 0.05633429473709847
227314 0.052186306397120165
434723 -0.04253855550802502
019070 0.015011092265477748
019040 -0.0522585703463353
330397 -0.010110225295064446
018497 0.026719355117415917
435071 -0.006351938314379976
331594 -0.006165299167330303
436166 -0.007235729798280076
332242 -0.02899218635758494
330640 -0.03615607136360442
330892 0.0016496087257621517
330958 -0.08299376351118978
019586 -0.04464690444507639
228157 -0.0551072242383795
228436 0.04246746966269163
434831 -0.06044309581503667
228934 -0.024325038086631303
331390 0.07522325040986087
434849 0.010619313059429097
124573 -0.04958101241627287
228970 0.018246945584167718
123709 -0.03495460712961641
227971 -0.030061747558996595
018149 -0.02482747390366946
019967 -0.03913124751211359
228454 0.03874236880421672
435710 0.033240036095326116
434015 0.01049238366940497
228196 -0.051267300753407366
434771 -0.044715854542748734
226885 0.01737061021581908
228538 -0.03926569658009353
124792 -0.06390558640297442
330751 0.0007669686247250605
436103 -0.0006431660508222237
331066 0.030003287997622245
125509 0.011302319472110156
331885 0.05708226393727423
331828 0.022321472279870195
435407 -0.016701675069353834
229219 -0.0030287321356390748
123250 -0.001981971361930304
020042 -0.09077969774815473
123733 -0.013456204943877809
332668 -0.02263030367140185
330604 0.021644599730977026
227275 0.04058055934451875
229264 -0.062454534347551105
229063 -2.7035812112759464e-05
331582 0.005907376257077218
125629 -0.07920053647274192
227287 0.041710529287025414
330538 -0.010640688314022895
434036 -0.0027283095604007227
436172 -0.011073715131433268
332758 -0.029837272695964985
227290 0.04601430666994823
331252 -0.06102970050593758
227911 -0.08651081301422432
332440 -0.018784193855962243
435689 0.04782533845565032
435065 -0.020998181332755963
019778 0.040056651421884255
436208 -0.023595986699344932
018932 0.00753759930825726
332707 -0.025328662729047057
331468 0.047189022649300374
017633 -0.06750028160904084
019859 0.04404645780147217
124840 -0.06759193984828549
124264 0.015559107838604485
123142 -0.018319386920649487
123550 0.08978746318757774
018206 0.01378484684630353
435722 0.012243182490061946
228067 0.05759023667478329
018221 0.04193121006111147
227863 -0.07361671060127052
226810 0.014986749397072192
331663 -0.01858950293748792
331942 0.046482247509802774
227803 -0.060039001170620616
331609 -0.021927541804931266
331546 0.015904403399594147
123220 0.01713969647232199
125611 -0.05282744361879419
124609 -0.0013291821417643285
330148 -0.03929164475234097
435740 0.03624192101062373
331198 -0.0031879466467223242
124555 -0.03853623824105544
123376 -0.02679287449404593
123316 -0.039771632867799986
123337 -0.02335466966484756
123163 -0.10110805538358816
125311 -0.005895282001134453
124471 -0.05512324512789607
017699 0.017580351999358645
227536 -0.0188751429982792
434168 0.01724051683622874
330568 -0.044111673854620746
331021 -0.047307271343141034
124153 0.006342211130609311
435350 -0.009045131622798856
017588 -0.10042364664316485
123217 0.010300729889512143
330544 -0.021467177971529645
018905 -0.025584299016017366
332155 -0.01570711875229183
435053 0.001891863340671379
019373 0.022758178609021577
332449 -0.01644105220257007
123703 -0.07121523542325751
436214 -0.02313044867111053
434120 0.008742902076423966
018674 -0.010495136493526975
226822 0.03223480133981975
330559 -0.016459330863501192
434342 -0.03269006229963608
228727 -0.02591920372159617
330454 0.023995313570034774
124699 -0.02047902577481976
018683 -0.05515787533973899
018422 0.03407608807604625
019478 -0.003906652094825863
019394 0.03711029815382437
434252 0.04500068402701402
228112 0.05186717317322995
227329 0.03836415964210255
332752 -0.03404740622866492
125209 0.013403153625444506
332842 -0.02318091000599588
018011 -0.03652694503315696
331312 -0.028839078815173953
124750 -0.04518638054806735
227488 -0.07860729814326672
018071 -0.04460115283854866
331366 0.07560861635954304
020039 -0.08090748464254507
436073 -0.012983447036271365
124060 0.02238940408401616
332164 -0.01206818880186443
125098 0.017215089731273836
433883 0.019784015147772113
125485 0.023664095433785955
017870 -0.02952182136466943
332206 -0.019100824638837544
330940 -0.01847341641868507
435614 0.002486390075610002
435278 0.02891808076823315
330343 0.006951673306680585
227716 -0.04315865360863476
434231 0.05808721140172014
434966 -0.039999538228277495
018965 0.058744010594735295
332425 -0.021570277018932795
228322 -0.03473789087297644
436280 -0.022634283720401074
017642 -0.056344978570465054
018443 0.02058292168367375
330637 -0.03142259201263586
123373 -0.03733650096130264
435491 0.06059922262547881
331303 -0.008368031306739573
017687 0.0124374236824577
330595 0.010800730431990523
434915 0.015079021027975186
018794 0.06104154143371993
123457 0.06796476673779293
018506 0.042125178976269086
227701 -0.06735366148385104
124216 -0.0010525815586679063
332404 -0.020161186658769575
435560 0.06957288150997779
019160 0.07383363567252649
124627 0.0127433214871638
124546 -0.06487953377207681
228991 -0.027587833094390998
435854 0.0032541329979114578
123115 -0.022988377968344895
123403 -0.0027625123593246655
125224 0.016720542123295063
331879 0.040187281398546125
331348 0.07025473030719487
331447 0.06820854253046923
228886 -0.01181621162603933
331591 -0.0016621499911387168
435530 0.06808782234354638
124459 -0.016784173019023824
125080 0.03487046673691191
332245 -0.028359363891266202
017597 -0.0736714814059888
123610 -0.046778502465939835
019007 -0.07334413071683686
123874 -0.05424294390796144
435056 -0.002429854907363982
331219 -0.008599538217026602
228160 -0.05474320142633567
435371 -0.04793899228786003
228808 -0.04228847329150479
228214 -0.053649056181986836
228133 0.014247897210822485
227047 0.027874699012925996
332389 -0.03704222326736421
124498 -0.06851002441437719
332167 -0.005594746135188567
436283 -0.024379966078094537
228889 -0.004725942744282044
019379 0.035004072502277814
331570 0.014095418939369211
124717 -0.03894705956952152
435611 0.009384879650601924
124987 0.06189639745888653
125341 -0.08459482021117339
228829 -0.01335781081430906
227005 0.032711866979958794
019433 -0.026997671386120158
435356 -0.011633186519272611
019976 -0.03661077763239245
331825 0.02280544271856374
332266 -0.027668704855376796
226783 -0.007398148174570175
229153 0.02316521653801774
435077 0.00027978931267829744
434117 0.008968146741164968
227986 0.017801722052118732
018254 -0.009415763697051457
226813 0.016388284634450547
433865 0.026505239948894466
435848 0.006396187587418029
227218 -0.0323186707738534
229051 -0.016521289929914317
019100 0.05750961272972838
330862 -0.05017768388333361
434435 -0.024839652687961195
123259 0.01049251621272288
226816 0.021068030096703265
124132 0.028440883870305498
435797 0.028887086807286216
435380 -0.03356073924170601
229177 -0.007778033086866985
227086 -0.007946778882748234
435353 -0.008802299527396931
123997 0.02907609560857976
018014 -0.03234045385476856
229378 -0.03365569399847161
019421 -0.04092857289452825
018227 0.032016049971303404
227677 -0.042158686696991396
435701 0.04360465901918727
018566 -0.003598277186295092
020207 0.06065400739398222
435599 0.04095259411235382
434717 -0.04398014861901779
331648 -0.012549479620011407
229105 -0.048445301751295716
017942 0.001301075768548853
227662 -0.03066376410497327
020297 0.07457942288087403
018947 0.031331076856025576
123379 -0.017436498425382398
436085 -0.0054819592661604685
434753 -0.04614596097323826
435416 -0.001367932174073218
125323 -0.003064703537430957
228712 -0.06647433423636936
018638 0.01967900237112483
228427 0.05142962064285923
018539 -0.017795321021515167
434921 0.01267112225294113
434957 0.0017387635697874307
332677 -0.02395219124674855
435929 0.010514142056284913
020213 0.043833757956810056
123478 0.05283677168878856
017696 0.015422745911228641
229396 -0.07675280574844251
228754 0.007901158500206187
018572 -0.01541964792024703
434183 -0.03802144231863666
019193 0.0782664785649579
018881 -0.012663727238982153
017582 -0.052718699534956705
123682 -0.04173444781181406
124909 -0.055832570679069125
226903 0.015687668977836692
435893 0.011331863790495778
019784 0.05027973816691456
228562 -0.028631735003382938
435446 -0.007158015315785947
434843 -0.01121408652107847
123772 -0.00773187428720703
019376 0.03126277271318542
123805 0.022046942394807152
227425 -0.030440331542121404
435935 0.008463173751330452
020153 0.004502822395670349
018257 -0.014037572778427933
228739 0.010440770882457033
434873 -0.00914283518142154
434066 0.0206009774308187
436184 -0.02557286984999562
331780 0.01501381251572992
018791 0.042265698247485696
124057 -0.021755561780912522
434096 0.016330720748643498
332371 -0.036092463121205585
435368 -0.04068626665235118
124597 -0.011542503171212963
123691 -0.02977094215196168
436079 -0.011307456563782464
124330 -0.006250202880715424
228469 -0.017848724899953344
433862 0.02631275543307731
125248 1.9115260523608606e-05
434681 -0.04142090567047634
434351 -0.020790275917726562
435470 0.03076250854715921
228964 0.004184971015214513
330316 0.007555240732238129
435965 -0.008927059764699617
226774 0.003836759887968967
124732 -0.028400398498072927
435959 -0.01811628930509078
435755 0.02689297543181218
228994 -0.024594210974189505
331597 -0.004910144397471835
331309 -0.01600402711247053
330865 -0.04899316397827236
331972 0.03997789390601711
017984 -0.061453216491493975
019646 -0.025839571048996327
435116 0.014928277127822505
229309 -0.09903907117516997
125221 0.013137123910151842
226939 0.024959447216078963
331402 0.07741078588429846
123730 -0.00023508704679268307
435569 0.06493011245381534
125275 -0.04782197247307603
330457 0.03163129565722402
123124 -0.024021783328558814
124915 -0.048975463165923175
123925 0.05704535281884496
125710 -0.05304470089279266
124648 0.007390576678744247
332821 -0.0284882095782225
228526 -0.046156129341233
123775 0.007608891458291941
330307 0.006512717646946567
019094 0.05168694307593216
331945 0.045707644214705814
019427 -0.03361252196634217
123946 0.010897174882549656
330400 -0.024051723179877908
435941 0.004357505711892956
331822 0.019469594459391032
434924 0.002103362865548914
227089 -0.01214999304502148
125335 -0.08289555771641
125050 0.036616965849112296
436247 -0.02340326559592447
228088 0.05094673350509433
228445 0.03180192677246756
019088 0.042789474650804016
018680 -0.008282252711803557
125578 -0.018948646427011807
123433 -0.005487546523712422
227035 0.03458672712469497
332851 -0.021309317664942207
227587 -0.05217835402675234
435902 0.011514082887458236
435695 0.0453193467796885
018494 0.026827981942535235
330802 -0.027416561975711465
124765 -0.06412227781868747
227533 -0.03147354046243704
332197 -0.010724025405337833
019733 -0.04011764656118795
436298 -0.03470334805225307
332374 -0.03419609209844832
332407 -0.018677121353710503
017648 -0.0265877997904397
123169 -0.06281478483446691
017756 -0.07246769237834316
434390 -0.027478199075690657
125065 0.038132547334346276
019637 0.04438910619756433
435779 0.028476205724338673
435761 0.02399242081427953
227689 -0.08315073328335029
434585 -0.033774696043817956
124201 0.018119957959633122
125527 0.034910425237176836
018395 0.010213345674827958
018593 0.0011034425570186444
018158 -0.008771277588758081
228868 0.011158583206555649
433751 0.0013012778533503945
125767 -0.05809630500451442
123502 -0.0001971418516976501
330424 -0.02140389635014899
330661 -0.0470034285081526
332191 -0.007076144230749662
228244 -0.02278577358454927
435914 0.008837081718635
227434 -0.03840024828723128
124042 -0.08008633039214394
330187 -0.038004770999336336
331129 0.032957192043987345
331225 -0.0268660329081338
124351 -0.005454574027633601
019808 0.06655916507109934
124870 -0.06513782669377334
125110 -0.0027268614487383335
229135 -0.007925082064142707
227920 -0.07595357974434463
435863 -0.00560201711044324
124021 -0.08757535236436378
436268 -0.02862098512000471
123655 -0.019145583130304743
226714 -0.032591591526501484
227704 -0.05972376523673709
229327 -0.09929050869411891
330391 -0.004934742802906352
227506 -0.06974755657898679
124900 -0.062005410524877215
332128 -0.005914092300251124
125746 -0.040849977906467896
125173 0.011796387354800809
228166 -0.0525227706510942
020150 0.00740237211155962
436097 -0.0027549584609087695
019178 0.08099501574827178
228301 -0.030284492006922063
331486 0.008296646999440743
228685 -0.015321962214571612
332743 -0.026068868722182184
124162 0.00829763829158684
019607 -0.012077095455863846
018920 -0.03266544863794919
123601 -0.03319699965560975
434414 -0.028939930062831964
227746 -0.084491382191952
227614 -0.05516224101306947
018761 0.02864128810418839
228922 -0.01519164532617806
019223 0.06452623219884973
332317 -0.02214594002439842
436361 -0.05947075432412979
228232 -0.030085145063948812
330874 -0.0290886300230729
017987 -0.06006502231039704
123595 -0.01583813236310457
435458 0.002716312319776252
228565 -0.02731349633864972
331699 0.006186606120246869
434819 -0.030170290879765794
435032 0.008841232925073522
435713 0.0233137582678833
018935 0.017555788410275292
332614 -0.023087618994479846
019415 0.004571269386313159
331477 0.03537610747922415
227056 -0.0038907610019395227
435089 0.006564978947715151
227563 -0.015789357836748383
434960 -0.014385980077304013
017603 -0.073570899690048
125092 0.02001356977511856
017744 0.0016372353754260146
227599 -0.045592191413034215
227500 -0.06879751727290395
018401 0.035016433409755195
330478 0.011360907633784856
228532 -0.01943431224646206
125287 -0.032675981025068815
123865 0.018121213696665944
125038 0.029243153282832054
227404 -0.016993121349564034
020270 0.05615272605678937
229393 -0.07734711047387129
019196 0.08012512097070869
227872 -0.06553669224249496
123523 0.008053474114099995
019043 -0.042101016514060015
331153 -0.01168235020101064
229381 -0.04260471928859342
017789 -0.05402537635269236
434279 0.00220482156438962
434693 -0.03871670450429446
019139 0.06571502244281612
434195 0.013835960778599441
019958 -0.0492191541370701
228583 -0.03499015048883562
330550 -0.015482593125374457
435596 0.04667772668660549
019430 -0.0325626293079186
124108 0.0060219566987140555
228502 0.0011340639716576034
123157 -0.028464734044112375
123349 0.003030259816990388
227491 -0.07739863075028741
331126 0.03653498102008661
018860 -0.026223549925655856
018170 0.022282014645281296
017993 -0.030148096978460687
124705 -0.020475619602561935
435776 0.028640738247531133
332632 -0.03190948306198114
019538 -0.03063694317857958
227401 -0.014539395448668514
330928 -0.04674343098296008
435707 0.041533176942307695
435254 0.022308151430051038
331567 0.014153028301139695
125770 -0.05855446729831302
124510 -0.07804641685670699
019919 -0.025548874867958222
227260 0.018598580007505434
018812 0.031960552415045626
018821 0.03526515826053001
434267 0.009735122457050008
330172 -0.027443088254753948
228877 0.0007112869101183334
434276 0.003920110314318539
434090 0.017760646856831316
331723 -0.008285552389088728
227371 0.020034250846704023
434192 0.0024343339517941547
125548 0.06242756358018425
330991 0.001281372602883871
229210 0.024187984961127566
331324 0.02689069631859716
227665 -0.027884916378746905
227377 -0.007352333966562829
331009 0.03486763607143867
124126 0.052114656207043066
228814 -0.03073215474540354
125107 0.003841295091791707
124777 -0.06399631143014237
436013 0.006021751549801382
019130 0.027648191563250223
124804 -0.05806344339918718
228472 -0.02561964933631642
226960 0.03433407344982306
019463 -0.038144722917026155
228520 -0.06383629539280367
229132 0.012820719009593858
019172 0.08016237773875218
227983 0.009764811656777823
017828 -0.00547476160787094
435581 0.05783903598355353
332314 -0.020951880714950417
435176 0.01576242958070603
227767 -0.050356217869282446
229111 -0.025160910388716373
330226 0.03972446656317581
125584 -0.039379863756104604
332635 -0.02968261363863701
434984 -0.03063146468495643
228046 0.05500398147841692
227398 -0.009693676237325914
434684 -0.03916382250363445
229231 -0.0007069360168605218
434981 -0.031429244240847205
020162 0.04257855423568335
124036 -0.07456729523512944
017624 -0.08458201072805567
018911 -0.0351069950178561
018509 0.03728799545784095
227470 -0.04496991176005277
434429 -0.0295829720033641
018263 0.01855751604700284
019325 0.01599900883740694
018917 -0.03364897615325175
331381 0.07874154882648911
228295 -0.030806781292790027
124849 -0.06074013863614468
228481 -0.024316850951108984
435917 0.008668195544523973
125068 0.039334542705611486
227212 -0.010567313903351014
331603 -0.013897916485037179
020249 0.040750674160342976
227713 -0.04689344513932812
229168 -0.0062670052409778305
125314 -0.007896145300556785
331249 -0.06423224440587112
435332 0.009321585865109906
435257 0.027016372578118442
123121 -0.023017234500360664
123277 0.01018801356093209
124528 -0.07869583785014614
434381 -0.02382534079529851
331483 0.018895835153317136
019499 0.022825238803076364
123922 0.06802662029918347
330532 -0.0021239378376034343
435662 0.05082506547563113
019283 0.02667990533973384
018845 -0.016049469277628226
019295 0.01986717981470452
019073 0.027625183126946156
018224 0.03628142349906543
227068 0.0030587539143966907
125131 0.025813828876152474
124723 -0.03093030843672266
331378 0.07943408749537423
330718 -0.02752082078830649
228547 -0.04187600427057301
123895 0.03217219215371682
228247 -0.03198603635722125
123928 0.06095632718513356
125401 0.028591423201813262
018575 -0.019929010434092696
018098 -0.03156159841188698
227170 -0.03371294959608318
125731 -0.04392142036925042
227182 -0.09254973123207112
436022 0.004325287687662147
434108 0.006631955189048927
331459 0.056764914520945675
125191 0.01687257503406071
125185 0.019176613103425222
435725 0.013852028250370654
330373 -0.08360042834867858
227566 -0.02454325477912943
434654 -0.03199165996820154
332719 -0.0286987350169654
435449 -0.011370794068208054
435806 0.026654302633968868
331258 -0.04504406131716626
434420 -0.02762546027239246
125008 0.06639987368734128
435992 0.0053481534170725965
018047 0.005821667585905431
331519 0.02747853800200715
017594 -0.08606708143321679
229195 0.04731119817752146
018758 0.02088482532027432
020240 0.03051731207257226
226987 0.03377037596847411
017816 -0.06719877640646389
018695 -0.0855560098276582
125566 0.04669208539259005
124372 -0.035799864709089343
019307 0.019156074751462675
227416 -0.02605889122603063
435296 0.03852249866555561
435899 0.012473377926169406
017819 -0.04265581409763285
020198 0.0593424860823464
331897 0.05264021766088337
018857 -0.023424811811210332
330166 -0.03890538692194037
332236 -0.02437003381716479
435518 0.0641127269477845
436136 -0.0071974492413765835
434900 -0.0018441505457269234
229351 -0.07036605325734882
435203 0.0006386072571606586
125725 -0.06170467251163295
124087 -0.03235984309560082
434810 -0.032312367232658776
125344 -0.07648750872745622
434180 -0.020779355544357603
434198 0.020291736330994747
330937 -0.02169984197940956
020012 -0.058098108623764654
123961 -0.004650815342204689
019406 0.00951421792869621
331240 -0.02634859054563476
124798 -0.06321881971281662
227281 0.04595425022268598
435668 0.05092736472404622
332380 -0.03268310850124367
330613 -0.010596422853040749
019175 0.08018883897837831
229108 -0.04811803938871965
124213 0.006836028538733346
331858 -0.02023019764611748
228154 -0.05659516686097545
229147 0.006525615959461797
123763 -0.042187413014710254
435389 -0.022429454382438298
434576 -0.034390465626416546
330742 -0.014378152890721557
123151 -0.039462001410213006
331540 0.02226530913554934
124936 -0.013214040453994947
229057 0.009523812964498423
436205 -0.020756408372095185
435749 0.028094411827962382
019517 -0.038495409914579524
019280 0.03174489207886568
332641 -0.01879160672784445
229288 -0.08708712073284133
227125 -0.0008643808965844447
330184 -0.024932165128876815
435437 0.01095056878356121
227209 -0.0013958912481703595
020303 0.0801403978915671
332233 -0.02411079193503586
124123 0.04460808745789453
332338 -0.029145982704043005
017717 0.0330161461677843
330565 -0.018238554095399564
434582 -0.033209781070650805
125668 -0.04609621914909809
229099 0.0326999502564599
017615 -0.07683158451479166
330436 0.005944085666556763
018569 -0.008209565614192478
227113 -0.0004981575644188515
124996 0.06951480986679118
019238 0.06886023160407871
436337 -0.05548607807536405
125104 0.008670359215837848
017783 -0.04295705500874199
019235 0.06697249267454321
434222 0.05893767993832636
227215 -0.03140160499313064
330886 0.0020549096023835117
227515 -0.059169122622168564
123673 -0.06034256341961292
435545 0.06926178720828381
331438 0.07376933334982365
434450 -0.02055246066108112
435083 0.0031844419146340986
331813 0.002120790486087417
123643 -0.015508084559405106
124981 0.05825358544257976
227812 -0.09306994347141699
123904 0.05646442993414028
226900 0.015942149762588925
330421 -0.02267509696329466
124489 -0.05781545735270529
227572 -0.04870151306316168
434093 0.01808157723402392
330541 -0.01781825995598362
435926 0.010673428653017718
125443 0.014464950453397095
018344 -0.06333162008769928
229282 -0.08307342131410415
330535 -0.007075685455163583
435644 0.05269712409937581
436265 -0.029742654252094356
020075 -0.005353560771540122
018824 0.0016342547071415629
124300 0.024356453438847084
125773 -0.06332928691866142
123421 0.015023592317699817
227797 -0.07080341978240187
229384 -0.05155569523384413
124447 -0.012729224710126108
227227 -0.05045824749833025
332152 -0.015692422115680643
331093 0.05041112763410588
332701 -0.025145944095758245
125125 0.024328038377581903
434570 -0.04042606641703292
123529 0.03091484866750222
124189 0.01705316210549975
331774 0.008679620109929688
433748 -0.003516868147387105
227146 -0.01667258643024565
229060 0.008927804700191147
018491 0.017787093426883185
331201 0.012823469851334318
228544 -0.05546110095834799
433895 0.030699040268470118
330760 -0.03473022074405578
228721 -0.05127017686542265
330385 -0.013522773590923593
226975 0.04135428373689663
017831 -0.005367699104891088
019712 -0.00405296515592765
227224 -0.04652574959145957
125749 -0.06268350907643926
228148 -0.046882709987093756
228037 0.04566049845875771
018974 0.0865349375102231
124819 -0.06677468193938015
331237 -0.03729221012264145
018560 -0.002109483441210365
228772 -0.01889319980895092
433667 -0.03441454428083529
018818 0.04305846185526413
436244 -0.0224332047572599
019610 -0.012545191356113976
330889 0.0031828767068856146
019550 -0.0016315918741449875
125071 0.04472935068738329
433700 0.01060465152538012
226849 0.030640542931218904
124672 0.006203718393069367
332419 -0.018741364314467376
331177 0.030291909829665942
435602 0.03393728311184235
019259 0.05264434348854553
227968 -0.029948137815144316
228553 -0.036344895123348056
125782 -0.10657650027248625
226711 -0.0330152100476405
435563 0.06774230963323952
123289 -0.0009623900708361476
124192 0.01629461221668233
018959 0.05003432289205171
435290 0.029312039443079682
229144 0.0011823732555137818
123613 -0.031223828844078413
331213 0.018054524487385575
331084 0.049949923869930794
227368 0.022995793438533686
125620 -0.06079096016692276
435461 0.015059967228138026
434288 -0.0005664075247526337
331321 0.02306856716241648
018788 0.045246433589174184
124480 -0.062315347916567954
019457 -0.03616230666336721
332224 -0.021960458682980057
331216 0.00522608599052378
019082 0.03672971683652109
019658 -0.03447443529736334
331975 0.0369229799441755
125188 0.015253652562998769
436217 -0.02180976901946242
227641 -0.07107665673281834
125059 0.033079078032632395
123817 -0.08648322396255967
435803 0.028266067337478572
434999 -0.05829440961154015
332830 -0.02807443319164008
433898 0.04671615430958952
125389 -0.05492432379668532
436100 -0.0022998181670501176
227548 -0.0061550015618393634
019286 0.025203662308006424
436094 -0.0034815825613432583
331456 0.05683911583748609
017579 -0.04937119105257135
434300 -0.0038529651005857765
331387 0.07812970542872166
124660 0.01193088010877483
017753 -0.04655301834731397
435488 0.05851421127752847
229339 -0.0893932455348031
330847 -0.06672549876226049
436277 -0.02550619779490114
229045 -0.012765755819986832
435773 0.026585177737815553
123145 -0.02115920381637076
330772 -0.04937906819436278
227485 -0.0667092235471102
331435 0.07613337347784813
332248 -0.02962939209245109
435650 0.05450750123655136
019019 -0.08240269881813576
125143 0.02160216816048066
125056 0.030046230298132706
435326 0.01354667575045346
123223 0.02086197993293021
124579 -0.038335078522618804
330679 -0.07355051246740824
018866 -0.026094811204224223
330298 0.010189191232345974
018950 0.0472387253130984
332413 -0.01887485506209478
019568 -0.00611108340023835
332401 -0.021862004435768072
017873 -0.021358634683723902
331273 -0.03630631765644481
330727 -0.07175003243087483
123445 0.020495145437567766
435629 0.012507808252285204
436082 -0.007265970346188774
330493 0.039904573123235164
229189 0.03762895359817867
435782 0.027376003657385916
330514 0.012972622818011028
227203 0.0016714758696851075
125101 0.010140474142153813
020237 0.037306621836291416
434240 0.030969832390386174
228517 -0.049748174888502694
331984 0.029577641232632925
435314 0.024486986807765593
229399 -0.05605874819439216
123229 0.01404495830243696
436004 0.0067415293114711314
434048 0.006866193493875136
332431 -0.019592644155209133
435287 0.027349899330782513
020201 0.03395220365118573
330781 -0.02994293348933856
227194 -0.047624522911551
228916 -0.0069984126112389595
123658 -0.031952556600001174
331096 0.050292051596633365
018755 0.011230961780500292
434765 -0.052831553092129696
332620 -0.021173644723538023
018548 -0.007435797670049822
124891 -0.06049311562405719
435587 0.05413448260804503
436076 -0.01320944384303543
228541 -0.05534033118953845
434006 0.02254158764932606
228484 -0.02383767381418506
226906 0.019468743662538583
018008 -0.060814626570310684
125737 -0.002499490760837585
123667 -0.056737442232561344
332221 -0.022025614612940992
227263 0.01821381345971838
229174 -0.022467558609489825
331492 -0.015903948873101273
228421 0.05454870904493604
227512 -0.06225640138471465
124006 -0.007815440962718112
434417 -0.02908428509627512
228457 0.007311727849349806
331708 0.027750845926411444
017822 -0.026951356243992607
017600 -0.07732298410082131
226927 0.01650396382499447
227482 -0.04969344848040091
435338 0.003705670821632109
229027 -0.002903869697439344
124051 -0.04437841842153077
020267 0.05693860091860332
434972 -0.04358078841796957
228268 0.0026354127278112524
330799 -0.00845483649181147
331228 -0.030430379514267875
332689 -0.022602647220298294
017792 -0.062180243010153305
435284 0.02473628679313755
123412 -0.01933390866893475
228910 -0.012021364155220655
019268 0.03992292759043443
227386 -0.011346667402494594
330673 -0.07263620568026254
227284 0.04892628384254774
228097 0.05829254435318688
228223 -0.05236126206957926
228460 0.003190430923364246
124450 -0.00869559967549942
331513 0.011112711370460299
331144 -0.034038306700817936
229048 -0.023686118057019645
229129 0.017714163944960233
228319 -0.01957786982377313
331741 -0.016151149980089978
125791 -0.10489656753091872
227494 -0.075041220663393
330205 -0.01590915613665641
227785 -0.09244561849911913
331819 -0.0008078357217711964
331045 0.01182277528183528
227053 0.007987223228340336
435869 -0.007182314587840912
332710 -0.025359992930025478
228571 -0.031563351738401
228346 -0.05255110951518904
228424 0.04980577891954991
229198 0.04767231780919306
332416 -0.0198338810354253
436025 0.002911890695979265
228919 -0.009902181691224983
125623 -0.06876670916177613
017882 -0.02028987424648976
123598 -0.01755030620092181
332818 -0.027718350900125338
229138 -0.020535967623039265
434054 0.008326330300177114
226726 -0.06977080488353751
434852 0.01999144414311167
228751 0.014593474047905227
124756 -0.05220129935282295
018074 -0.046256011390845383
226879 0.018810575738753416
331930 0.03348947807653276
228550 -0.039646322082735594
436088 -0.0015461210451158036
229387 -0.06273405718424963
019361 0.009189762582354249
124885 -0.056010274121848155
330988 0.00020898275255620328
018842 -0.010550173636269042
331996 0.016387324142780997
331576 0.013931379081002965
330319 0.00549137811342478
125803 -0.08592449407997563
331417 0.08198453542056268
125716 -0.045814148745732045
435197 0.015443055319055592
123670 -0.05925103033647792
125794 -0.10588423390305075
226855 0.03127509021093747
332323 -0.02186392265223206
331354 0.07201962781814013
434255 0.03990726485572134
228109 0.05441058491818436
435161 0.008810193362933705
331516 0.025633194293758755
331840 -0.01969114452756529
332824 -0.028330112027725837
436226 -0.023525771444979696
332782 -0.029870903534023007
433754 0.007519055836505271
123475 0.04410448744256272
123958 -0.009503635556080539
435671 0.05134180687687493
227131 -0.000525469633819597
125635 -0.0852031518328041
123886 0.0037032236690951693
019121 0.011348634731157584
124495 -0.06394256401287467
229165 0.027548279943296082
227578 -0.0637240873060491
434072 0.018077916121319374
332683 -0.02302809783961465
124810 -0.061812680089652086
123253 0.0010642138705856518
331939 0.03644378202004058
435272 0.02632667296031641
123826 -0.08055812507740619
123712 -0.03176394924915657
331633 -0.051821157826705405
229216 0.0030254924320169798
228796 -0.03381782448218193
226981 0.03754215106626815
124663 0.01183190042739318
020258 0.0408893697707421
125227 0.011925143175564836
435986 0.004911026794207157
124828 -0.07023944282136842
435794 0.02818818103382638
435293 0.035726515686841376
123361 -0.03321947284580317
123652 -0.018351958648942547
435608 0.01866024843112043
229372 -0.037509854190128554
123439 0.006842378299950135
018029 0.03706344575309786
124585 -0.04298166144628336
330325 0.006250160193839635
435365 -0.030832401522006118
227137 -0.012190986075523788
229285 -0.08678945947573097
226780 -0.010252989886322518
123766 -0.03247451203818863
330745 -0.006393935508897132
125032 0.03336849704210476
125122 0.022750134673972335
228094 0.05836292921108929
020165 0.050945513791843124
331072 0.04193590627015466
435059 -0.00907536168765213
434879 0.017154919433099457
330925 -0.05682390981843081
229228 -0.005050130620517979
124921 -0.037024206105473974
125158 0.02027546036835747
123664 -0.050209965729222275
331630 -0.055274949994710845
123118 -0.030533469023824734
330199 -0.032972980480230785
330364 -0.07253392929490113
435269 0.029921926383556372
330574 -0.022320948107312187
332779 -0.03098739494854287
436355 -0.05819323896285856
226732 -0.008943106381458479
435044 -0.026860589628061215
228286 -0.02730047936995039
436346 -0.05673984036106108
228130 0.02530625954433925
330622 -0.006119962173012448
331375 0.07832228698933358
332797 -0.025796812817305195
124645 0.008954740971950712
433904 0.05132878657390013
123409 -0.0039832884039167
019346 -0.031075658134020426
227989 0.01950641873758772
228250 -0.06081155343497465
227338 0.018632965397548832
019322 0.019993112191053822
228025 -0.014306479556713544
330919 -0.06884537305027101
332137 -0.011684481112296878
123649 -0.016040497281008224
434027 -0.00942859627614921
018512 0.018875118436693
123526 0.02111877355187247
330142 -0.04874772891686177
227917 -0.0713118750485412
436187 -0.01981416609781068
227308 0.057638830687289616
228709 -0.06489558153433309
228220 -0.054211423753262086
227542 -0.009483728902111545
125317 -0.0035659070106641164
331807 -0.018290876033444883
435521 0.06807685809294271
331504 -0.03551812445785146
332161 -0.01447052956190679
435617 -0.006034591041608863
436319 -0.04553663252934324
435842 -0.0009261946789483244
229018 -0.04182202713010823
434369 -0.02485232456418651
331159 -0.006338782359728919
123241 0.0007211250794203087
019181 0.07960763086125873
332755 -0.0324656803103692
332800 -0.025972039821737212
435002 -0.060503526592528736
019505 0.034602864403238655
330634 -0.015672355175945417
227707 -0.054167186543653024
331831 0.014680435090415713
124642 0.010534686815771716
018212 0.02453741569568355
226891 0.01564508525775861
227695 -0.07038289410205863
332113 -0.0022985960974022707
434876 0.014514316810579705
331300 0.00190813901423426
331111 0.04270817622742519
017804 -0.09224404777675119
331081 0.05231540345704357
124561 -0.02227712407266672
434708 -0.04059575127415909
434423 -0.028102310913668445
125152 0.022947947729598163
332212 -0.02216338528139797
124210 0.010918177434802365
434663 -0.037836598523118825
019424 -0.040228958367525706
018200 0.005924593787344676
125473 -0.013225057305541878
330676 -0.06800571595158565
019079 0.0348211533113073
227698 -0.06573640677063675
332377 -0.031713324121444945
123577 -0.02910197741684928
228211 -0.05434243120595863
017693 0.010063038179537992
229015 0.017255583691925522
331846 -0.006978673215294709
124825 -0.06905707475263811
018026 0.03171506712961799
332362 -0.036565015847459054
434936 -0.01845314357646559
435845 0.001958106107241594
123898 0.04699340142597123
332665 -0.021314361784644843
330757 -0.03601863149727348
228823 -0.019615323582311356
332200 -0.013229115894931186
124063 0.036001531682559956
228811 -0.03899763327047049
227149 -0.015707293176436044
330439 0.00815256008893651
226954 0.037036383774883164
227800 -0.07118385916194371
125170 0.017557737225394495
227725 -0.05886774923818659
125254 -0.0056507336891423315
434057 0.016154453485010253
125464 -0.030771699770013167
125800 -0.09126388039248733
125719 -0.03633255655503027
123352 0.006711578128575999
434588 -0.03417481372832963
332653 -0.023993641787927004
434138 -0.043927472568248395
435440 0.002650202651664952
123469 0.018644188813247795
227749 -0.08576305940254066
228874 0.017673709177396215
124633 0.01329389811753849
227095 -0.014764438731697119
330682 -0.06921667052584202
228181 -0.048079143518462264
124033 -0.06977724923322777
018953 0.04093388693226165
226915 0.018619848019964035
332134 -0.007547525938068806
124375 -0.03441154370027301
330694 -0.06449538203879429
332344 -0.028613505131530527
435920 0.009039805083250236
436157 -0.009649384165523772
226909 0.01595933566334776
226741 2.967316787870461e-05
331078 0.052686617022291535
019565 -0.005730502371533603
434063 0.012552813416140713
227977 -0.0009330592538540009
436070 -0.01722875659424502
019523 0.0037363343102289615
018179 0.007672940490391907
227236 -0.037175682192776824
226993 0.036085050158950714
330775 -0.037970826626276294
330520 0.009934938485378434
434462 -0.03857412878817399
435020 -0.027370398536875954
125338 -0.08415512128231875
331621 -0.042364709364488565
434147 -0.07335278510536583
018848 -0.016930450733327523
123832 -0.0631467261739412
331804 0.004027930257416335
229276 -0.07916362067070871
330331 0.007375354570040747
229126 0.015261767141724556
435263 0.03201878033237704
436178 -0.02314603416178416
433877 0.024007050488236047
331168 0.019510256723752097
227839 -0.10648392054348538
228079 0.05540049761768836
124567 -0.014840377663942254
434051 0.012373396324054606
433673 -0.031799542025667454
018578 -0.01571699547389197
123943 0.034052960930677945
331255 -0.055840913383733655
125266 -0.030539462355976914
229036 -0.03290807768941706
124843 -0.06103808187648782
018089 -0.02593379261444566
019397 0.008345029331563471
434951 0.01344570637111305
226750 -0.023341176002556988
434846 -0.004386314765486136
018413 0.055900722240358094
436181 -0.024472272049915724
435734 0.0285394719437293
436295 -0.029235893947612567
018797 0.05632698095267325
226786 -0.004575943523158238
331666 -0.016956499985627104
124537 -0.07717741613696981
018041 0.0399132765831196
434888 0.031941362080119905
229237 0.0021247096157658045
017867 -0.02922703842688442
019454 -0.04100882970741454
435236 0.014656185761420724
330157 -0.05312990303509259
123286 0.00042654971018880113
020168 0.05854366100537054
331315 -0.020231164216260943
229171 -0.024394324950553704
123310 -0.03957381193069534
123907 0.06284095224582277
434201 0.026689660107312434
019718 -0.022897489802547234
435362 -0.021979876031805744
330739 -0.02313730141187578
123727 -0.005579348355364553
434213 0.04754623581372343
330352 0.0011607985236189622
435395 -0.030359292207862133
330472 -0.018640762755595824
228676 -0.021146807960177778
018035 0.04394839689515389
124417 -0.054330346230066225
125167 0.013814805296497087
228253 -0.0570652831373555
123181 -0.03560388517915887
331981 0.03407708460830074
227176 -0.07254512071655649
229024 -0.004681602547445938
017771 -0.05684024904946435
019310 0.019047891167240726
018083 -0.04470237793789316
435593 0.04763415939119547
435983 0.0036885142518415185
125704 -0.0585423304595881
227008 0.03443508585242549
227692 -0.07171152493334534
123631 -0.05702447950127368
228262 -0.015220547404937028
433853 0.028535294759743153
228574 -0.03244161541187135
124564 -0.012713171116004486
124636 0.011547562472951516
019274 0.03648626556343576
435665 0.05154491961170782
227629 -0.08032290825011239
330898 -0.03347544702406797
434126 -0.0021187694578698405
227869 -0.08198568949776618
125545 0.07071394095679515
124348 0.004608537581579416
228973 0.020710862658762437
331999 0.01719414971336899
018266 0.033274568290880865
019943 -0.038691941100090166
433856 0.024291945851000193
020246 0.04613958033886584
332326 -0.02152507256195843
124228 0.0014981021891317542
124369 -0.03188712317025084
331195 -0.013530147807838237
123688 -0.03139502015360889
124591 -0.030168101483368265
227134 -0.00149311808159326
017750 -0.017556604927361785
433901 0.04736152418575876
331090 0.05112386366016444
226963 0.038843242763995985
019256 0.05600527989192288
436241 -0.024174735665204592
433772 0.013832031517566387
018983 0.07054568807771329
435014 -0.04956609032282313
434483 -0.04530421885685601
228280 -0.031035035416039917
017894 -0.02254487439820564
227719 -0.036792633560757716
434432 -0.02628112787286971
435590 0.05072668352299959
125284 -0.039618048147699876
434990 -0.025161530791259476
434156 -0.03145741598071207
330463 0.03652259150026259
229225 -0.0046020275304965545
019643 0.03818806442090941
123370 -0.03984382453968899
123397 -0.023547843632717877
123784 0.04293193330926905
435683 0.0486003044080814
332341 -0.029613004954889947
331669 -0.013828568310526238
017951 -0.016328108080930992
018749 0.012518049183886602
331150 -0.017897487936841417
123949 -0.016599225110501818
229000 -0.009228759453808553
019025 -0.08776510881328525
017924 0.015901857698078354
330481 0.03164027437578532
124141 -0.004481995706709606
019217 0.06639248259118101
433676 -0.029822965959289675
227650 -0.05324763601227192
331180 0.028099662292097323
228937 -0.0297784461068882
227527 -0.03901517759334025
123556 0.08644492417012653
019721 0.03449694510917449
332209 -0.02195901931593658
124759 -0.05591860645088648
330850 -0.06886646697296135
124231 0.0007125324869963618
229156 0.03239118068186819
018665 -0.07872494545156451
332731 -0.019543256610882954
229249 -0.046185277166902974
228742 0.011699567341143286
330412 -0.04104457982144505
227473 -0.04648000351201844
125752 -0.042988408064332156
123322 -0.029545056261911676
436040 0.0021269571853988747
331069 0.048244175084755134
018914 -0.04405177655831847
434756 -0.04236134479751026
227065 0.006098198359685875
332722 -0.028958673512803963
331426 0.08397272919851638
018923 -0.024575859832311028
227278 0.04253618098829616
331027 -0.041674213209881586
228310 -0.04828609977763424
434204 0.02943097987471035
435767 0.022804793866025165
124558 -0.0311586844400106
436334 -0.056028906074196125
434993 -0.02641843492420549
332170 -0.0029604157773223446
124894 -0.059839192727407536
435815 0.02202048398493879
019136 0.0639858813336463
436028 0.0033943520805900618
330355 -0.010375507986553822
332728 -0.02104515815882316
436154 -0.007723950318361927
125203 0.017609623854855483
018740 0.047642820839683395
123325 -0.023742241719203763
226864 0.027580992029938883
123448 0.050925898659928276
435746 0.03048950677630292
227206 0.00323132454479965
018692 -0.08437955589506278
123265 0.019931741618983204
436061 -0.008717680312364348
123226 0.02178763099747236
228556 -0.03026226781759306
436118 -0.0017035441156264724
330388 -0.005425734633814607
330403 -0.03461128581023409
123313 -0.03917824610109755
017810 -0.08606158306060213
124726 -0.02896302283810525
019985 -0.0750372613556201
123634 -0.0363138209123429
229102 0.009229176933888876
435851 0.003600729499492824
123133 -0.08231458467229334
019037 -0.06730520112771438
228205 -0.04865336286073479
125212 0.010521808543079905
330499 0.015225046047418941
123136 -0.0392647178084762
435995 0.0054271439490355955
125788 -0.09699681112527454
331102 0.04438139674410102
434747 -0.0440552624032593
124090 -0.026044213023825275
019055 0.004601028055544931
435956 -0.02162223911465422
123247 -0.0011151126841466136
229030 -0.018213232863750324
434024 -0.006876561907353893
227326 0.04352472860556244
332203 -0.014045991130996437
228985 -0.057603591602410034
019157 0.06800962449331133
228511 -0.005883676259239465
331654 -0.03831608723128158
330310 0.0077572189120583765
019388 0.04841225099146251
330406 -0.03756138989446318
229084 -0.005560346604249398
125347 -0.07457688231609982
330169 -0.03347213000216812
435932 0.008904811141635731
436331 -0.05367871659879551
331204 0.017271000367904743
331783 0.01836010111108465
228568 -0.027102470226724226
018044 0.03145990304769665
226876 0.018855160592142206
229033 -0.03375365603586305
229120 0.0004816333803734054
435539 0.0702140985603286
331474 0.03988839978051385
125206 0.018557272820300303
228433 0.04447411723506145
434345 -0.0287360345688259
017786 -0.04409822839104765
332131 -0.007244011321254054
330517 0.008539978549163925
019187 0.08028261141466166
017681 0.01751630793130444
330652 -0.04531236887794248
124888 -0.05680473077213885
123835 -0.062015062352492746
124081 -0.0209617333362088
020294 0.06951471139295325
330721 -0.05286479995570541
436253 -0.026446516676758975
123331 -0.018190930256309887
435500 0.02409410339265448
227098 -0.018540017072296428
019067 0.011078385645189686
228988 -0.04698590180186894
332104 0.0026243627370781094
125734 -0.023712510640721943
228115 0.055312077859879266
226873 0.02050208312025158
228049 0.06016169933177145
433715 -0.01274308109812204
019511 0.018009599713563616
228529 -0.03518492064805828
020210 0.07337674524100601
331369 0.07726709940297956
124684 -0.004480594686458592
018086 -0.035599995559127066
020273 0.051408988492903956
330523 0.005064392043234141
436313 -0.04403291992625447
227668 -0.03843166093545815
332629 -0.03212595888372253
124225 0.006255462921125278
228478 -0.03467052376830667
330823 0.00907596187334167
330769 -0.04892211097608867
330178 -0.027158342225287267
331642 -0.03783928322239836
125044 0.03804823267396796
330322 0.003778893222464278
124150 0.01155349098145589
020078 -0.006809838119752708
019142 0.06538014649944339
019991 -0.04903944052277819
123700 -0.07953709354275025
436148 -0.006195031508654605
330883 -0.011756703813301544
125458 -0.04511090888856069
124138 -0.009575655193490672
331528 0.03437998703153235
331612 -0.037963444187659526
226858 0.029894878766324504
228022 -0.02716450662455952
331048 0.024808005189352552
330844 -0.06295796679269887
227950 -0.011077235442638007
226936 0.022580145349825068
435953 -0.024801667065021644
125053 0.03307164434873148
331501 -0.0389885922354613
228418 0.053740398258009386
435473 0.040867376088691905
434402 -0.02850703634005228
018551 -0.002187235528638429
123511 -0.016014113368329107
436151 -0.007476057279648534
332608 -0.02745006441950813
123754 -0.039701116873550074
017954 -0.02055594451943996
228298 -0.0326709873846599
434186 -0.02738548816117247
018941 0.027836287731800084
124621 0.012381800997927534
332437 -0.02040004555356402
331561 0.015264982486997765
229207 0.0322060196556527
330832 0.013792281474269592
228946 -0.025119163271178732
332443 -0.019800919280953056
436175 -0.01744742333250341
125593 -0.03070542431098595
124324 0.007172908921172652
017711 0.0346417101834405
331327 0.043507830721705186
124612 0.0021260962040680303
434738 -0.042940516315592266
434375 -0.02281120704977712
018872 -0.017344502908508988
018671 -0.051913633428935686
018815 0.03926079554085092
227827 -0.0902645679620596
125089 0.028959172559226358
330382 -0.03240155491522874
227452 -0.04104906829373247
124744 -0.036676495025045046
434567 -0.051810638221514396
436322 -0.04531619533544805
228004 -0.03355787015389589
330805 -0.018414529119402313
435839 -0.0017754968928217535
123955 -0.01624153413598844
435248 0.03119592946989579
123553 0.0891973326612775
332674 -0.02286081854650394
331966 0.03998334136921461
331936 0.038830799592782114
124015 -0.06652243909967581
332269 -0.029060563175513157
019328 0.01337306656740598
228925 -0.02430702767109679
332368 -0.03717250710529488
332725 -0.025014922676259734
433742 -0.006497994567032654
123484 0.05697429579742606
436145 -0.00601799209872358
434741 -0.04345492961292857
330841 -0.04261201935407409
331816 -0.005532000971309002
019316 0.018080209313126167
018617 -0.009266178486953852
433670 -0.037079361877901645
124180 0.015430488309416398
227545 -0.007510075361107673
331573 0.013022566487636474
019448 -0.05953588945133905
125095 0.018372333503386386
228475 -0.03504284760043071
330175 -0.02101602894919259
435305 0.02926908805985514
017678 0.007972134519719586
436223 -0.021183359578864965
123301 -0.02144236031036944
434456 -0.023196920141715472
124879 -0.06394658870955984
229240 -0.003037176684204321
332020 0.016607270921733728
124774 -0.060392456632512304
227311 0.05323873422785079
331294 0.005313528577945949
019418 -0.010972710610600471
123811 -0.04740869719143429
123298 -0.018454170708082723
434891 0.023211251221415586
435494 0.05464657175373009
227974 -0.01225934415319424
228958 -0.005475303103636102
018272 0.02943410510995026
125395 -0.029081130280065783
228514 -0.03533428821342762
124768 -0.06703691557883494
017606 -0.09094944316433103
226729 -0.02087416011839393
435266 0.033567644752786216
123154 -0.009188120427058024
124963 0.05488058682619432
435026 -0.0004351390998970388
436232 -0.025237434016587474
434678 -0.04410000182536743
331120 0.03651640378731976
228736 0.00509735206346924
124681 -0.004810824816402144
125176 0.01213295693619142
433712 -0.01579442325000939
435896 0.011792847589093186
017627 -0.07699845392997189
331270 -0.04267943230844721
227104 -0.01816878060454878
331393 0.07541846549528158
331843 -0.010819813661917855
018908 -0.02949985723451114
330376 -0.06628989403878836
019436 -0.01951015047385489
228904 -0.02810092132481035
434294 -0.0021967834921219416
019367 0.01816534403737099
332263 -0.026999024438632134
017969 -0.05848354943077784
123802 0.02341173851965631
435035 0.004411986542904336
018095 -0.018404016179062486
435635 0.03207712255604553
229180 0.000743158627809858
017957 -0.02439104451073541
227443 -0.04070322879804367
332716 -0.03267027368276378
019997 -0.04061312721321186
332446 -0.018821053541594076
227164 -0.013513788306118891
435809 0.0236943449103643
124600 -0.0018472877315613202
123415 -0.017252476872475806
227419 -0.02637232320218112
330589 0.005694513510549628
123724 -0.01080634509960337
435524 0.07039457668697612
227380 -0.01677311240832101
228178 -0.044076576365532374
226897 0.016353749495548582
124501 -0.07264684293955805
018725 0.04636523130422833
123328 -0.02010021911256455
020045 -0.05622177962124061
125140 0.022565719193689087
434459 -0.027792169486570532
226768 0.006260703592150153
331768 0.005408866417870338
228952 -0.011914835491107023
124657 0.010963581442458842
124669 0.005627492872819578
123808 -0.016819350456832312
331399 0.07484918497961718
330295 0.008017282675902874
125755 -0.0371195482134674
331924 0.034386304143086945
228766 -0.012581061543184162
018707 -0.07526750389689033
124786 -0.06196388254494123
331339 0.057031669612715614
435425 0.014875326602642529
434084 0.016216724273649976
019946 -0.04451931611843917
434912 0.007624368619180744
434372 -0.022782305754545918
125302 0.0019062520483204488
020027 -0.0861935905546609
433892 0.032761662196656785
227479 -0.050043593005479135
124984 0.06379899831944136
228505 -0.0040245785332731834
229093 0.016916241174135215
228202 -0.04818337394424439
330976 -0.02086223618729369
435833 0.001094614086507713
017609 -0.0790186915456087
227410 -0.023120780300556375
434828 -0.06334870361327041
228187 -0.05556151991420322
018062 -0.000654083887008231
228265 -0.006864653499190378
228031 0.011460982461237798
019106 0.05072510990433948
125590 -0.028083362198123487
020036 -0.06581698527164231
124195 0.021062152067137793
123292 -0.005555656028945889
332770 -0.03262942412387748
332848 -0.02178100228260496
019247 0.057929068046902864
019034 -0.08246639689714683
227221 -0.039228048920200057
125362 -0.033722358270023185
331087 0.05258140499603021
435791 0.027756222605677536
124441 -0.030644513173806603
123238 0.005875221298924492
123334 -0.02183497695265626
228979 0.0028342923421255744
332353 -0.037515908710849456
331489 -0.004659712433041038
435971 -0.0011192045694756291
019250 0.059381739853551156
018467 0.00843369788992076
331495 -0.022785815582183247
228352 -0.051825824053399194
227710 -0.0468318312635983
123406 0.0013450304887091245
332713 -0.030380016628231466
331108 0.04084520895697328
124576 -0.04083472758768097
434837 -0.022295543074208807
123628 -0.028983179693499565
434135 -0.026937177120981693
331231 -0.04362058913210506
436301 -0.04122681642278549
229402 -0.010812500773327037
124045 -0.04895684270255376
019112 0.03246815481420525
435260 0.029082573178685428
019031 -0.08275458960256607
330754 -0.009720286818136342
124912 -0.052758859856141586
331429 0.07990192319286836
017813 -0.07812252987896783
332410 -0.01893931485979695
434099 0.01798339455978771
332764 -0.03224358185710236
125488 0.019079878442542587
435719 0.012653097584416078
019493 0.012189746774819132
125182 0.013535093944319343
434159 -0.007328395581920483
435386 -0.016282430908008648
226984 0.03670922680660053
435335 0.0054425022327342105
123742 -0.009187505536533027
435884 0.01115472361559134
331291 0.006204142491788916
331870 0.004462473202060887
331342 0.06323418301460823
125674 -0.04927571599644826
228499 0.005049002634754674
227071 -0.00043027477422462454
227161 -0.008298090038785857
435377 -0.04897237492685778
434060 0.01618093486373829
228016 -0.031249243992780416
017741 0.004549221058882085
019544 -0.013536121721575861
226969 0.04474266432083365
017768 -0.0636953851438704
228208 -0.05374748058154436
434162 0.0008671487326614483
330670 -0.0703215907621316
017885 -0.019141833250622617
331915 0.05788167203028882
125596 -0.036164598685569926
227953 -0.007666020539927529
228019 -0.03250786624201099
434963 -0.029384616904189826
331510 -0.008361376436286752
123574 -0.018975002223758506
019229 0.06517459919495731
331003 0.02569557048726894
123271 0.016066939350904082
123568 -0.0018703225687229047
331000 0.012543698058148131
124465 -0.04224285856706221
331756 0.018308254004786254
018260 -0.0015342489121452265
227038 0.031553277660485456
229255 -0.05651758124657903
019400 -0.002825139040744509
125797 -0.09990919154814949
