436067 -0.02048813177134796
227743 -0.02218252433298989
020222 0.08523985982402509
229081 0.02577404093214683
125077 -0.037703463772156665
434039 -0.057119013040201866
227455 -0.054415796130830134
226843 0.036340033993564676
124990 0.057976670793958254
123736 0.03314733714686047
332260 0.06746992377505127
124186 -0.056849322598876394
228907 0.056134557673038814
227734 0.031314089985116984
020084 0.09211367457204761
229303 -0.0960705864120259
124651 -0.017057301961252287
228184 -0.018810360652186494
228844 0.05955746794520041
019016 -0.030610612215905723
227476 2.541368415041549e-05
018068 0.15577884426118635
332116 0.06264306442784383
332434 0.04863385230125292
229123 0.03982307549071153
018719 -0.00167805614925566
331105 0.16245659701888016
434012 -0.038859772898307804
331405 0.07259993442192118
125260 0.01953428654217118
124603 -0.014289610677908952
228496 -0.01728830125718866
019124 0.12010976418179617
436034 -0.0093363537061642
227764 -0.009608165697885461
226765 0.09900038280463945
436007 -0.004959222516656952
434996 -0.006058703803908159
434408 -0.01877914372571329
017825 0.08366828402120731
435674 0.057006701986610696
433790 -0.0116097739141439
435968 -0.018253423980896986
331057 0.10745993171162556
228007 -0.02872712909696525
123172 -0.07462539208031453
330793 0.03836894874617303
018938 -0.01876583462646589
018218 0.09045078790217471
125815 -0.09065299612535484
229300 -0.09682008024412934
331852 0.02989064627525202
435788 0.011715884782590688
332827 0.0013565509407608652
124168 -0.06129328138348693
434150 0.01946173854803442
227659 0.04359205286387272
125299 -0.08718812838061751
125476 -0.06863469558612187
436046 -0.013518555666503576
227428 -0.05764199452177335
020264 -0.016201028275111367
018734 0.1005418203210318
331588 0.013808390868036419
124813 -0.03153401652958718
433757 -0.023716975342322106
125329 0.11664326821888932
229246 0.06583724679327896
124696 -0.06393187204253302
123820 -0.04860709724144158
436202 -0.03753279969514071
123799 -0.01960928198336219
228340 -0.13462810513678183
125677 -0.012962792763909936
433736 -0.006262416620361266
124474 -0.022198292290670857
124177 -0.062377755426145626
435677 0.05265020665981191
227524 -0.06554174249057693
227569 0.08887544607628993
332857 0.03467056563935236
017690 -0.019097143305895146
019574 0.17003119820036885
332017 0.03265504190825501
331234 0.08047259537654931
228151 -0.021263519499345036
227335 0.006526285059612641
227683 0.06023099192499801
017636 -0.08474457906481472
124531 -0.09534916902860859
434906 -0.06560655661295145
125491 0.13231232982202124
435554 0.08442713686224076
435632 0.028351110673927066
019292 0.05893989334616116
019796 0.05460252223453253
124540 -0.0886085060400348
226756 0.09376734359051155
434744 -0.019899674700671444
123268 0.09198847416052602
332383 -0.0010566772918885502
124354 0.034141332963388026
435095 0.05225900694941701
331279 -0.04465474520583913
434480 -0.031567700383606734
228880 0.13284289733744162
228799 0.08536894783989833
228430 0.061001208673564705
434954 -0.05805391489131369
330724 0.016048238605180527
435398 0.056186545855424964
227245 0.023772564776658248
330913 0.06608734785540257
019313 0.06705932387984095
124171 -0.06602625507369307
435536 0.08449331621583928
227122 -0.009065704446457745
227014 0.030442714248704827
123841 -0.09700454892537538
018452 0.07795965308985912
332662 0.01549455744791908
330616 0.08959716051419775
227653 0.024502634585467562
226789 0.04993683877433649
434648 0.04101807599242235
019304 0.0601477344184126
229192 -0.004050188743297059
331729 0.07414165087838293
228763 0.1438662186877637
017981 0.0004198332388394141
228730 0.08863928088855913
124003 0.06956936916946703
125695 -0.00994306519468855
125542 0.04312223469633137
435527 0.08499692306560189
227644 -0.040529139854698096
123985 -0.01895881798330375
436142 -0.03132979435407847
228121 0.06477103766601823
123739 0.002650979692266718
228703 0.02267768990198515
436289 -0.013852407645429901
330778 0.0035422317156888028
019466 -0.05989204548051089
330733 0.003871208002155598
436019 -0.007971060558017894
435827 -0.014025662690064394
434945 -0.040910057570524364
018020 -0.04258109592012917
434234 0.1232853522655908
018038 0.11150959271943552
019220 0.043880708679132185
330235 0.002493064793794583
332815 0.002994685896781819
330715 0.027346522982772813
229369 -0.07741366444979539
020189 0.07343514715046302
019199 0.03216584560255954
332686 0.02550327658862981
123685 0.004903520197121199
124024 -0.022949275236271396
332026 0.021128869511682715
125113 0.01783170804241386
018875 0.09229815342021562
436274 -0.028997064322537434
123139 -0.03600143952563847
125197 -0.03496803664480324
018893 0.0365608253226375
123211 -0.00991987241696371
229243 0.07022601779912137
227257 0.038293168965869796
018446 0.15459175654820034
124000 0.06988359266372313
019133 0.04538319747295239
227044 0.04349135471757328
124855 -0.07728391344482138
123274 0.10165576070693506
331552 0.028963951574463607
017654 -0.08098894474818143
020015 0.021702225079296034
436190 -0.03254679896842873
020033 -0.04305608219695689
124504 -0.0967181154015085
019487 0.05221541127261385
331444 0.025133947397771923
020285 -0.010333940099104951
435758 0.013123800079876046
125680 -0.001238133173293946
330340 0.021713302429697812
018608 0.0168081158178824
331738 0.045250851123357624
434720 -0.0012631777863999012
228226 -0.03397162130351187
435308 0.11336172788264659
330904 -0.011006627723846323
330448 0.04525617453687472
124834 -0.047096558853080596
124381 -0.07809760493845515
436160 -0.01960011442178672
018689 0.07567283918849703
435317 0.0998897771986704
434111 0.016949452595783204
017684 -0.029639438451231646
436106 -0.027682904626634267
123451 -0.028208130620905266
434987 -0.014411221996844427
123130 -0.032619793288315324
124618 -0.023195557099697103
124534 -0.09188092147518774
020252 0.011154465798582286
332452 0.05237691386178279
019271 0.06339508316379891
331408 0.06938805237213472
434573 0.014718055451027424
330838 0.12208880264592938
124516 -0.10033413680069767
228175 -0.009837228607857369
435008 0.0033206237280268
331450 0.022478330926074257
125134 0.04096945111538711
227140 0.015540399645550219
123382 0.029345975931646052
228865 0.0532058304636709
435824 -0.01144435108711423
435704 0.07293395616978932
123295 0.10037435296945925
436124 -0.03303244639034098
330433 0.03462015603543516
435038 0.11440037714038781
331618 0.004511263142596804
017708 0.003369904922392741
227671 0.06379949922319926
123490 0.0518267506884697
123343 -0.022443301617514566
330907 0.025169803082029898
227554 0.06006211328798631
229087 0.03885517492792162
331372 0.06396962606074827
331285 -0.03704995238332547
434174 0.09496720222296653
434711 0.008583267104095915
229009 0.010055618781357432
017948 0.012882571343320532
331465 0.01993220690232049
125005 0.08461031086565203
124261 -0.05198338633694487
434672 -0.017685520260957488
434033 -0.054341709970391144
125332 0.0681046009076571
229141 0.04885362334578435
123442 -0.04386288157603971
331306 0.12830404915903632
228325 -0.07646843361788586
020276 -0.010058692218216031
229405 0.021505401171312367
229039 -0.0061983013599059035
229003 -0.04203947646457503
435881 -0.004286925372512394
123184 -0.07063561194338439
332392 0.008997309206737308
228940 -0.016686071520477814
434438 -0.00045770498889754764
123346 -0.019685838606271232
229162 0.09563497464924395
228403 -0.020036484284605072
123967 -0.052421024477010296
228706 0.028784624239646565
124735 -0.04365998803746544
436250 -0.03365404899683294
330877 -0.07633316708671753
436109 -0.024588967915408037
017657 -0.075177439858043
019244 0.03956323976894431
227092 -0.03416947176104216
020000 -0.031762901991163474
331720 0.012968447236787705
123418 0.011655592018370266
227074 -0.018726406045580967
123919 -0.005597275551692411
331117 0.14485560939320682
020138 0.06059575133956235
331165 0.03553672183319888
228835 -0.004942319072866645
331681 0.06546023233140784
330409 0.09336456834384861
434729 -0.015846863405074407
124066 0.022402407963088147
123199 -0.04741419939083607
332029 -0.012000935096186747
331549 0.023214754865152558
227518 -0.07835721965364244
228271 0.058187421085875074
123769 -0.10495567964103168
018869 0.08532515812324218
330649 0.044540072853765586
125776 0.04739731071877202
435578 0.0697560956793314
331948 0.03826887055391316
227392 -0.018198715050661535
124144 -0.013967978416217696
226999 0.02507305268856184
018311 -0.1128400913576961
124738 -0.04370250648035948
019412 0.15969222236067435
019928 -0.028436776674880777
227077 -0.02185474072171829
330853 -0.041081441790153245
018461 0.028987926619724977
228307 0.021403345112380286
435140 0.11198837788166613
331987 0.045612925046032815
435164 0.01391592639674165
227980 -0.0115509955981119
124159 -0.07140970376231785
019619 -0.0035142928532191685
330601 0.04776799902304403
227323 0.02376687232688108
125698 -0.03326616045598025
123934 0.027569728750309403
019763 0.09864072484314126
124009 0.05294070204103514
332617 0.007850434155715395
331276 -0.031485168995806376
019163 0.026803545735065087
018119 -0.08517196842355511
018065 0.16974321622697133
123364 0.13631033878822796
434009 -0.025998481959638973
332398 0.026649300647607076
331891 0.0046286777964036525
125353 -0.08121356938672478
228997 -0.08120986577050045
125728 -0.04345091377570142
330193 0.027862703085955166
125785 -0.05740861817855625
019973 0.06118835782961332
331075 0.1377530404993219
435647 0.04125821275316538
434069 -0.060710633031131556
228304 0.12910979432449185
435041 0.06079161384532369
331954 0.03944817401408147
434177 0.11671358020283724
229090 0.05446434942915411
123622 -0.00193040910491597
018368 0.02290638139776068
331795 0.046303453062906376
226933 0.020078918153673506
435557 0.08301145218133364
227116 -0.025136329710128892
435092 0.0507057319027621
228082 0.047501616353913256
228535 0.029361520999670165
226753 0.09498974526299991
125467 -0.12375216188787463
435374 0.10202317739588306
433784 -0.014759956973593055
436364 -0.05630955521043594
435575 0.06934845529007459
017807 -0.005416148307939113
018290 -0.1234432697884014
436049 -0.014667021910632818
331189 0.06945027622445672
229234 0.04356901452745091
124027 -0.033178592073439546
123340 -0.026664671100873692
018851 0.11605023903692699
434735 -0.019714161778509796
436229 -0.03539947442378863
229021 0.013962490316322972
434144 -0.015084261522385992
124222 -0.005314023577990812
331798 0.04768493232090976
125722 -0.000225052904726854
124876 -0.0846187071476634
124408 -0.08786345649195446
018623 -0.006843663229951077
018980 0.020039472164605724
228085 0.04660360576614501
227365 0.029206769529949005
226978 0.022302657387212866
123583 -0.03202417206857644
331531 0.008026034456320344
436340 -0.06540736947131691
020219 0.07651638354583537
123853 -0.027760105359725677
330430 0.03241435879511794
331777 -0.008452740320588981
018698 -0.06800653905297675
123541 -0.01425680557195952
433688 0.031805070424746146
123616 -0.03523260241237807
226948 0.026516114129252415
229117 0.021607211025086358
124693 -0.0702444703197427
330880 -0.06717919185911408
123964 -0.04265713069915303
227521 -0.07826923225056633
019241 0.03402579569262793
018056 0.16582490188806526
330787 0.020558307120749904
020261 -0.013562640710692766
019994 -0.027092489821306246
330484 -0.007513857666363434
433691 0.035516582207562465
019169 0.03460192616262925
019535 0.02849754715185815
434714 0.004114091115552095
227101 -0.022099480340516165
435905 0.003995209764627032
228397 -0.07770350080166566
020192 0.0656010136468175
125599 -0.08179930948616426
228592 0.07917355110101856
434216 0.07501764925790576
124882 -0.08411350714173328
123436 0.030489549804129466
227389 -0.017525183473267425
018557 0.010627821344783128
227908 -0.0771171849063307
229012 0.059605562638908836
228052 0.01947917496466738
125074 -0.029536899765220004
125536 0.044041688421724325
229375 -0.06671144132415291
124363 -0.045651139381410244
017738 0.06043789705831743
435074 0.011948346756418211
435626 0.02832592246105456
123214 -0.006865848458612297
436328 -0.06704149615196955
331639 -0.04032269701565813
330658 0.055267163613341816
020279 -0.01624943413972314
227023 0.02795017641508991
331210 0.06252515344804035
123256 0.030403774614818628
124444 -0.023032884954072047
020063 -0.10512259661319912
124207 -0.025940052508339456
228328 -0.09004889237502266
228241 0.035871913541312896
124714 -0.04675356934664481
332833 0.0010773939818949118
124468 0.01616022796271506
124093 -0.09052470973524086
330529 0.0019101737373631944
330211 -0.05067586571712641
332737 0.027526399730725952
330961 -0.07037350524855568
018242 -0.03092628465127692
124624 -0.02434132095528229
018053 0.14996406462584327
228913 0.02415886591305899
125263 0.032082469189720166
123454 -0.0037373150613924833
434102 0.016060048843187
017909 -0.03331804866413657
227680 0.09072564288680997
332188 0.06273419287405328
019205 0.030900440176892363
229072 0.04663310451760126
331351 0.04821744468421925
330370 -0.029715795557888756
227383 -0.004203556299751616
018728 0.06871571337803399
123400 0.028138989410326797
019694 -0.07142541758163849
124654 -0.03491183152729749
435341 0.07877123094949101
436052 -0.013249363092066303
228289 0.099271598836419
124423 -0.08394762227571188
331534 0.015845124377324923
019253 0.047293183422622134
228817 -0.008904535615573798
330502 0.004073575612098451
332698 0.028010320005683584
332149 0.07063675658357745
228010 -0.01609750860791025
332845 0.001378131834232361
018284 -0.07521994397101274
124960 0.0020040957952933347
436121 -0.028821851823416268
020288 -0.009678602247516644
123394 0.07033476466819609
434666 -0.01468431875255477
019232 0.04313199840733698
227293 0.03446612628872152
017660 -0.07368247859354321
331684 0.037243799009406525
331441 0.026148376294544765
124342 0.022856009831753864
436211 -0.038235063985695
123505 -0.03015313680611189
436220 -0.027987222029868617
435875 -0.006427774911275982
331606 -0.03144577271839309
331744 -0.013242642159647103
123517 -0.09123150333779144
228118 0.056459132305365985
331735 0.09389581837311099
123718 -0.06278411782957082
227110 -0.024164342660372002
125761 0.05467766453685213
434948 -0.04653249476930254
435737 0.0155096339501245
017639 -0.07841467564539056
124204 -0.02225449742811411
018602 -0.020139574314477174
229279 -0.07991251025665394
019385 0.11270362882116754
332320 0.04486462004042771
435890 0.0035955664994456273
019127 0.07287862237965087
123697 0.07776269650813704
226882 0.03145422372072442
436262 -0.041280673099881975
435623 0.02503791701584662
019889 -0.044626477992241814
332176 0.04184606807859027
125764 0.01823432997611291
124114 -0.03237416268898927
124519 -0.10202464000883743
018248 -0.047660657442131535
018140 -0.09575306426333845
227557 0.053190753868353084
436349 -0.058568350143505664
226735 0.038175034009891126
435281 0.12682410548925044
436358 -0.057803841690966445
227254 0.031223255550761324
123175 -0.07073086653192294
125809 -0.09037965049386185
434894 0.04064760588359988
227143 0.008031927345129513
330796 0.04974842965138025
227080 -0.032997749207218555
434264 -0.009225118490026933
332215 0.06344865816018398
227128 0.01259189020015802
433850 0.013796275906945179
435251 0.09826755904876137
018944 -0.016575676845388538
018521 0.14488494632345134
229366 -0.07228155086169635
433694 0.0650718297107219
330700 -0.0201880469504471
020204 0.06414713636859433
228100 0.024877910110815582
331333 -0.025844177673702153
020183 0.07396512028510238
226921 0.025435746578822728
330151 -0.017745196480774272
124801 -0.041638305531747334
228775 0.1393576395209486
435830 -0.014457537467101303
019793 0.05359348516944692
019211 0.037594185749544186
019265 0.06233247112083427
330922 -0.05690277313244735
330553 0.04168421504042217
330856 -0.06662742665789788
434591 -0.00249389227323949
017960 -0.022395723002879758
331267 -0.03059330571742432
228949 -0.03130728571383446
019811 0.024687866244495746
332647 0.017196936891130842
227302 0.028721796917658447
330508 0.01970954823845043
331957 0.039124391038409395
330466 0.14605682783143892
227965 -0.05910855861575546
017780 -0.05828165190136304
125692 0.026191686225469007
017630 -0.08450233190695658
019532 0.08950853262323631
228976 0.12069351396385472
227020 0.02545155903878752
123514 -0.09316565527644736
332218 0.07057101349391706
019109 0.14296936711306296
331978 0.04038885376689964
124258 -0.047225927099761596
330811 0.029077509639943454
435770 0.014039386466884468
229069 0.09206459987261899
020291 0.006509780801842923
227413 -0.05528043799672119
330418 0.02955274226405074
123940 0.045871847126069135
435485 0.12458282450967885
331132 0.12266151952585114
434903 -0.04099213595870541
226912 0.03874324143492832
228745 0.11653896106770387
125155 0.027727029147170613
018803 0.1597872874563034
125632 -0.11237334029563006
226723 0.026797608055514708
227026 0.04366349365018989
434243 0.04120695546593726
434396 -0.014034264009834827
331762 -0.014723472120787864
018722 0.029805738916472778
435785 0.011530800392241759
435533 0.08566903463041513
123520 -0.07410149065237939
435731 0.020836751521397787
123793 0.018167996443269715
020141 0.09233759474788737
123499 -0.01981026112063237
227173 -0.05572353146961176
331192 0.027666332990521198
332395 0.01950047457834083
435431 0.11471878755261924
019289 0.06687299092610677
226738 0.06514497934611065
124702 -0.06311543997331037
125419 0.18890110973675073
125086 -0.04991484359831684
436352 -0.058412022222735525
228862 0.020364878926811394
435047 0.02473094490773956
123190 -0.07097746374307075
017801 -0.02601323498425855
331732 0.11719782165816514
331876 -0.048752969661086956
434453 0.025288071097011075
125194 -0.037926901852472
123676 -0.012285497387425109
018209 0.06626354678282662
228169 -0.036433197019171665
434561 -0.020347505440373143
018488 -0.013142382798617633
436115 -0.028211993995693196
123706 -0.04631856097471705
229213 -0.017388857743227022
228871 0.08653262822085588
123304 0.07927121425285676
330232 0.006424948383286023
017966 -0.0312951475733676
332626 0.008818033013492274
125257 0.015389026974847002
227299 0.031224577646728955
227449 -0.057419755641204044
124522 -0.09745922390572824
019775 0.06987094730741687
435101 0.05625556024769188
332329 0.04181771590129465
125626 -0.12795939762818492
226828 0.023432744029740136
434426 -0.013055421499824008
332809 0.007030659123905693
331696 0.01328663580765876
226834 0.024332302264274384
125359 -0.034909835129407235
436133 -0.02970466313008561
019277 0.07526152478178488
123952 0.029723561771641205
124615 -0.023842001965767096
123748 -0.0029913315157823477
229075 0.025997969636189312
331705 0.06640307852920302
435698 0.05980385804506906
123196 -0.05796483071422143
435818 -0.004850382989246833
228217 -0.034088255136850334
125617 -0.11419873081780728
229183 -0.027759698602994928
020300 0.031295859209105714
435821 -0.01120863884850873
226819 0.013948456694473983
331537 0.009510851045984637
435404 0.03353925892236799
125116 0.044970327999914066
434726 -0.006743543599335362
019853 -0.0009221001842842504
228493 -0.009854648055434753
436238 -0.035930202797158785
331054 0.06682697467399851
227200 0.050725149303688474
227992 0.0627032550867312
019553 0.09080288845297244
228172 -0.03560365582046723
017795 -0.04099119668174728
434669 -0.016596577249480226
228955 -0.027087789186683857
227581 -0.013838948987309203
229345 -0.03992090392775147
019202 0.03052726741355693
434219 0.0812060760885284
019208 0.034180804293823266
226942 0.01845408481481813
226972 0.026698498165960545
330346 -0.022912597012282362
229054 -0.009362564813332658
332749 0.025353930030596994
332746 0.03192646373050471
123586 -0.02017258630480085
332680 0.01922906324234808
436169 -0.01728225337163357
124456 0.011490727092494712
331792 0.02022185415975632
331750 -0.02565620605319163
331147 0.06495297319766513
019613 -0.009898208557291234
435641 0.033892584899553414
018956 -0.016714943143368455
019409 0.1556550116524331
227530 -0.050704436669257266
018902 -0.008580839910645108
434105 0.019593401731433497
435857 -0.016849825020042418
436010 -0.005599084768341128
019625 -0.0021451377307746965
227752 -0.09104306273767594
435947 0.03531833082760393
434909 -0.06182838414543219
331183 0.1445094531722753
018536 0.029901789975421488
435812 0.001854309461191744
123481 0.006710446483776151
434594 0.015036956750719265
018716 -0.0725456946120675
124129 0.10786487966714908
123589 -0.008681706733852143
434207 0.0766278653471589
228190 -0.017567756661356165
019589 -0.010700887643923978
123388 0.07046551845828461
332365 0.021784101870540373
019616 -0.003736722978319912
434075 -0.05106127593745158
124030 -0.01564902795118596
434882 0.018687341788607835
436001 -0.005654557400111266
227755 -0.08336533224095083
125179 -0.008996667829500574
435218 0.03834098692352193
226861 0.023241451949076897
436259 -0.040567796190129686
018554 0.004995798033707503
435743 0.015802253712709814
227458 -0.04725958650370028
124741 -0.05031756131083049
229348 -0.01055294950634983
125062 -0.02620568136028955
331363 0.06320014034429376
017621 -0.06400321929325795
227239 0.023193640697228984
227152 -0.019706238829900347
018863 0.09759678010367952
124360 -0.03210546535634766
020057 -0.1161764044137228
331711 0.12346689900067669
330292 -0.010716137439640042
018017 -0.05546090540186241
435923 0.005550485779364076
332788 0.004981708306991494
124156 -0.06657543243346294
123580 -0.035341194411090154
331156 0.02043934503481502
331024 0.033979194164548386
123262 0.05546256160970357
017705 -0.012580542986537224
018731 0.08601695567842514
123607 -0.00640292768108305
330208 -0.050930716010679916
020024 0.06536214180505139
019184 0.0431689334853142
227560 0.06767109446003039
331600 -0.02389484447976419
332644 0.014755176480210203
434123 0.0005812978872761751
124816 -0.027466177218580398
436196 -0.02773620428568508
330136 0.023076991613325794
227821 -0.076186393041193
228508 -0.006749248570747998
124795 -0.0531194132779533
227638 -0.04405308231515997
228043 0.022864209970144714
228238 0.006690306777449871
227296 0.031029714011843942
125524 0.0019212962856733529
331624 -0.017775134271098218
123235 -0.01950091177160379
330730 -0.014257041712292504
124903 -0.040834756554061075
124018 0.07911432837184185
434822 0.05352531190706601
125251 -0.005729348462464457
433880 -0.02170097349575818
433721 0.07874712650698808
332185 0.05809618396307129
124864 -0.08146820905292841
018188 0.07443407513745717
124873 -0.0805322555197134
123982 -0.015753614327970112
125479 -0.04854481684507511
228757 0.14081900553898954
228442 0.06845517259426218
228124 0.09096699237075946
434378 -0.01968683919108515
227185 -0.0369001326593412
330646 0.0504717542120712
125233 -0.04983523342743926
020171 0.10919524508227843
124780 -0.06208431758432167
330490 0.0024992982604710324
124243 0.015239763279894946
123721 -0.05208107002083647
125308 -0.0905043548791998
228892 0.09249854157875444
123823 -0.08404928625502738
227437 -0.059557473203983115
332803 0.007624747220675797
434441 -0.0005296945231992217
434630 0.04094374666626613
435497 0.11538305728258244
434045 -0.04901789892177789
227497 -0.0779266067889925
124789 -0.06613753345994348
226759 0.10886763295968559
435938 0.030251763290323773
019964 0.0027848188046956423
228820 -0.012499319019731064
331693 -0.0023521375395192867
434786 -0.07333723134376678
435866 -0.013148200736855556
331123 0.1263553275656339
331636 -0.03594645989877747
433766 -0.01214066201971398
227230 0.04175316074352095
018164 0.12371831940561341
229066 0.13828207510187757
018752 0.09487437361802264
123646 -0.045214353177984855
331174 0.07446128391400317
332806 0.008835893768692725
228769 0.1386978750042364
331834 0.050765648490525415
125758 0.08937239473230424
019049 -0.0322537362091645
125563 0.11732066114183883
123844 -0.07902627417123402
228928 -0.04374205926272522
124924 -0.010787173429713224
435566 0.08248656186387113
435974 -0.02009179145997428
124906 -0.03541087153296964
434384 -0.0183326657447667
228028 0.01302691545874764
331414 0.053803926767776414
123745 -0.02766997207684503
018878 0.08378155458235947
330736 0.027791842456144605
020009 0.0004473475853766658
331138 0.1418567213887329
330505 0.009501437507974374
018203 0.061359176035480405
436139 -0.03279186372664531
124918 -0.024860306136987625
435320 0.09490741790585848
125239 -0.04888173745556967
330304 0.01053077261788505
331585 0.011769103435942143
228898 0.13128198603961955
019103 0.15109166955422101
017747 0.10376490354908986
331030 -0.03968825201571001
331261 -0.004471862660352942
330598 0.0388314990027736
434447 0.018610311386307025
123757 -0.061573767348339685
124606 -0.020890527971677113
330979 -0.011907790722717802
435878 -0.005316568936533201
331462 0.015947773456145526
331675 0.08703090821890005
229201 -0.015084625004982397
435410 0.06032370874616835
436064 -0.023248040049943273
435962 -0.017661892109283324
124771 -0.06794610484973801
017864 -0.0038109409717691114
433871 -0.006233268932289963
332278 0.05535988377200233
226795 0.0315638343025874
124525 -0.09969748034228544
125371 0.10668745942790614
435512 0.09171215276358108
229267 -0.07130103630560582
124831 -0.04266827536205603
123625 0.036770806396582145
125614 -0.12391233342289289
227362 0.0174263020480332
229291 -0.08252920054266881
123910 -0.03283936727680733
330901 -0.02195103496695541
019151 0.0430312721318748
018500 0.08859793098775018
435029 0.09459006228598667
330571 -0.00909080699086189
226951 0.03336036799473608
227017 0.030297253085386645
332146 0.07232359147576882
435299 0.13230845539244698
332761 0.005575086443257439
227242 0.01601393905532123
124357 -0.001478654979033783
331714 0.12193173365286218
229363 -0.06332035491940137
332740 0.02845404993386292
228136 0.12025973810241065
125608 -0.1027193495383981
434675 -0.019377591008566425
331627 -0.02143702404676364
228883 0.1014931436995975
331525 -0.009030447484184046
125689 0.028869619015280276
331330 -0.03338534250435491
330139 -0.021697331567676857
226924 0.023167993741628975
018713 -0.06224413982353003
228142 0.07122821825964924
332794 0.005280556535711545
332254 0.06421476326056831
124852 -0.07447675359860656
436031 -0.008031150158173888
332143 0.07410467512920649
434273 -0.012359135458890055
018710 -0.0719055151872192
434348 -0.005564260198046734
018092 0.06306041784367679
229408 0.021066363074888635
434132 -0.0420829979350919
020177 0.05925227260647085
330763 0.08704953429139689
330229 -0.003660726479686254
123424 0.031158920923678158
227011 0.03227841270079735
331918 0.11239981375080718
228001 -0.023608222197122143
332275 0.052762949368068794
124993 0.07076667816589603
124267 -0.056790386142325434
434228 0.09417115356551668
331969 0.030551458832429157
019214 0.04175363231492993
123979 -0.024565183830756347
124426 -0.0807558703284109
228058 0.02761007744191601
123367 0.10961184866267802
124234 0.04318433053262876
123619 -0.02349179647378299
125029 0.10372481431898156
124939 0.001954681946886056
226870 0.02603343417437166
331810 0.06877584115973198
332107 0.06338554036392184
330916 0.0024572490625547182
434087 -0.04065967981611322
330511 0.02266348555780031
435005 -0.005552678236046211
331357 0.046927081921754
435752 0.015191973866931524
020174 0.05039934613200299
020180 0.06852966757396309
017879 -0.029213084421015365
018005 -0.08117450352470754
019115 0.14324579820178804
227929 -0.05313672617193058
435428 0.10055933057396128
330460 0.08878510806192175
124339 0.00823947891064345
123148 -0.030542101080003606
229261 -0.057771674573729094
331141 0.13978537732375515
330445 0.028560476085396032
019010 -0.031521915549028785
433697 0.08111943466842357
434210 0.07299008328369705
228448 0.0841554186395326
332179 0.04917524901874028
125215 -0.05856797606975741
229252 0.003975578410214777
331288 -0.019583941901565597
229159 0.0682379335823293
434081 -0.04836075524035172
227251 0.032686161763589565
125041 0.03687303770021531
332659 0.015585446721252899
125701 -0.05113993110085921
124639 -0.023854723468019954
019526 0.1374640008293843
228841 0.033013037637857026
434918 -0.017784394951794753
433787 -0.010049179029030918
331645 -0.0291033115229722
019592 -0.032545276740928754
228580 0.09985134066051476
227602 -0.07082816247341255
435452 0.16549075078663233
228943 -0.030858777600274678
330394 0.12221494031521479
125482 -0.01289637032720664
018050 0.15072344488213676
330592 -0.002374786227513514
436112 -0.02678646908101505
017876 -0.02551894949293176
330349 -0.03820944448574547
436325 -0.06462526241082792
434804 -0.06545407623108809
331759 -0.010686894144742052
227107 -0.0195507042911673
331789 0.04226566354153782
227317 0.026019386133336014
227320 0.027266696328253435
018545 0.01163843544175736
436292 -0.0006391156689280334
436193 -0.027806758411798787
330427 0.01756637706143563
019988 -0.05228885427184422
125356 -0.07047546842422829
330931 -0.03826499681968193
434465 0.005135151030165583
332791 0.0029526505373909926
434366 -0.01893489549518023
019166 0.03260959900376608
124378 -0.07877000945280907
123487 0.10496255222748771
124054 -0.09041076738289608
020147 0.1050757078486673
123385 0.05957156145347192
331297 0.11243219251885829
435860 -0.012426328229218494
125020 0.10312855545072402
125605 -0.1014302631194969
330868 -0.08685202421002006
124720 -0.039281457054110305
435572 0.07099551245443426
331555 0.03558616275145332
434021 -0.05124095412322365
228409 0.0027549551003848254
330337 0.023338448003145943
330163 -0.01444031344109943
330202 -0.04276871629526612
227374 0.0715482692151054
331051 0.04980709725989976
019382 0.07820049954834009
019319 0.07166505940894688
331384 0.07441480075166562
228790 0.10302020020528314
331480 0.04503921830085915
124846 -0.06686709142274923
018896 0.02610051037583112
020156 0.0600927781907339
435950 0.02190460939152211
017774 -0.05566224019411962
435911 0.0028917518051193945
227464 -0.032388844923828125
228901 0.12195053966171794
018995 -0.030211133152912607
433859 0.008041776813790856
018884 0.059300688752361566
226996 0.03146234172076092
435344 0.08711593003319863
330475 -9.372996385013779e-05
332428 0.04430479480177206
125137 0.03519513482059192
123178 -0.06529006920361215
229342 -0.053115251614412884
017585 0.07896710806877481
331921 0.11369357909453912
228439 0.07015360885821609
124582 0.011657463144894999
331186 0.1331642618085409
018977 0.03294539294623569
123358 0.08348804849343529
332023 -0.006183946253572979
331786 0.017971883084927285
227158 -0.03536964490029817
227440 -0.06130857021829122
228274 0.057778982345866134
331771 -0.02350767161024691
018107 -0.08766610128182988
124198 -0.024154856086321338
330469 0.11506735896976997
228283 0.0872206934858722
123592 0.003944768761931015
017777 -0.04825385522845242
332356 0.02116840273084981
434468 -0.0029102557894808635
227059 0.020183590234541093
435680 0.054171175488952665
227446 -0.061744374594116615
227674 0.04996711866922383
019085 0.11896344126954593
020030 -0.04838779262764745
017765 -0.01040404810468572
019529 0.15974225795876956
434780 -0.05804734870941778
228292 0.08434545742463737
125026 0.10332724085747613
228103 0.02926949855684586
019022 -0.04065910575524566
123493 0.028329008091472842
436256 -0.034959177775999
332359 0.016879982567981636
228229 -0.021520084305518057
435443 0.14785412920394753
019046 -0.02697523845606902
331960 0.03632769978367144
435887 0.004453685715437607
434528 -0.03340991539998098
331420 0.04204425324183498
435638 0.027746600685452365
436286 -0.016939788651409275
229297 -0.08984604579672598
332173 0.04518245891233088
434978 -0.053130199380116455
330181 0.08483970255472024
123760 -0.09684099309473676
125713 -0.061713841120934726
331564 0.02365462795658456
124729 -0.04194295457627341
227461 -0.04121858369029345
227407 -0.04860492744354219
226957 0.0314348290741709
227731 0.020868877491289795
435998 -0.011199262551081914
019820 0.0125785871957371
331015 0.17490882060209573
227881 0.03447422049148767
228316 -0.014939138380246964
436037 -0.006124010392870435
018746 0.16858304701064517
123778 -0.061624692327664744
124867 -0.08240769398622946
124858 -0.07891803898160361
331264 -0.0163703138948616
019145 0.043238487105802116
228466 0.07823555438171165
330835 0.12535639831712053
124483 -0.06336734236525977
123232 -0.01427998635676
434927 0.026370503405946242
229330 -0.09478061661708566
435653 0.044915614398329036
227029 0.028125596547730104
436304 -0.0029268024085062675
124945 -0.002339602614320313
018503 0.12317105041146821
331522 -0.006728245099413823
330664 -0.0009889290360512255
330214 -0.048465201062602235
435323 0.10866521404192307
435605 0.026270764337011986
020006 0.004260446191139976
018899 0.008810425953678385
434750 -0.02199486552499331
123988 -0.005529797664070252
331222 0.1015990853801009
229270 -0.07955288215144962
124174 -0.06614883291924958
227332 0.021238909728108463
125218 -0.0597453731691638
018590 -0.051269231404004106
228139 0.11305206433560892
434930 0.002736506007966537
330829 0.10026749155238912
435080 0.02572466035550486
332227 0.07328498105844315
330160 -0.01798710070178184
435329 0.08474414716154836
125806 -0.09493335555274433
017972 -0.014250051115114081
018764 0.0020325762128073064
433889 -0.04530957751389197
228193 -0.015877585093833555
228490 -0.00930716329693185
227179 -0.0450243335612079
331657 0.023237538964157936
435659 0.04850361130222388
125035 0.07497165663532479
228463 0.0918559442684717
228670 0.07331324215187637
435392 0.08087564769685612
123781 -0.04008876108539798
226720 0.04459649569915982
124951 -0.012964595299759447
434246 0.020764396657746306
124102 -0.06791844218406186
436130 -0.029427456258784172
226945 0.018963731089147916
124492 -0.08327798336685527
020186 0.0800897339889085
124384 -0.0804299266965689
123994 0.03892004394927024
330766 0.09828115887512454
017618 -0.0687789821061493
018887 0.041649377342870046
435515 0.09310878500362081
124753 -0.057718179596516275
123838 -0.10107023773391716
436367 -0.05061666170921137
123916 -0.016628005690942825
018176 0.15782097997529757
229357 -0.025137161867426143
227167 -0.0505120663658813
435503 0.09117082155530298
125425 0.0598045371352287
229096 0.10252634697587305
124069 0.0667450239487139
018269 0.10453448943721438
434807 -0.049521546816471786
020216 0.1323589203278438
019460 -0.08340812838477012
125686 0.01879671305566645
435023 0.0637675456038067
019391 0.15967370337320563
331717 0.03715848451889868
330814 0.04865399462239871
227995 -0.011636706121306562
227584 -0.026415161507335996
330817 0.06513356868566192
433847 0.012672637544139774
331855 0.03385203812021027
332182 0.051976404656633
435062 0.029307520785527875
123187 -0.07368110858494653
434969 -0.057331079518917534
330628 0.09919237038855648
226807 0.023289540256404333
331678 0.11199627197179308
228145 0.023632072061123287
018668 0.05222082425936351
434597 0.02233882669342047
123430 0.09322864621288386
331558 0.025942014506617497
017945 0.014990459530223325
123694 0.08951585753732168
434171 0.0791729334103832
017999 -0.01218869267514178
434777 -0.05790381882526724
019148 0.03752155611174009
435686 0.05345747613234155
330547 0.02628622261008643
124135 0.11741734671002163
435509 0.08776285789232326
330442 0.026918510864777066
332623 0.006317148148779434
227266 0.04726537953003889
433907 -0.006510461679218184
229204 -0.0177082607253508
124687 -0.06437042835072214
331423 0.03693128867389697
227758 -0.0637644942124965
433763 -0.016476175452959003
125128 0.035318399364163415
125461 -0.10670074969027386
331498 -0.0007010785450829782
124978 0.04328938751532422
435401 0.03859540287960855
228106 0.03079542592252011
434762 -0.0200813389946464
125740 -0.04544666783839599
123637 -0.06782683895491727
125296 -0.08631881006325519
229273 -0.08288041904243226
227740 0.0038447743323212595
123496 -0.01786487738103377
330556 0.04194029117806151
435989 -0.01278890315229688
435422 0.08321903015929297
435068 0.018868299756555285
020048 -0.06072467178022066
332239 0.06891103025079492
227728 0.01739226364642167
332140 0.0713579085234692
125017 0.08832830136633797
018215 0.0804191928545282
435434 0.12919644406546618
331060 0.10393764867310193
436058 -0.014404713171581127
330871 -0.09798390479086688
434018 -0.0517608222720111
018476 0.1519652413064648
123814 0.05506200475152514
434291 -0.01975774867492597
017576 0.003102578391805728
018806 0.13188530709031784
228013 -0.013583991980656612
434261 -0.011015055449809909
330808 0.012047062259410306
434705 0.0010394568964636136
020117 0.08956884935263597
331660 0.007241675158888786
125230 -0.052504792384591284
435716 0.03726238405004608
331702 0.027387247675543694
227794 -0.05497881117539318
125272 0.005409716912821353
434165 0.0348723275968888
125320 0.026775974261789362
330790 0.021463584676019123
227272 0.04742114551666021
229360 -0.04788078966771927
123976 -0.037581987524165236
227509 -0.08367601469781104
123913 -0.027262756295192755
331753 -0.03414520646545563
123970 -0.05810127887501123
435413 0.06090375936322631
331672 0.07114999600254247
332785 0.004412692088738529
435302 0.11901017679019618
018524 0.1033968908257415
124762 -0.06910455116745873
019910 -0.02683092429361377
331411 0.06114360735818587
018542 0.01095057829579936
124486 -0.07292108697873857
434702 -0.0059540119268114205
331162 0.027819577286719435
330667 -0.030072074218838497
434141 -0.019887653596490456
436310 -0.03269807538862824
018437 0.027610272208070448
018032 0.049625700208688395
228853 0.0653205177121107
124507 -0.09481702992979814
020003 -0.02556625802691268
226990 0.021178272944860705
123307 0.06858134462474237
228961 -0.0033481135335909225
125269 0.02207668707639389
330577 -0.03653031377692176
124543 -0.08408902753575617
124462 0.02635633949848587
124165 -0.06691172663657692
124690 -0.06640011736764162
227422 -0.05269017883306784
332122 0.061446865980456164
330610 0.12906723877916304
019856 -0.013644855886213407
227551 0.08351632338560687
020144 0.0992380003449778
017963 -0.03641220881086978
434387 -0.020571089583729947
436316 -0.04467214042467632
433685 0.023466927136122716
435977 -0.018101225639429796
124270 -0.05946413947561585
124039 -0.07295670686354137
124435 -0.0426871982889581
226798 0.023921687488221915
123193 -0.06376265564367499
331114 0.16434304343139125
226717 0.04329090602173456
435359 0.11303100373289032
018167 0.12665699070723602
227248 0.01930696424317525
123931 0.02637032342199158
227314 0.03213251415320805
434723 -0.0012768101019741567
019070 0.055217559790823566
019040 -0.03204801515320456
330397 0.13674113268510607
018497 0.044617261249067154
435071 0.016926798288159583
331594 -0.014479102682688882
436166 -0.0166139366608695
332242 0.06288240940403551
330640 0.047615620072254894
330892 0.04833528042143705
330958 -0.0507707159915859
019586 0.033531133705434514
228157 -0.039881130046108416
228436 0.0605580652899335
434831 0.006524682490432966
228934 -0.027069790180852468
331390 0.08289175427385738
434849 -0.03184508874269229
124573 0.04260703208124614
228970 0.05585759894633043
123709 -0.04620758194326798
227971 -0.05910601624015238
018149 -0.08461796109077861
019967 0.01042972108590537
228454 0.07143580437171296
435710 0.07882983352844293
434015 -0.04458323476909052
228196 -0.023102194270625327
434771 -0.04454611480698499
226885 0.02817004499255645
228538 0.04771253804779165
124792 -0.06322239834318899
330751 0.0940331315561387
436103 -0.023826943806392904
331066 0.10672030434370817
125509 -0.058827678695224914
331885 0.003772335770611845
331828 0.0038898102796397454
435407 0.042659245538053926
229219 -0.010773012626347285
123250 -0.002824227361970515
020042 -0.08043073335586236
123733 0.06029941368381067
332668 0.016397048694403553
330604 0.08720738146485402
227275 0.056120633718558355
229264 -0.0650440507422417
229063 0.130398415877864
331582 0.02191377678278228
125629 -0.12348242050376053
227287 0.04320124762398857
330538 -0.0033054952001626632
434036 -0.04974140514349474
436172 -0.012831675864173237
332758 0.008877590268648485
227290 0.03755357690313287
331252 0.034642236622933115
227911 -0.0903841672629161
332440 0.048245765825890845
435689 0.05588014809416957
435065 0.027107576440552
019778 0.07852755795342009
436208 -0.04229061270637562
018932 -0.04155977755748011
332707 0.024727403508832936
331468 0.02207426905902335
017633 -0.08935216916981795
019859 -0.033419031351851106
124840 -0.058919610747255734
124264 -0.054944527856151476
123142 -0.04237205430725234
123550 -0.0007834721680114929
018206 0.052141540435426625
435722 0.027689616332836002
228067 0.0249422438313498
018221 0.10347411679054695
227863 -0.02354781844940376
226810 0.024132486874937006
331663 0.029897011132288157
331942 0.044406888251219016
227803 -0.009785498734744907
331609 -0.0008372076353844196
331546 0.008710868249085601
123220 -0.007965188802418425
125611 -0.11228096082924255
124609 -0.029014229873380207
330148 -0.0028376338532362056
435740 0.018647351896091464
331198 -0.0027700408901249387
124555 -0.058750865611514866
123376 0.029420849851378064
123316 0.012471405038708812
123337 -0.03454098445202119
123163 -0.05774130848908954
125311 -0.07076821402256483
124471 -0.0008671535747797602
017699 -0.014695072712023138
227536 -0.018575846873302975
434168 0.06466682248389044
330568 0.03528230901671962
331021 0.1317714283461863
124153 -0.05326044267829383
435350 0.09550504491867148
017588 0.06700605923907614
123217 -0.007457393353529404
330544 0.0033410523363033287
018905 -0.01517234517858698
332155 0.06938466824379387
435053 0.03024415550460239
019373 0.044541068265829445
332449 0.04863463716531759
123703 -0.020617883887977622
436214 -0.038201111931134756
434120 0.007601367362067502
018674 0.05945425090335664
226822 0.010685726642746887
330559 0.041210117267982335
434342 0.023269392336398406
228727 0.0799762824273073
330454 0.05303511698935609
124699 -0.06448685550817124
018683 0.19599777413816918
018422 0.11540558292466603
019478 0.009888003818572511
019394 0.18094799731080952
434252 0.007582890176071824
228112 0.03187912591130225
227329 0.00848349516676613
332752 0.01980465227794684
125209 -0.0569054089400864
332842 -0.0023949362568409065
018011 -0.08405263601879172
331312 0.05188317654858304
124750 -0.05886353445477694
227488 -0.044033529562773364
018071 0.14115262130216008
331366 0.07058362889946775
020039 -0.06349807859828165
436073 -0.018882094028550414
124060 -0.03166340991976822
332164 0.061792014908150256
125098 -0.03519425945411909
433883 -0.024848961298078454
125485 0.04393427268634932
017870 -0.017704052875621268
332206 0.05667031122755811
330940 -0.011963346869190778
435614 0.025938408937013473
435278 0.13275107939123237
330343 0.003708235508333694
227716 0.03839490502039817
434231 0.11145146981118217
434966 -0.07342159850965053
018965 -0.004984465871847367
332425 0.04243730314210291
228322 -0.04687294105446704
436280 -0.019257738910190964
017642 -0.09144956096218378
018443 0.10088332640046252
330637 0.05553052142132129
123373 0.04430765159211478
435491 0.1420641758802435
331303 0.16733791665326786
017687 -0.018151309786915253
330595 0.016436237882080106
434915 -0.04419250518039097
018794 0.15018769344479493
123457 0.02732200928293509
018506 0.14325269167809035
227701 -0.024536297246032894
124216 -0.03128350870193646
332404 0.028102539917727706
435560 0.08380576275388868
019160 0.035649226233595954
124627 -0.0281348419635575
124546 -0.08184397705367252
228991 -0.08409853188909325
435854 -0.016187637147497068
123115 0.07129624747568687
123403 0.025748771822286975
125224 -0.06060201729253445
331879 -0.031513585808967785
331348 0.040135258831999795
331447 0.028003337985229866
228886 0.0783953149572153
331591 -0.005319304717927001
435530 0.08370207394261203
124459 0.01810005118284052
125080 -0.03883238335281543
332245 0.06290857267256847
017597 -0.03286165105929496
123610 -0.01924959891879589
019007 -0.03081185956480642
123874 0.03820293156618314
435056 0.041991250653853854
331219 0.0692791301021415
228160 -0.04469022776316501
435371 0.12184576132035195
228808 0.010864768883420863
228214 -0.027337712488814413
228133 0.12154597044215817
227047 0.052506774458753
332389 0.005405515939950882
124498 -0.09095664418588473
332167 0.05371453688073264
436283 -0.017331795922590182
228889 0.07472066387208987
019379 0.06647100288990376
331570 0.029240425376001945
124717 -0.04532371655048896
435611 0.024051411155134594
124987 0.06061362091489013
125341 -0.050557788079062464
228829 -0.015022653093938049
227005 0.027888407865172837
019433 0.004654740210012146
435356 0.11874302717733795
019976 0.07287719357137237
331825 0.03697005778127445
332266 0.06616536512427343
226783 0.06525521124648224
229153 0.037875819276238655
435077 0.021134986503304847
434117 0.03156754620942038
227986 0.03643214947566842
018254 -0.04999924073200095
226813 0.014088499319207023
433865 0.009014450178224307
435848 -0.015608602946034951
227218 0.09921935869630058
229051 -0.03645432720635975
019100 0.14376423203078378
330862 -0.08817085695170228
434435 0.0007294644326723765
123259 0.04742903505473331
226816 0.015911744219766242
124132 0.13350772981267836
435797 0.009656993766291365
435380 0.08042378134046282
229177 -0.023912340262812155
227086 -0.0302464711912668
435353 0.10458610759343123
123997 0.05063509675421458
018014 -0.08335232607498787
229378 -0.06212616633505576
019421 0.09663663750375608
018227 0.1790190032887016
227677 0.07061444754100489
435701 0.06445828444362514
018566 0.014521611984017918
020207 0.06787922744690607
435599 0.04420568853589938
434717 0.002949053742649878
331648 0.03544413618439211
229105 0.08001960642754086
017942 0.009510932250418148
227662 0.06132883438656371
020297 0.021541859443592704
018947 -0.007237091176183676
123379 0.027021047542092277
436085 -0.018945429154206515
434753 -0.020043680340981435
435416 0.07059975315979591
125323 0.07962515872227216
228712 0.036158124990725904
018638 -0.08264977624619892
228427 0.04534579601851521
018539 0.019211510861146665
434921 -0.004953559551920215
434957 -0.05907024882932659
332677 0.01669936142623771
435929 0.014011133085535693
020213 0.11596679688132847
123478 -0.00762122358839833
017696 -0.024856495919552545
229396 0.02907716772286332
228754 0.13862106247420378
018572 -0.001023458648977881
434183 0.044364892828254114
019193 0.035486381452973025
018881 0.07451377829833349
017582 0.032454862769773135
123682 -0.008676930108328408
124909 -0.04006023752211119
226903 0.03510404463053118
435893 0.002660238495385402
019784 0.08102522247947305
228562 0.058652908819958674
435446 0.15634801882090588
434843 -0.059013562080063794
123772 -0.09308993321634863
019376 0.05515032251608158
123805 0.08293705489059394
227425 -0.05961535595270314
435935 0.02445962605978266
020153 0.07271436692545655
018257 -0.062481409411595946
228739 0.10494592769235929
434873 0.06200613469595698
434066 -0.06987886655462076
436184 -0.030507340505965076
331780 -0.0012473802925270726
018791 0.1339797755397817
124057 -0.07339768950499771
434096 0.0013056133217057373
332371 0.02194386557857716
435368 0.1271230449668476
124597 -0.019935117401580365
123691 0.06818500674722455
436079 -0.01889560161137133
124330 -0.017071187165940933
228469 0.058982523783993074
433862 0.006657147918217663
125248 -0.021350789164739935
434681 -0.0203266383510418
434351 -0.009296074896566697
435470 0.10717343677673415
228964 0.014110779155050083
330316 0.029629304464980823
435965 -0.01902283973188792
226774 0.09998358703369375
124732 -0.043685470325116625
435959 -0.014491270420928683
435755 0.014242072716590075
228994 -0.08970475696116495
331597 -0.023044074019305947
331309 0.09794663203495109
330865 -0.09753288002160362
331972 0.028370410462840126
017984 0.0057245773491013015
019646 0.15098868249201192
435116 0.07576851134565508
229309 -0.09769026828718023
125221 -0.0504407635204571
226939 0.018477437966548604
331402 0.08016888905944355
123730 0.031307750339335236
435569 0.0782256961551061
125275 -0.00711776336836092
330457 0.07387132559398316
123124 0.010445812265287072
124915 -0.026360526756188375
123925 -0.0066183428062370165
125710 -0.070244510570618
124648 -0.027051861781573434
332821 0.0015510061976484653
228526 -0.020000148579593664
123775 -0.07655656572669846
330307 0.00767698817161686
019094 0.129578734970545
331945 0.04204647207456361
019427 0.007221316862504452
123946 0.08182604995327938
330400 0.13259574024239593
435941 0.034948159989132414
331822 0.012753425598827431
434924 0.01723453186176441
227089 -0.030531216110689596
125335 0.03832445650759433
125050 0.0020839189071312336
436247 -0.029691119237631458
228088 0.03771309325114395
228445 0.07353790163659915
019088 0.12025191442691707
018680 0.18689739358016957
125578 0.10936815880786882
123433 0.07754319798608987
227035 0.0409146822904017
332851 0.016476634204296108
227587 -0.033658968352702205
435902 0.0044583240595204585
435695 0.0571375771751029
018494 0.03701484024547037
330802 0.04052862516709527
124765 -0.07014215882916883
227533 -0.04325741814451912
332197 0.07071287160731109
019733 -0.10468197842033543
436298 0.02890908663608767
332374 0.0195848719831503
332407 0.025960561777217617
017648 -0.07904067591525815
123169 -0.07200878238078778
017756 0.05479403443239901
434390 -0.020154091747349532
125065 -0.028479397731136297
019637 0.05428992706034316
435779 0.014480904235777572
435761 0.010663641131478512
227689 -0.003848567098076577
434585 0.012431998422935667
124201 -0.025791295552412892
125527 -0.010159904749375242
018395 0.11936014980511045
018593 -0.03720854966234414
018158 0.0005027572396214541
228868 0.07372242828200828
433751 -0.024033427110667974
125767 0.01370818960158682
123502 -0.017961163300055028
330424 0.01564121695666532
330661 0.05735865586752821
332191 0.06254363321407046
228244 0.07178595049919467
435914 0.0037235785768126384
227434 -0.060252779037111626
124042 -0.08715553519357679
330187 0.06929865398416345
331129 0.12185144123472641
331225 0.11031545925070982
124351 0.051663987439003065
019808 0.01313906658607472
124870 -0.08247680623837887
125110 -0.005031877345356215
229135 0.12536923566430117
227920 -0.07273335978328652
435863 -0.015425845279692225
124021 0.017698722410885066
436268 -0.04060344476625753
123655 -0.04877031329417595
226714 0.03252922594171833
227704 -0.01624020787432144
229327 -0.09273501278740043
330391 0.09671761166074642
227506 -0.08892129479944483
124900 -0.043807206458569094
332128 0.06515487520988347
125746 0.015767357548153994
125173 -0.005234761662757169
228166 -0.03966516498396172
020150 0.09920877361431006
436097 -0.027132952185001724
019178 0.038240470406589074
228301 0.12377336613237323
331486 0.0332997909655153
228685 0.08250253173080623
332743 0.03251435369773255
124162 -0.06987027621761914
019607 -0.008390007511017813
018920 -0.08266050571662842
123601 0.036977271930941934
434414 -0.01968034965875186
227746 -0.04916576274305756
227614 -0.061472321664276304
018761 0.005404746167843439
228922 -0.00045788180149124836
019223 0.0338271957213184
332317 0.04676220736301666
436361 -0.05579248476039921
228232 -0.008996642850063463
330874 -0.08765011653487563
017987 0.008466420197954969
123595 0.022834864655139973
435458 0.11548011183313528
228565 0.07396497497210457
331699 0.013359789048983889
434819 0.02911472958241499
435032 0.11170755279079748
435713 0.06120237385897216
018935 -0.03681776569256212
332614 0.01676559958811855
019415 0.13538229269246052
331477 0.03793287497060182
227056 0.045845665013925785
435089 0.03664518546175074
227563 0.07994783982169992
434960 -0.06782455978330916
017603 -0.019684092912835308
125092 -0.046830453142145526
017744 0.08616560729092392
227599 -0.07283027519807109
227500 -0.07816245775594607
018401 0.11985045519199164
330478 -0.014061231581062074
228532 0.0003021406581732518
125287 -0.06839658507773289
123865 0.16843896633585728
125038 0.05624820391288435
227404 -0.04507556981812704
020270 -0.015570482893082474
229393 0.0401162491941226
019196 0.03343459760805007
227872 -0.002581810176553442
123523 -0.06167752512623782
019043 -0.04724836686366478
331153 0.025161822217965514
229381 -0.04639390184421732
017789 -0.048929217187290625
434279 -0.013836367120615464
434693 -0.01360431336340956
019139 0.04397095418468438
434195 0.049036408739415054
019958 -0.021624075904008517
228583 0.09314856312295654
330550 0.027541624591702108
435596 0.04790039217753816
019430 0.00012866926194730885
124108 -0.035249771600431044
228502 -0.016272106654350714
123157 -0.007567480898104636
123349 -0.01039063546976933
227491 -0.057336764111945965
331126 0.13223147856400164
018860 0.10472263470624384
018170 0.13547208030072472
017993 0.04985596131941646
124705 -0.06109332370992849
435776 0.01544044714814085
332632 0.009195555010956763
019538 0.03264318180557647
227401 -0.04217334204223991
330928 -0.056485494949890754
435707 0.0811157541160221
435254 0.10301373365888958
331567 0.025411962088452623
125770 0.02567762357919674
124510 -0.10042000069189325
019919 -0.03139486308190477
227260 0.04597244956986138
018812 0.11237280752136455
018821 0.10740729403988435
434267 -0.010723636578905306
330172 0.019608377672550685
228877 0.14519214132304933
434276 -0.01183645210095295
434090 -0.03241937325119596
331723 0.008297887266265173
227371 0.0631289444968146
434192 0.03683141119566677
125548 0.05359179537322714
330991 0.022893913242896052
229210 -0.015514498442776149
331324 -0.031583838942853625
227665 0.08963549982105927
227377 0.03605312657389928
331009 0.11068561337775291
124126 0.07036796269421951
228814 -0.004777573283562808
125107 -0.009532641032080022
124777 -0.06711364845149491
436013 -0.005063832738760465
019130 0.04933008868179041
124804 -0.03461386414533633
228472 0.049109563204436615
226960 0.03162002650621428
019463 -0.1040832004894135
228520 -0.034886586010522976
229132 0.13236974059615977
019172 0.03605013170826229
227983 -0.0007598678428660022
017828 0.11906904324806078
435581 0.06591780523287098
332314 0.053255648690695614
435176 0.005772014746919344
227767 0.025118624573052348
229111 0.013992740137994505
330226 -0.003846353478500764
125584 0.022732308937408408
332635 0.01184688675586785
434984 -0.02879416776521652
228046 0.02268929087499198
227398 -0.034743367494739004
434684 -0.01649544329717922
229231 0.025522225659859506
434981 -0.040169599734292884
020162 0.12499013704100624
124036 -0.036503930083883335
017624 -0.06784086589992483
018911 -0.02156882703259239
018509 0.17148621706985592
227470 -0.019808041435624014
434429 -0.016300362909863298
018263 -0.0023354551919693837
019325 0.09139687026433033
018917 -0.08502749819422234
331381 0.07193464343193288
228295 0.08731662761743586
124849 -0.0726603652879285
228481 0.0192545802921665
435917 0.00471222446797699
125068 -0.030515321193161447
227212 0.16325329470782965
331603 -0.026886453581874994
020249 0.009024865981096563
227713 0.01778052443686122
229168 0.13425328141828408
125314 -0.04817221069310916
331249 0.043569885038936246
435332 0.08992154309494622
435257 0.11629029484937817
123121 0.028018692982692838
123277 0.11080772963890065
124528 -0.0969003943188234
434381 -0.016117777155158657
331483 0.046241888053450135
019499 0.09677865568796794
123922 0.0051114075678355695
330532 0.0056464695636850954
435662 0.05019694837070459
019283 0.0709812799729097
018845 0.11341639484333957
019295 0.05963115915845796
019073 0.08522342668429042
018224 0.11888710754040603
227068 -0.017173772126395356
125131 0.045167623466049904
124723 -0.036791818357178374
331378 0.07048277587508471
330718 0.06695620927053243
228547 0.006937425149299208
123895 -0.05142887217117274
228247 0.06248881741584101
123928 0.02468866713439362
125401 -0.0029838905448005327
018575 -0.005225887267784354
018098 0.012304389112193174
227170 -0.055475149931840745
125731 -0.04818022639135794
227182 -0.04196804439368584
436022 -0.00690764729968765
434108 0.010097346322798224
331459 0.021001129867802375
125191 -0.03917475617540077
125185 -0.031039743959123144
435725 0.018682282581130145
330373 -0.021143890303143148
227566 0.08883339877746314
434654 0.014999512987005135
332719 0.013960584660196186
435449 0.16370755208029342
435806 0.00883445012056773
331258 0.009461540660405821
434420 -0.014300493526099798
125008 0.08570046820836982
435992 -0.014492207801320989
018047 0.16777735278708286
331519 -0.0183482670540011
017594 -0.015055946294309326
229195 0.005366601077354006
018758 0.036387118942293774
020240 0.009433339724465022
226987 0.01934890249021703
017816 0.026899842617294844
018695 -0.06006684739812356
125566 0.12486542484102112
124372 -0.07126121316472771
019307 0.06330599568160498
227416 -0.05745432425392513
435296 0.12201125176203054
435899 0.004751314295374129
017819 0.04601345805549126
020198 0.06667125843798614
331897 0.018786439079706726
018857 0.10825485327299804
330166 -0.004412778927476144
332236 0.06983106341441281
435518 0.09060383067298035
436136 -0.02852329785624006
434900 -0.00607982275028519
229351 0.008044197080660525
435203 0.050125445874910496
125725 -0.0026144461646448124
124087 -0.0834567034169611
434810 -0.04058138856137089
125344 -0.0717386205827585
434180 0.11262963458723552
434198 0.05057049727479449
330937 -0.02699048351538694
020012 0.02147235303143271
123961 -0.03459458447576973
019406 0.1374570524945094
331240 0.07969570994820332
124798 -0.05088030505220296
227281 0.06750054945842356
435668 0.05215236958554399
332380 0.000592027668577805
330613 0.13073053532891107
019175 0.03640059408252713
229108 0.030159269055046987
124213 -0.022170508467330124
331858 0.0079478830864687
228154 -0.03737947003958508
229147 0.029098789553319144
123763 -0.11596436583054416
435389 0.08577021148291387
434576 0.03333081492097863
330742 0.05581549066022141
123151 -0.041735819164527586
331540 0.005016292829270796
124936 0.019534947903303655
229057 0.042602731284260405
436205 -0.039153109399039425
435749 0.017494323474846942
019517 0.07551057218771846
019280 0.07280069941759558
332641 0.015471527243637083
229288 -0.07961519614550776
227125 -0.004475656194461676
330184 0.07286907001070925
435437 0.1383179186369368
227209 0.1491373130024024
020303 0.039836934717441444
332233 0.06771824956890152
124123 0.03058849146626679
332338 0.0339226680802451
017717 0.011455739014069499
330565 0.05790324675203346
434582 -0.0035609633383846015
125668 -0.042599356141077044
229099 0.14044837220663992
017615 -0.06953025534697611
330436 0.0418628323820729
018569 0.0037215014112702777
227113 -0.024627284326029977
124996 0.07640750660322877
019238 0.03643976060413246
436337 -0.06517474313058287
125104 -0.024253661489212926
017783 -0.06238395756159089
019235 0.034096664804589234
434222 0.08071262555903436
227215 0.13799072711198532
330886 -0.012988534201410057
227515 -0.08270970021639017
123673 -0.01889678790157003
435545 0.08459237076215569
331438 0.03230755117923283
434450 0.020496698959970056
435083 0.0375171210038113
331813 0.0705924399754074
123643 -0.058984173538855364
124981 0.04728948894414984
227812 0.016524450536628633
123904 -0.02462413398822634
226900 0.03484567865398836
330421 0.02573671286945144
124489 -0.07675964493329833
227572 0.07938480503412194
434093 -0.018000317019817632
330541 -0.004185693699938308
435926 0.010055444314847782
125443 0.05022247799940391
018344 -0.1366770692182807
229282 -0.0773594151663521
330535 -0.0012546777321299487
435644 0.03815993380948615
436265 -0.04309713513174174
020075 -0.04267342531708978
018824 0.10409796240485437
124300 -0.05555087168781301
125773 0.04322266186072725
123421 0.012979625875848649
227797 -0.0571506216666332
229384 -0.008081147260719387
124447 -0.011377124900187875
227227 0.06285143404367971
332152 0.0709427673470715
331093 0.13526554595725943
332701 0.028127870976131838
125125 0.03663703125233415
434570 0.0004600099476761622
123529 -0.002800244906940784
124189 -0.05508663486878123
331774 -0.02030350768118348
433748 -0.02037326669772202
227146 -0.0009117643409688355
229060 0.08447874853850673
018491 0.021981106520043137
331201 -0.0039476100923959735
228544 0.022408657305235873
433895 -0.02929019928341704
330760 0.068602141539681
228721 0.05916244150361644
330385 0.05685391155234412
226975 0.02612369158990066
017831 0.14660832298329798
019712 0.02857080533448292
227224 0.08429583740874903
125749 0.06175943627266584
228148 -0.009910796934016426
228037 0.02658071020120838
018974 0.026470740229005148
124819 -0.027380706017056645
331237 0.0753623153312713
018560 0.006895279326246586
228772 0.1423676146051667
433667 0.034891191904714944
018818 0.11661554969765019
436244 -0.03143542571606271
019610 -0.01357392038617815
330889 0.01606396933598434
019550 0.07060876026694302
125071 -0.02950523625609684
433700 0.08301541984081268
226849 0.032815293154183155
124672 -0.048311615131690924
332419 0.04414588789443994
331177 0.10105022469359631
435602 0.03622528433303391
019259 0.05967449368967238
227968 -0.05195631693828967
228553 0.016072403016855533
125782 -0.03456979421265342
226711 0.024257832164443067
435563 0.08200052133474284
123289 0.10300767098339475
124192 -0.05040782422689942
018959 -0.017519938144959564
435290 0.12395833036330983
229144 0.039214933348801315
123613 -0.0311908227387325
331213 0.06613394950557513
331084 0.12827040872982995
227368 0.03924433762278285
125620 -0.11562880646207388
435461 0.09796894025527753
434288 -0.013446381354989264
331321 -0.034771989469658836
018788 0.13150028632465877
124480 -0.05309771587172058
019457 -0.08542702796348599
332224 0.07507849430403701
331216 0.06969943638144628
019082 0.11330431057825331
019658 -0.09790616190585254
331975 0.033896411130512526
125188 -0.03728900294283252
436217 -0.03544715385073015
227641 -0.043796313047532356
125059 -0.02419043175148522
123817 -0.004547105302309762
435803 0.010674607287488026
434999 0.0032352127872999807
332830 -0.00224754093464482
433898 -0.02320825575438227
125389 -0.10262724309821789
436100 -0.0266000289829857
227548 0.04795233906710223
019286 0.0539276345248361
436094 -0.024661747683316148
331456 0.019664793897809073
017579 -0.0005442893772987077
434300 -0.016656324659818266
331387 0.07843472753355984
124660 -0.03313901832118158
017753 0.10391509930576126
435488 0.13004021032484045
229339 -0.07513009305567274
330847 0.03153853633821867
436277 -0.02711364196933723
229045 -0.021372377750297267
435773 0.015503448195860442
123145 -0.046217362272685907
330772 0.045712039173565144
227485 -0.020508927060150832
331435 0.03118317356623058
332248 0.06389235800155604
435650 0.04532675080829196
019019 -0.030136892495986754
125143 0.030963973542971247
125056 -0.021502065904474607
435326 0.09093785168668901
123223 -0.011916778233044665
124579 0.006510298801721638
330679 -0.060159910874194415
018866 0.09365602409823917
330298 0.0012688439351510577
018950 -0.02326860650895778
332413 0.03676645104581386
019568 0.16202496256814952
332401 0.030649281090783506
017873 -0.018581436182067895
331273 -0.04048976062762219
330727 -0.007394829953113765
123445 -0.052564687912734026
435629 0.026113579406674543
436082 -0.01709231942000536
330493 0.018811597042302182
229189 -0.04539222351495028
435782 0.012676257255903519
330514 0.023523429431438536
227203 0.08850742251525344
125101 -0.03427946006917583
020237 0.027166605153411783
434240 0.06971405479819451
228517 -0.02800683197015973
331984 0.04707599731504839
435314 0.10779630717139832
229399 0.008684546441919298
123229 -0.015838613048960427
436004 -0.008024582967035135
434048 -0.04735256073874103
332431 0.04575580803844454
435287 0.13109448544605812
020201 0.04175817769111257
330781 0.0007482945058662661
227194 0.01634058992188062
228916 0.019107357210890002
123658 -0.01799140889750782
331096 0.14139554478589272
018755 0.06669052390128051
434765 -0.03199605028141419
332620 0.007575586911691026
018548 0.011830428469588363
124891 -0.07146739000352363
435587 0.05893748871543344
436076 -0.020797583435050837
228541 0.050183820300000584
434006 -0.030334978558106972
228484 0.007384566449661152
226906 0.042965098995717654
018008 -0.10004455965417589
125737 -0.022317720895204604
123667 0.0017141322138966473
332221 0.0744108226679049
227263 0.04175980563803669
229174 -0.012512002541825287
331492 0.01885156267557015
228421 0.04392386521677647
227512 -0.08810914213713729
124006 0.05028963340986182
434417 -0.017088536922692524
228457 0.0815609342502783
331708 0.08331932738914657
017822 0.059611530909462584
017600 -0.021671706076708385
226927 0.023421388895731435
227482 0.016959837976461105
435338 0.07732173529333944
229027 0.05342183353826928
124051 -0.10516663675613874
020267 -0.016891429156530927
434972 -0.0561986204487601
228268 0.028162288681539912
330799 0.07891008691270464
331228 0.13092322683564706
332689 0.024748732360959074
017792 -0.04106094136394881
435284 0.12863440879106322
123412 0.06740539496703853
228910 0.043892514850645555
019268 0.06926772430304069
227386 -0.016525457641632747
330673 -0.05702334392705469
227284 0.07111698940992622
228097 0.0272725432797296
228223 -0.033598684106933854
228460 0.09245432830206024
124450 0.004594315801624642
331513 -0.022903444249058286
331144 0.09867901181925375
229048 -0.03799520733155611
229129 0.09919450805140145
228319 -0.025106680899705535
331741 0.011911483952526994
125791 -0.08560027000913244
227494 -0.05998421410415092
330205 -0.038907498224239064
227785 -0.05927002435317473
331819 0.08296276957949426
331045 -0.0003583156970846073
227053 0.06184991477576045
435869 -0.011006306243722883
332710 0.019736443661546282
228571 0.09991187764982407
228346 -0.143198989227794
228424 0.04696923161593051
229198 0.004138559663808471
332416 0.04241292384068381
436025 -0.011192676929225084
228919 0.014063428957618113
125623 -0.1247349277724031
017882 -0.026870885545201298
123598 0.040641787911758945
332818 0.0021592470905344107
229138 0.07874286310002858
434054 -0.050350219403457366
226726 0.025651137076562646
434852 -0.01195637267094449
228751 0.13395910894994098
124756 -0.05327630403442416
018074 0.11323463166822191
226879 0.02656447535663491
331930 0.09523093707723138
228550 0.0067372512774769985
436088 -0.014735928545936293
229387 0.028657965302295325
019361 0.04516773170503951
124885 -0.07738788038734917
330988 0.01817635607589509
018842 0.09624442602892787
331996 0.03661467858737385
331576 0.022097869689000404
330319 0.026031790892590206
125803 -0.09673187042519307
331417 0.04084680690967217
125716 -0.03963879267933737
435197 0.03815937721672072
123670 -0.015684666363060047
125794 -0.09017355709174366
226855 0.022815590156196115
332323 0.04453375193310484
331354 0.0478913687604861
434255 -0.0037471552826384784
228109 0.030824151611117952
435161 0.024715210288720896
331516 -0.021091596285502112
331840 -0.05738884350950037
332824 0.0007229970705049611
436226 -0.0350464078101307
332782 0.004131401142878839
433754 -0.025160570589200022
123475 -0.033330900175667505
123958 -0.018644990952964284
435671 0.055378968797990945
227131 0.022691948891667337
125635 -0.11592003090294178
123886 -0.07083382857256479
019121 0.16241809977132995
124495 -0.08696518267794733
229165 0.12457967722129167
227578 0.010867130704772418
434072 -0.05880123568866537
332683 0.021413239407258446
124810 -0.03082620074790548
123253 0.01641361770828239
331939 0.04456778485002664
435272 0.1340412444072918
123826 -0.10362509870988794
123712 -0.042767437593436534
331633 -0.01860192210954866
229216 -0.00948990709009864
228796 0.09254876713266816
226981 0.0247485350861493
124663 -0.037314659044774795
020258 -0.003031787111071054
125227 -0.05994933827573931
435986 -0.015007150052295994
124828 -0.03859987725053186
435794 0.0099801482466486
435293 0.1211050377507876
123361 0.1562741871795352
123652 -0.045966300766229845
435608 0.024340493381453457
229372 -0.07210349539605086
123439 -0.009065853712543533
018029 0.024063530408730174
124585 0.00028135887379420447
330325 0.03339492295911979
435365 0.1286921970647369
227137 0.03854928080615243
229285 -0.08002828552750306
226780 0.08142690966494347
123766 -0.11802892667984224
330745 0.07858414969764076
125032 0.09029960949594809
125122 0.04678629274862643
228094 0.031376759837050856
020165 0.13839625176023926
331072 0.12555944291450177
435059 0.044857364108174556
434879 0.009944454001216728
330925 -0.06558649694744044
229228 0.007497037763966163
124921 -0.007217928126876197
125158 0.031738846393986796
123664 0.0014294850910809022
331630 -0.0036800200727762316
123118 0.011392901638237014
330199 -0.019395238708681414
330364 -0.04638513933014558
435269 0.13003004540400695
330574 -0.0317095611478899
332779 0.0004770852590467067
436355 -0.05824980400339928
226732 0.026530047705016484
435044 0.036111918502179194
228286 0.11189538166529406
436346 -0.06197167933907704
228130 0.118511998220976
330622 0.08261976259209144
331375 0.06862349655881263
332797 0.007160821057399896
124645 -0.02814331379379929
433904 -0.011105367407827995
123409 0.08442152172363432
019346 0.02557347146398941
227989 0.07416975847401448
228250 0.009179193462072093
227338 -0.0013285256948503102
019322 0.07921764368272916
228025 0.014193561605291583
330919 -0.028321278098097945
332137 0.06871023712084721
123649 -0.045692740902720914
434027 -0.05486091897757232
018512 0.1925763373223993
123526 -0.0063169454113214535
330142 -0.018512754933412142
227917 -0.0691083130056113
436187 -0.02430952815038543
227308 0.03509567388875441
228709 0.03720506678315399
228220 -0.03078198096368814
227542 0.005489378529100973
125317 -0.021609229908587626
331807 0.09586606574436975
435521 0.08863052782418442
331504 -0.01221914839676031
332161 0.0644726500381303
435617 0.02320311725775453
436319 -0.05505439163436431
435842 -0.016789325931986364
229018 0.06430219479540408
434369 -0.024067846291994013
331159 0.02278503033872726
123241 -0.02363336256238912
019181 0.039584400013933686
332755 0.009562164883100131
332800 0.006791899756779742
435002 -0.01260691552807235
019505 0.14560781755205476
330634 0.06258137918813526
227707 -0.010959810580311207
331831 0.011381673860532597
124642 -0.025285570859969124
018212 0.06399966812925076
226891 0.03022528532265411
227695 -0.02793392301440883
332113 0.06208956642069376
434876 0.03437651263861377
331300 0.15461726936177414
331111 0.16282928391108434
017804 -0.015526738777450817
331081 0.12332727557385297
124561 -0.03176041188561943
434708 0.003322203644682044
434423 -0.013829426704495097
125152 0.029041131078578582
332212 0.05604870449438665
124210 -0.024864591015108274
434663 -0.016404552940390938
019424 0.044526782412389374
018200 0.06133019413266863
125473 -0.09036726041713654
330676 -0.05685499381365992
019079 0.11841932275138808
227698 -0.020066201941433694
332377 0.013482372491321866
123577 -0.04851518104168942
228211 -0.024815805719270785
017693 -0.019106603595498595
229015 0.11383768544445771
331846 -0.03906967762239943
124825 -0.034648558662731595
018026 0.006468400412674311
332362 0.01837349808290896
434936 -0.03920274540555622
435845 -0.015241996837298051
123898 -0.040372442251671074
332665 0.01746789832157839
330757 0.06197787286456585
228823 -0.01925521254962022
332200 0.06452963835317409
124063 -0.008781435981804862
228811 0.0007294445095748015
227149 -0.015508083435946233
330439 0.03362488123759619
226954 0.033356483963905004
227800 -0.046169769431340504
125170 0.0020471664979429204
227725 0.033535987809938175
125254 0.007635275233387815
434057 -0.04716217264656937
125464 -0.11684735835973072
125800 -0.09579283807741572
125719 -0.0073272145504293534
123352 0.010221275328966797
434588 0.001912894488106354
332653 0.0166188637336726
434138 -0.04126180709799687
435440 0.14830796957630552
123469 -0.017302886383516493
227749 -0.07705354313951138
228874 0.13043972333867995
124633 -0.024833218270002944
227095 -0.030873048046667274
330682 -0.046937600288992805
228181 -0.017551998461089333
124033 -0.006668493160880046
018953 -0.028558944731274113
226915 0.03281848883950318
332134 0.0685031868833509
124375 -0.07400993403647392
330694 -0.005529854199172891
332344 0.034471185796032776
435920 0.00768414033184217
436157 -0.024793493649763566
226909 0.037935307292800334
226741 0.06645623417445186
331078 0.1291403336125234
019565 0.12723089952636663
434063 -0.0459622312245775
227977 -0.0359016274863212
436070 -0.02322837419274489
019523 0.07839770181416798
018179 0.1693258564674441
227236 0.026393317949072126
226993 0.02201607983860793
330775 0.014907292962468803
330520 0.02615412432613585
434462 0.0168963523959755
435020 0.049748615830886724
125338 -0.009288619152976208
331621 -0.02887367840969202
434147 -0.009652789466301435
018848 0.11658966055533657
123832 -0.10843534987779181
331804 0.08661436040976163
229276 -0.07845698783738464
330331 0.021979275248939126
229126 0.07353243497986926
435263 0.1311280427640211
436178 -0.01930264262706412
433877 -0.01714293281776611
331168 0.05523001946154094
227839 -0.09043903320152373
228079 0.050012003472755105
124567 0.04271453628209246
434051 -0.05349798229648239
433673 0.061648213676208465
018578 -0.02394411513918922
123943 0.06159891544826448
331255 0.016028136913738552
125266 0.029660725570384194
229036 0.009955548468261284
124843 -0.05972840368966043
018089 0.04378320279186352
019397 0.18605054654970665
434951 -0.05822714326797291
226750 0.11275001896126727
434846 -0.05524947248618889
018413 0.15768960897636203
436181 -0.028297378323028873
435734 0.015938539476076437
436295 0.016725776276940604
018797 0.16614010359157966
226786 0.05949805641610158
331666 0.032723623722432274
124537 -0.09278898518372422
018041 0.1338148623894318
434888 0.053498196674975816
229237 0.054202079615442336
017867 -0.011528233670676475
019454 -0.08687327896529953
435236 0.0534504219337746
330157 -0.02484922136060006
123286 0.10850916660967327
020168 0.13254919566688053
331315 0.01360743788570286
229171 0.03084669725871335
123310 0.05864974493635136
123907 -0.02873917786660677
434201 0.05934759027367708
019718 -0.10429254810225608
435362 0.1227615037098327
330739 0.03155616955695098
123727 0.013312163608556611
434213 0.07372279704312833
330352 -0.05556972541097914
435395 0.05883480867402079
330472 0.02372759775102146
228676 0.08530305306491023
018035 0.08238058953829241
124417 -0.08481934594086749
125167 0.013686361526349802
228253 -0.0160533757567792
123181 -0.06911167767650686
331981 0.047426363840430925
227176 -0.05355594454003636
229024 0.02073628269129187
017771 -0.04913561232110385
019310 0.06294281318194495
018083 0.050323189744286415
435593 0.05253134626247771
435983 -0.017086698085415783
125704 -0.06709405390457028
227008 0.032680754968535085
227692 -0.02102979193824839
123631 -0.027768686704304713
228262 -0.013589055334907205
433853 0.01907429773366925
228574 0.10425405853664804
124564 0.00030390456753403926
124636 -0.021077469609368744
019274 0.07767875206674409
435665 0.051711868798227076
227629 -0.0519140575045631
330898 -0.022976525315430943
434126 -0.009572056731299225
227869 -0.023224403433743424
125545 0.04806538750429701
124348 0.04835950342010903
228973 0.08935056843391093
331999 0.03277063410667526
018266 0.05425434207272681
019943 -0.020746808804937383
433856 0.008929781448554996
020246 0.010023757280447545
332326 0.04386566551939443
124228 0.018437869028799715
124369 -0.06137666722790769
331195 -0.005485254687729773
123688 0.03391512833372781
124591 -0.01219764144672527
227134 0.032703911423649756
017750 0.11049662530466424
433901 -0.02283466209655538
331090 0.13441700912010088
226963 0.0319984593010041
019256 0.05595037243244878
436241 -0.03577609114124061
433772 -0.012480234306387747
018983 0.012687861568173283
435014 0.024315235174424223
434483 -0.034410213654476045
228280 0.08654463765064178
017894 -0.03190882440478098
227719 0.06059440772674765
434432 -0.0046957290540211374
435590 0.05547469630701729
125284 -0.06196798496231235
434990 0.010343751637612883
434156 0.013157112865023244
330463 0.11498657997133006
229225 0.0031695852183433403
019643 0.15350405548896007
123370 0.07667831594903275
123397 0.03259346578715075
123784 -0.0079148426014414
435683 0.05201341438896689
332341 0.03544025510446926
331669 0.04796311299075371
017951 0.002995338691335141
018749 0.14859744614754675
331150 0.04970175884870022
123949 0.0724449834359897
229000 -0.07220088094846347
019025 -0.029721384516005686
017924 0.004173862162035237
330481 -0.011493780910010307
124141 0.006546407421051509
019217 0.04307610316484535
433676 0.07384769166044157
227650 -0.0005269785543844964
331180 0.11855215289401189
228937 -0.018804361747600962
227527 -0.05871217532234304
123556 -0.014223333492472779
019721 -0.014898366093086203
332209 0.0528843689753265
124759 -0.0610904925911868
330850 0.002618759068829275
124231 0.033555177323059036
229156 0.04757829133038083
018665 0.05615619043211481
332731 0.009933298135600817
229249 0.04708863651859423
228742 0.10477803803350408
330412 0.061537967904956095
227473 -0.008168270631754175
125752 0.06393350106917882
123322 -0.013635943154984358
436040 -0.011724066755061137
331069 0.11235668432995324
018914 -0.08160436022928153
434756 -0.013967687652158483
227065 -0.004472803042951544
332722 0.008418664552259614
331426 0.03525926134425311
018923 -0.054372880360882045
227278 0.05764179354740926
331027 -0.018565508675953697
228310 0.0006129368961970156
434204 0.061712933688463645
435767 0.012550212269364687
124558 -0.04209967980464662
436334 -0.06836977726628785
434993 0.03261259872503955
332170 0.048892329556423225
124894 -0.05548880132592289
435815 -0.0021975696654546843
019136 0.045977099624498564
436028 -0.00988370089796607
330355 -0.05857356396641341
332728 0.004016769435657148
436154 -0.026901113049546708
125203 -0.052637786921830236
018740 0.12940847154290563
123325 -0.02613687209849303
226864 0.024089673380831105
123448 -0.03477955376225838
435746 0.018171654939083647
227206 0.12011078469507248
018692 -0.05027287719330791
123265 0.0919824998588672
436061 -0.017371448187013635
123226 -0.005220835097773925
228556 0.03409169183916931
436118 -0.026686464619212227
330388 0.07791647398072366
330403 0.12019421237744511
123313 0.036982878352331446
017810 0.005500741158027982
124726 -0.03914301494617578
019985 -0.05035831294172526
123634 -0.053555221255174916
229102 0.17090027892092116
435851 -0.02180098716004909
123133 -0.05905618619508844
019037 -0.02705098596066693
228205 -0.02577900908092478
125212 -0.05619722220396239
330499 0.009685234720583401
123136 -0.05971191341112073
435995 -0.01292653353628883
125788 -0.06930774277719437
331102 0.152243874438856
434747 -0.019862779372822766
124090 -0.09508083633585607
019055 0.022578038325926076
435956 -0.003818123717152424
123247 -0.015520849880336704
229030 0.06474756934448042
434024 -0.05250975184068932
227326 0.022768433262427855
332203 0.06126559820676961
228985 -0.04343314075814509
019157 0.043441640275622175
228511 -0.009175446835366094
331654 0.02643482868646445
330310 0.016816733926605397
019388 0.1338187965400989
330406 0.10373252653556364
229084 0.028475894122418185
125347 -0.08542906792937258
330169 0.008262639914827391
435932 0.01700592365802587
436331 -0.06663976957890574
331204 0.016808038265778355
331783 0.006836852414315926
228568 0.09256992357000728
018044 0.17413608276230572
226876 0.02474717514312608
229033 0.04084788205228687
229120 0.02039569654537904
435539 0.08536922350425154
331474 0.03077582200100321
125206 -0.052849990267117224
228433 0.05592383432417577
434345 0.010221838794035413
017786 -0.04906919558527071
332131 0.06767315532185861
330517 0.016254684955469403
019187 0.03908720397278761
017681 -0.03366682716126409
330652 0.03907254036734863
124888 -0.07126804324360902
123835 -0.105695994715484
124081 -0.03347764338191572
020294 0.015291882995293708
330721 0.07447792610738274
436253 -0.03460738191032088
123331 -0.04003136631403807
435500 0.09833426189366967
227098 -0.03036512266546162
019067 0.04371288547370098
228988 -0.08520134252978617
332104 0.067322604831249
125734 -0.0420934970474793
228115 0.046567508401188236
226873 0.02270437516250356
228049 0.025006261873518214
433715 0.10711803528842945
019511 0.23040023004333227
228529 -0.009530703701339226
020210 0.07897432264887108
331369 0.0660136257703448
124684 -0.05947292693183198
018086 0.038371015730914025
020273 -0.01911512662762181
330523 0.015179580834065506
436313 -0.03996856330509801
227668 0.11340743644521975
332629 0.010196618129535824
124225 0.005485669961051334
228478 0.02223975378130931
330823 0.09162668099613826
330769 0.0752334417538231
330178 0.08500125473534118
331642 -0.04527522850411202
125044 0.02471588919607548
330322 0.028068212765433358
124150 -0.04579666756669149
020078 -0.024387968509686914
019142 0.041698975367534474
019991 -0.04088693473947178
123700 0.03182475000005928
436148 -0.025398505748776924
330883 -0.052767420287347024
125458 -0.0700565530589008
124138 0.05757002331570669
331528 0.004508615931949862
331612 0.03489484214624412
226858 0.022936377633672636
228022 0.007763045209646575
331048 0.02956731594599862
330844 0.0651230893424295
227950 0.04920733712017947
226936 0.017086341877306527
435953 0.009147500368406595
125053 -0.009851364953825477
331501 -0.003290256722908403
228418 0.03207299366448197
435473 0.11955587754798497
434402 -0.02207783028979138
018551 0.008310726855817893
123511 -0.09029311864149003
436151 -0.025883888565021485
332608 0.0207016429930723
123754 0.026911242478558802
017954 -0.0051129482702966895
228298 0.09147903344744727
434186 0.020593136343428547
018941 -0.010183520663282155
124621 -0.023508387277554593
332437 0.04795645959580257
331561 0.024587563840733406
229207 -0.013764635533585126
330832 0.09204431696053725
228946 -0.02959899893229435
332443 0.047632932747553765
436175 -0.014382454697015826
125593 -0.05775953340052363
124324 -0.01816241910327624
017711 -0.0008189923329997491
331327 -0.017816201709056827
124612 -0.02553851773730367
434738 -0.018945772242011046
434375 -0.021004280683755688
018872 0.09520750140863943
018671 0.04180160085990946
018815 0.11861178568703734
227827 -0.07465150291278298
125089 -0.04611862713197364
330382 0.03376682401937481
227452 -0.04979834903710927
124744 -0.0485242804771387
434567 -0.010531843875709561
436322 -0.05626976098340282
228004 -0.033075635054338956
330805 0.017317440634435882
435839 -0.011155962743923852
123955 -0.010279113348858353
435248 0.07944330083449573
123553 -0.010740692664397283
332674 0.020615380517435174
331966 0.029153889258304234
331936 0.0589255460327739
124015 0.07355544948629296
332269 0.06101363845845555
019328 0.09413991758566329
228925 -0.03677207378352262
332368 0.020275326463228497
332725 0.00040985769777162674
433742 -0.015071493759535409
123484 0.03366468078405553
436145 -0.02723048838694795
434741 -0.01879886602005916
330841 0.11598414555717738
331816 0.09530229582759668
019316 0.07596073358277383
018617 0.01413953149473512
433670 0.05013835897755287
124180 -0.06660453014023998
227545 0.026010442583054457
331573 0.021502680294358405
019448 -0.043689569070045974
125095 -0.045223411066839546
228475 0.03037073085049805
330175 0.029333552239681322
435305 0.1086055933250364
017678 -0.036190791682271704
436223 -0.030864273766961332
123301 0.10106164927781916
434456 0.029709771348297664
124879 -0.08516353234709587
229240 0.061247047067068634
332020 0.02825622223085938
124774 -0.06351933687545683
227311 0.031878320060973714
331294 0.056172353182648786
019418 0.12340539419537097
123811 0.08656689979670701
123298 0.10557678025775122
434891 0.050123237029283355
435494 0.1373409494713898
227974 -0.047597518460242294
228958 -0.01826984004866463
018272 0.1823223574928983
125395 -0.06996149789719354
228514 -0.01960337934169428
124768 -0.07129329272432645
017606 -0.02531247218562726
226729 0.03068580343495776
435266 0.1352528559317156
123154 -0.010485196645207596
124963 0.01992656992430835
435026 0.07691872789606075
436232 -0.0387001121226289
434678 -0.023288045599753664
331120 0.12812917368891072
228736 0.09676057905734838
124681 -0.05830789508033122
125176 -0.0035158513622005143
433712 0.10208127496032547
435896 0.0018602767082931365
017627 -0.06769543853127995
331270 -0.03658549036631176
227104 -0.022054710425282332
331393 0.08465906328625149
331843 -0.0548888465372556
018908 -0.016152868410506147
330376 0.00933713918223185
019436 0.017960177970551265
228904 0.09232828518666654
434294 -0.0182408447244788
019367 0.057954750946007653
332263 0.06565511895419172
017969 -0.008981076342481277
123802 0.013527645308031277
435035 0.1335369620331346
018095 0.0752362584568549
435635 0.027265853849967124
229180 -0.03452778250001545
017957 -0.004481971726749401
227443 -0.06089190185116942
332716 0.013595611236115234
019997 -0.03050633488759454
332446 0.04915833765213429
227164 -0.0502998257827226
435809 0.0047187426091885925
124600 -0.013449259853484219
123415 0.04346567205831308
227419 -0.05540846925864177
330589 -0.006463615920802782
123724 -0.02161905424469224
435524 0.08305622396155322
227380 0.011912576912300856
228178 -0.0034216599813386983
226897 0.0332732971617308
124501 -0.094051424012743
018725 0.05740082519108312
123328 -0.03396710832119577
020045 -0.05825951051771567
125140 0.04111333657051516
434459 0.03116107728301989
226768 0.09893299083344399
331768 -0.023279047557424725
228952 -0.025676902215488826
124657 -0.036252121329876846
124669 -0.041666417796497
123808 0.13483597616155762
331399 0.08357767792574732
330295 -0.0030745636849176285
125755 0.07796804440316715
331924 0.11539914799735897
228766 0.13834586881384625
018707 -0.06974957703741311
124786 -0.06523603605992585
331339 0.0018459348209662041
435425 0.09165234532304596
434084 -0.04491797798068348
019946 -0.022996113076391773
434912 -0.05698137670934618
434372 -0.019600839344228044
125302 -0.09616727088541827
020027 -0.06147875506825487
433892 -0.032378697464819084
227479 0.01137961611649829
124984 0.051818064877663834
228505 -0.015227641021168907
229093 0.07541166245200759
228202 -0.025618045949684577
330976 -0.03153010221310468
435833 -0.013659295084950632
017609 -0.03659732951585227
227410 -0.053180024279346684
434828 0.039507303937920235
228187 -0.02680859981642829
018062 0.1764750271598935
228265 0.0036711370938451956
228031 0.0036568137657801516
019106 0.1537008610077773
125590 -0.036971212392967856
020036 -0.04998693512519165
124195 -0.04279023440685118
123292 0.09976096318717723
332770 0.0010259033475724095
332848 0.008394842709132922
019247 0.04509656513444364
019034 -0.033288135052295706
227221 0.09211215802026265
125362 -0.016720274290179162
331087 0.13298255301097509
435791 0.010105079352159096
124441 -0.03354089682081614
123238 -0.030949889089165603
123334 -0.040426650184655376
228979 0.10043532591055185
332353 0.02372827373005439
331489 0.02887792995028321
435971 -0.01978266857319573
019250 0.04663527243982547
018467 0.06345737861810173
331495 0.007779832519222353
228352 -0.1517237628378519
227710 0.00706091363504706
123406 0.04186857653342195
332713 0.016307971984453756
331108 0.16483003793550013
124576 0.013521035209534658
434837 -0.02624474833508751
123628 0.04461599905024129
434135 -0.053604375781701304
331231 0.08201336671435644
436301 0.008235863342045385
229402 0.014371495016559465
124045 -0.10984363688839996
019112 0.13510796851473383
435260 0.13415900147679724
019031 -0.030800575969599873
330754 0.09166799296717461
124912 -0.041397249275936215
331429 0.02969091496034285
017813 0.003869380729421464
332410 0.03187284484648519
434099 0.009512406612781297
332764 0.0035272105829357377
125488 0.09774521874331597
435719 0.03406869347388678
019493 0.059414955046590424
125182 -0.027319722616521394
434159 0.025013478732528426
435386 0.08189408394550082
226984 0.021844035957259516
435335 0.08641291486433032
123742 -0.019533157721148615
435884 0.0013725775665212516
331291 0.033608227083055914
331870 -0.06347627205565816
331342 0.009295270882344319
125674 -0.02770208546306939
228499 -0.015265718704847067
227071 -0.019217879227334523
227161 -0.0387778114910435
435377 0.08025299269910333
434060 -0.047926783178349516
228016 0.0015660803143817744
017741 0.06776918885089672
019544 0.03525920290829373
226969 0.02932561099514951
017768 -0.02957498118990944
228208 -0.033288260954928844
434162 0.022420266485518665
330670 -0.043667318481664136
017885 -0.02927917182526979
331915 0.08955144207157198
125596 -0.0730929907467584
227953 0.08051993233591986
228019 0.00464588532168986
434963 -0.07253981573319289
331510 -0.013234285110383001
123574 -0.04070519133622241
019229 0.036519820939097836
331003 0.08218277634705247
123271 0.093888909132873
123568 -0.04805025215340411
331000 0.039765945272556134
124465 0.019851896471557735
331756 -0.014293632784848492
018260 -0.045277480066040945
227038 0.025902629581176798
229255 -0.027953356408474957
019400 0.14979294984323738
125797 -0.09517179717855893
