436067 -0.05955023334864922
227743 -0.03367736972295007
020222 0.18980341681388754
229081 -0.009152072096414646
125077 0.03608308397519178
434039 0.001889555696771749
227455 -0.12209660638271243
226843 0.07886175877156587
124990 0.057140134176544746
123736 0.06688360703103077
332260 0.09001869626475922
124186 -0.031872646846835016
228907 0.1948264009579366
227734 -0.017199639245415548
020084 -0.042884489083619706
229303 -0.18557188176181122
124651 0.03791339983776292
228184 -0.03124337213998603
228844 0.06231969153304495
019016 -0.11485771903811165
227476 -0.10986700050668971
018068 0.19013119181959173
332116 0.06346261882008808
332434 0.03343417898964097
229123 0.05248955483250587
018719 0.008991761548178545
331105 0.057965966396155554
434012 -0.0008684529670413619
331405 0.05452097677109492
125260 -0.017649767807525134
124603 0.020589615640492966
228496 0.006066169236112846
019124 0.13660069999947672
436034 -0.020090903171696452
227764 -0.1558647201702195
226765 0.13820383556706228
436007 -0.005361116796494131
434996 -0.020285109218885343
434408 -0.07095525838067852
017825 0.007185627312534389
435674 0.0030772589216547038
433790 0.04052653440379017
435968 -0.03006203219620895
331057 0.051206342843314705
228007 -0.10165292476789557
123172 -0.10845213202754841
330793 -0.028429733422107216
018938 0.04151297090099967
018218 0.0559760963262484
125815 -0.1373194087377828
229300 -0.18187228343566927
331852 0.015516973178030736
435788 0.009932868641289542
332827 -0.027413044733024656
124168 -0.02673608758741256
434150 -0.10233899443161877
227659 -0.08719372172585622
125299 -0.03154718903533754
125476 -0.10040809077657624
436046 -0.03177914582688445
227428 -0.0763447168453311
020264 0.12141207993288577
018734 0.0394980625683872
331588 0.031786062696280745
124813 -0.09725177384561476
433757 0.02851186450790419
125329 0.08507129901209103
229246 0.02226403660821628
124696 -0.07522034977792573
123820 -0.063109735609133
436202 -0.0323372141197048
123799 -0.022650535754462922
228340 -0.1476198355582913
125677 -0.0816652833778537
433736 0.08260614461333597
124474 -0.03865616704590133
124177 -0.032892553154818475
435677 0.007960282507322388
227524 -0.09848113130017579
227569 0.07740887011477231
332857 -0.007755629871419463
017690 0.03572689998749337
019574 0.23064112599281233
332017 0.03869287858062059
331234 0.05766366035775929
228151 0.014571939677209066
227335 -0.015001042046363511
227683 0.0181625143002289
017636 -0.14986601950739212
124531 -0.16368181767223716
434906 0.05398376001472633
125491 0.11903288604328467
435554 0.030532575491573153
435632 -0.0208681267069406
019292 0.0011806699039049323
019796 0.012513930228485539
124540 -0.1594249960474199
226756 0.08996408951885912
434744 -0.014617424850512713
123268 0.1036656660274495
332383 0.011638750568454865
124354 0.062323989907810386
435095 0.04969401355261382
331279 -0.0605012096166551
434480 -0.07998922556485272
228880 0.17266232923502803
228799 0.19968529133496582
228430 0.05131562194107671
434954 -0.01337576921458875
330724 0.034804237144155446
435398 0.05265438615913262
227245 0.10690544156025815
330913 0.036786589837671274
019313 -0.005599973437155577
124171 -0.03736517397842745
435536 0.03031777274800099
227122 0.0016739292285905358
227014 0.047785871321016096
123841 -0.21760038687279343
018452 0.18770881901939437
332662 -0.00860248001188321
330616 0.09194093067226573
227653 -0.0796206903855197
226789 0.14766458391990464
434648 0.06329982278723141
019304 0.002434332611595787
229192 0.03624772559103315
331729 0.06673012798200119
228763 0.13912925055370629
017981 -0.15131465551733095
228730 0.05113156129577249
124003 0.09687654584390994
125695 -0.014531806796814659
125542 -0.029533949913290558
435527 0.026926895002057284
227644 -0.11732914939809462
123985 -0.05965592505834286
436142 -0.027817063891363115
228121 0.007579367399675077
123739 0.047467860000679006
228703 0.09093099438884478
436289 -0.08918325687388186
330778 0.0077130574958794015
019466 0.024243568406665635
330733 -0.030096883795265154
436019 -0.013035307930964654
435827 -0.040417594453030205
434945 -0.06779546586294022
018020 -0.12238224056381534
434234 0.10195935118511713
018038 -0.026587565744476363
019220 0.07064157288231299
330235 0.09547465317662818
332815 -0.02048580275677111
330715 -0.05590516393398183
229369 -0.01786681155887685
020189 -0.0006772654164498166
019199 0.05909583044658705
332686 -0.0059843464312342
123685 -0.09347267769500742
124024 -0.03252381631729978
332026 0.025193388731501697
125113 0.07517542086956781
018875 0.12489018903038075
436274 -0.09197352888174694
123139 0.02888446539496454
125197 -0.01542019060737868
018893 0.0672986224737
123211 -0.0209429753869318
229243 0.015769832626555107
227257 0.07848995669583864
018446 0.07889729673900302
124000 0.06415244682614228
019133 0.06912788210643663
227044 0.03894020797982182
124855 -0.09722358340779533
123274 0.08499407080080486
331552 0.034829426953508415
017654 -0.12477860537245702
020015 -0.04923083287148003
436190 -0.053271414555425604
020033 -0.12436730607857342
124504 -0.1505753379911608
019487 0.0357545385677317
331444 0.05275350865791397
020285 0.10934528863798237
435758 -0.003745797469886644
125680 -0.06809973119456733
330340 0.062226880085957545
018608 -0.06989311470556511
331738 0.18239191950921216
434720 0.02045810405301444
228226 -0.1040098378602235
435308 0.048522185469297804
330904 -0.0794842338729137
330448 0.07817194285216156
124834 -0.08739057525734784
124381 -0.06114052351331408
436160 -0.016687226586327483
018689 0.16240274878125693
435317 0.020269212823903038
434111 0.021985408395855124
017684 0.03473454701517798
436106 -0.009156399621265382
123451 0.03622737794879155
434987 -0.06305859002925512
123130 0.0061489238198688964
124618 0.005125449560035537
124534 -0.16479030037921097
020252 0.10999532631340261
332452 0.041320826896426126
019271 0.009059864117372706
331408 0.057644949647304426
434573 -0.09034081404377783
330838 0.0976072227406587
124516 -0.16260161458931405
228175 -0.008401325548941409
435008 -0.03927815255069275
331450 0.05255587986091258
125134 0.0018159616104516814
227140 0.04388828170028568
123382 0.014836790471079263
228865 0.08505459432196548
435824 -0.03390255485413971
435704 0.020225328184978547
123295 0.09035851733948363
436124 -0.02083844106610343
330433 0.07247882573197681
435038 0.12297003047897279
331618 -0.011095057415385027
017708 0.07571681905018579
227671 -0.0005203896211593564
123490 0.0945985209649593
123343 0.0475509559946895
330907 -0.06633606467556374
227554 0.027486657325547195
229087 -0.017422816383279187
331372 0.07071953742976192
331285 -0.06987037492993345
434174 -0.010005578447084922
434711 0.023267690467709032
229009 -0.05586938952800022
017948 -0.020366632528643083
331465 0.048558672405400884
125005 0.03759841458716565
124261 0.05775683203641951
434672 -0.019132823023168016
434033 -0.02241372665094933
125332 0.09762243618398321
229141 0.10523066342805239
123442 0.04974373844905165
331306 0.20319780646701743
228325 -0.07483177659326512
020276 0.1129766338630267
229405 -0.01628250454830949
229039 0.01613020785683924
229003 -0.06730700475635905
435881 -0.033165117561046356
123184 -0.1172641012161244
332392 0.015938163575123752
228940 0.018902460111419658
434438 -0.07978369138756529
123346 0.02244733880028707
229162 0.045153020084136644
228403 0.03295449845890634
123967 -0.01389271562021566
228706 0.0788974321756607
124735 -0.0719382856585375
436250 -0.05740928532239932
330877 -0.09420816327807877
436109 -0.010496694519982077
017657 -0.09228473546959107
019244 0.030019505693762234
227092 -0.001324219678975758
020000 0.010765480430207105
331720 0.06732167567580882
123418 0.06031315224628933
227074 0.043450865428593256
123919 0.03175539014642955
331117 0.03004665530273585
020138 0.007836594348202781
331165 -0.00948574806390984
228835 0.037776317627703185
331681 0.10285037853979993
330409 0.16609245640570486
434729 -0.0038435123677939575
124066 -0.08529917518261444
123199 -0.09130067001491171
332029 -0.01544798766132796
331549 0.03235465655615174
227518 -0.1179879478244634
228271 0.17128413182260782
123769 -0.11171112862570744
018869 0.13158511455338756
330649 0.06680399242532317
125776 -0.037354652355305724
435578 0.030221993794135437
331948 0.04630512009700772
227392 -0.007997408072517514
124144 0.06767556394287755
226999 0.04547704066800525
018311 -0.10788560146782673
124738 -0.06813165393830982
019412 0.1279740185628377
019928 -0.09038434429442727
227077 0.03268402767921408
330853 0.02669510470760184
018461 0.017504626962100214
228307 0.07115890593473995
435140 0.08957687905101352
331987 0.011688710117494696
435164 0.07812931262206359
227980 -0.08896753439802398
124159 -0.042480480409696604
019619 0.08327316997164771
330601 6.558572848841094e-05
227323 0.029484380899728584
125698 -0.044215516361885636
123934 0.04595790273808473
019763 0.021756190282327156
124009 0.0578503799834897
332617 -0.026126086473846795
331276 -0.07230789109076571
019163 0.056812643596453355
018119 0.025167949695662023
018065 0.17367843346454073
123364 0.13179391003859356
434009 0.016373074677835362
332398 0.021700808321485247
331891 0.03605180273199107
125353 -0.12147244252227696
228997 -0.06085672081832826
125728 -0.06137141497633907
330193 0.07305469777157557
125785 -0.07492717363705267
019973 -0.08319623875348109
331075 0.09423983871237503
435647 0.01719655005278306
434069 0.016637789437609143
228304 0.18845429454110496
435041 0.12036195235961311
331954 0.03463536416898098
434177 0.028399502150496542
229090 -0.013787148853576986
123622 -0.07337246125607624
018368 -0.11392632034254369
331795 0.03262184343533752
226933 0.059672405133643566
435557 0.03402771708805414
227116 0.008549886223540346
435092 0.05423410917910124
228082 0.07589414607823212
228535 -0.006020174924755897
226753 0.0960374405066282
125467 -0.1235859143619471
435374 0.0679029253650639
433784 0.037520320885327814
436364 -0.13689507106795407
435575 0.033391712730679465
017807 -0.1321367292407867
018290 -0.06134523200334762
436049 -0.030512576357732798
331189 0.1190853009600121
229234 -0.035574625252049345
124027 -0.05259472748393422
123340 0.05699579046724246
018851 0.1400736447930896
434735 -0.021885016883272688
436229 -0.04298900684160606
229021 0.011508359123831031
434144 -0.07704713350704502
124222 -0.04792440263744668
331798 0.03325434864222348
125722 -0.07600825711138344
124876 -0.13146365472880783
124408 -0.1094296926782649
018623 -0.08677003804814311
018980 0.0817770076363692
228085 0.07806512696612661
227365 -0.001626958338746996
226978 0.06157320051360707
123583 -0.06976480235844139
331531 0.03821105406498633
436340 -0.13665042133002686
020219 0.17377979261121534
123853 -0.14188818262668157
330430 0.10288168617054863
331777 0.041764312524347334
018698 -0.09772646302337012
123541 0.06939149278331747
433688 0.1019059512835019
123616 -0.07612177463796042
226948 0.054538703737826474
229117 0.04689819932572495
124693 -0.06405586035002993
330880 -0.09378272701398556
123964 0.011978352743832969
227521 -0.11319039889771075
019241 0.04213119861158028
018056 0.0668330219476183
330787 -0.05225032475604769
020261 0.12067860921256304
019994 0.025564862506142146
330484 0.04408105272413682
433691 0.0939954894039139
019169 0.05474249546732295
019535 0.17414569756361004
434714 0.02372872343299269
227101 -0.01632240266429569
435905 -0.010336464364519396
228397 -0.01235630681396648
020192 0.009926112674216114
125599 -0.12055395761978208
228592 0.08449286509417149
434216 0.02881101211869573
124882 -0.12835519060399703
123436 0.13104586129064685
227389 -0.000644627179957919
018557 -0.0592402507619824
227908 -0.07531413087059582
229012 -0.029040117978503675
228052 0.055761170220528684
125074 0.03752733113493583
125536 -0.026322584028519422
229375 0.002304268359428821
124363 0.015279369328105277
017738 -0.04713058682992585
435074 0.040382380790447696
435626 -0.057730192817029846
123214 -0.02310733145828272
436328 -0.11839749457344177
331639 -0.04802220463968545
330658 0.045407646848382076
020279 0.10666213526713605
227023 0.03854880194736843
331210 0.1674226651239428
123256 0.12008081445751932
124444 -0.09937559023041333
020063 -0.21641399141915318
124207 -0.03863699371139011
228328 -0.08804230101524838
228241 -0.07221036808853051
124714 -0.09316800393155021
332833 -0.025946815954978775
124468 -0.02047546397393004
124093 -0.08429865150188894
330529 0.0006217610668317974
330211 0.0029868579896769084
332737 -0.0006163587969977311
330961 0.018898871254725457
018242 0.049505077846466544
124624 0.013978713715276413
018053 0.07606100340698047
228913 0.14043572047921302
125263 -0.0014276400460794356
123454 0.03448250922121743
434102 -0.00041665249400668625
017909 0.0908201079752345
227680 -0.01574298632895916
332188 0.06181132571909185
019205 0.05643173482085429
229072 0.06033266409808784
331351 0.06376716603637936
330370 -0.11489534687779512
227383 0.010118794713198207
018728 0.05408028489220864
123400 0.03618654101784719
019694 -0.12134836380426518
124654 0.02536907146534442
435341 -0.014151980442122477
436052 -0.03180125816489073
228289 0.10643653919503075
124423 -0.13186859542673285
331534 0.03796651570434744
019253 0.021067256252366724
228817 0.09962614505393151
330502 0.04382820942918527
332698 0.003209574550998459
332149 0.08449566034078969
228010 -0.10943995627616941
332845 -0.03500548704956851
018284 0.013138593345896819
124960 0.03460080630564816
436121 -0.017583601877111728
020288 0.1106023565936808
123394 0.09211801204831074
434666 -0.012148569695445784
019232 0.07212433574063337
227293 0.06472318339600135
017660 -0.07127044482192904
331684 0.0900083511807133
331441 0.053336464181358435
124342 -0.028990665467314627
436211 -0.03972393502040293
123505 0.01923094239012447
436220 -0.03646036360388768
435875 -0.05303875298924625
331606 -0.028186033851649514
331744 0.11166689674194351
123517 -0.05502584962518193
228118 0.01016627488475669
331735 0.19005202389133818
123718 -0.08115320174229818
227110 0.0012817830917650711
125761 -0.00814482492427564
434948 -0.045694298618337736
435737 0.0064203867532164165
017639 -0.14087503632620335
124204 -0.023750089587279904
018602 -0.09134184746515184
229279 -0.15997520552336733
019385 0.0168466389216091
332320 0.049106033943230556
435890 -0.01184336628549903
019127 0.11657633514780748
123697 0.05182872725283207
226882 0.029034130709471414
436262 -0.08463038137927188
435623 -0.06794084662507587
019889 -0.09065050770214912
332176 0.04919832270823039
125764 -0.049056258747893475
124114 -0.057596340297043955
124519 -0.16492582383280494
018248 0.015262717227173699
018140 0.060456150027735106
227557 0.018525944666248798
436349 -0.13323862123784547
226735 0.1120811042360133
435281 0.08965937451598568
436358 -0.13781140146856857
227254 0.0851637446871904
123175 -0.1033230111562722
125809 -0.1684401538397573
434894 0.1418442603216039
227143 0.036645688874855475
330796 -0.012375896991923468
227080 0.030677295419185607
434264 0.013764299360382705
332215 0.07331805141088121
227128 0.01438014864268524
433850 -0.021402898704211904
435251 0.06374091136679161
018944 0.04252855478795724
018521 0.15473020577953037
229366 -0.030803456235190742
433694 0.08436496687098585
330700 -0.061105766612327236
020204 0.048233640152512115
228100 0.03786135485629482
331333 0.03038513915332052
020183 -0.0030988270681588615
226921 0.04231059789097109
330151 -0.0009037239551853038
124801 -0.1095198019962881
228775 0.15960370247870373
435830 -0.04670256489036282
019793 0.0015845195381071527
019211 0.07888166812022236
019265 0.012967559813293934
330922 -0.08103731977595424
330553 -0.023928350507486634
330856 -0.014885485693626438
434591 -0.03385576655380762
017960 -0.1051719260361314
331267 -0.055150487065152756
228949 -0.008064510507385724
019811 0.05753868306474216
332647 -0.0018765713176093224
227302 0.05737531435857968
330508 0.0478912856577763
331957 0.03155455668907524
330466 0.11425763263559366
227965 -0.09047990116568774
017780 -0.07350442036905576
125692 0.006485830162225364
017630 -0.17446828635882433
019532 0.20521084113797752
228976 0.048635443423830076
227020 0.044137698128630436
123514 -0.06565037196275418
332218 0.0778426448005557
019109 0.025833471805330303
331978 0.0003607511987598293
124258 0.04808828812472674
330811 -0.02761591491179325
435770 0.0001289280514828144
229069 0.10826599313849634
020291 0.10292111000646995
227413 -0.04266492943017385
330418 0.1370282096382902
123940 0.07329635131701946
435485 0.024713734551864142
331132 0.034965602785689935
434903 0.08075533635735518
226912 0.03229784849086239
228745 0.07484826279033689
125155 0.009576938820206693
018803 0.10956194101256346
125632 -0.18273980670019488
226723 0.08065569732732578
227026 0.050329636748086624
434243 0.1145729381725804
434396 -0.07009570144481284
331762 0.08918115573671678
018722 0.01878484781713239
435785 0.010065237946998571
435533 0.028956931869172736
123520 -0.07178374048040695
435731 0.0018573098538065028
123793 -0.005092699644662173
020141 0.03249540830415393
123499 0.024758877286188613
227173 -0.04362238921629895
331192 0.08073945319744241
332395 0.021227986679962382
435431 0.05251547625987053
019289 0.005764208180563788
226738 0.11183065680908298
124702 -0.07698681425053103
125419 0.1826629821556667
125086 0.027822958196686703
436352 -0.13681614138459808
228862 0.09072296182461521
435047 0.07474166562031538
123190 -0.08687369128548197
017801 -0.11150912689000461
331732 0.15108740932659837
331876 -0.017098054959975847
434453 -0.04658847858469369
125194 -0.02287790691592791
123676 -0.08476087474390938
018209 0.08082846969011284
228169 -0.01978644307840753
434561 -0.1212619576045322
018488 0.013542709487194337
436115 -0.015099151264146607
123706 -0.05190909088916993
229213 0.024935166235015335
228871 0.09285729043654685
123304 0.11982059184381032
330232 0.10064722115508996
017966 -0.13794774377610106
332626 -0.0034202506389220664
125257 -0.039693574260235065
227299 0.06246066451857759
227449 -0.10967960800381912
124522 -0.15987574692093132
019775 0.006519362038257077
435101 0.05411279905876841
332329 0.04531383920069999
125626 -0.1974141861191538
226828 0.08551425049637078
434426 -0.07735797345053644
332809 -0.011740937648420043
331696 0.020428260654827453
226834 0.07947318795497493
125359 -0.13676129416238036
436133 -0.022732548655446442
019277 0.010565096532905494
123952 0.12074368954079964
124615 0.015412160181929988
123748 -0.03979251856082078
229075 0.019528709001235815
331705 0.025746208909546597
435698 0.011122959028770307
123196 -0.11466953241132272
435818 -0.019946633873307574
228217 -0.09245277657690976
125617 -0.1808024633275806
229183 0.00802663873032439
020300 0.08519757513939019
435821 -0.028413317379147963
226819 0.08691172492574606
331537 0.02646132053418815
435404 0.012215310898564187
125116 0.06673451251618677
434726 0.012634375931218444
019853 0.08842526325726517
228493 0.013656280493850315
436238 -0.04942191240245985
331054 0.02089819966045369
227200 -0.06140308635850995
227992 -0.024608081699520213
019553 0.18872024275890079
228172 -0.02490556383634468
017795 -0.0898166034762986
434669 -0.01567994253590229
228955 -0.033011419370922994
227581 0.058597989347740645
229345 -0.16856314937570646
019202 0.056976437678159575
434219 0.026212188724201467
019208 0.07623341777619186
226942 0.07032677514670459
226972 0.0635442146615945
330346 0.07014704698683312
229054 -0.07755434471142081
332749 0.019143763945062856
332746 0.0201308094787754
123586 -0.06528094528591821
332680 -0.012485649498838786
436169 -0.015536890525312607
124456 -0.06353606825607702
331792 0.02244432315466895
331750 0.08751406244282701
331147 0.08353756570904594
019613 0.07540832931469599
435641 0.016220354933786027
018956 0.044686805049406336
019409 0.10176314208280139
227530 -0.08185256108118062
018902 0.05023380816242024
434105 0.002047824258284936
435857 -0.04730390350996712
436010 -0.007548918373871191
019625 0.06474716959694346
227752 -0.15578959640979284
435947 0.02476330686798923
434909 0.032037816827788494
331183 0.06334592467762461
018536 0.008589632326478849
435812 -0.0048994088510783615
123481 0.04279898431942831
434594 -0.007971452449333564
018716 -0.10159528050825775
124129 0.04445531494710689
123589 -0.05375306261231993
434207 0.027097721322816477
228190 -0.03435042455578864
019589 0.11285775359927443
123388 0.06633977799649682
332365 0.032831750068280076
019616 0.10596978093801249
434075 0.008200621656166815
124030 -0.04441157197965402
434882 0.06508284646616246
436001 -0.00416416148087111
227755 -0.17988780762041484
125179 -0.005154021594529785
435218 0.046098044843592735
226861 0.07288411995737555
436259 -0.07746396017176975
018554 -0.06272483476864293
435743 0.00789423478248583
227458 -0.12000662549658046
124741 -0.07424871239602016
229348 -0.13456129800118538
125062 0.0544656028516402
331363 0.0757101187464685
017621 -0.1359018785650026
227239 0.12856106451059754
227152 0.011949714414926258
018863 0.1392588666622354
124360 0.03199396774871166
020057 -0.29113434728175874
331711 0.05312004919791917
330292 0.04007314937365208
018017 -0.12803656964912769
435923 -0.010958170135460861
332788 -0.013779248181870042
124156 -0.030025318938429444
123580 -0.07553542309066878
331156 0.006166328504335896
331024 0.14688346952802311
123262 0.12061877003557647
017705 0.0703290108032908
018731 0.04644589347183389
123607 0.0031076491863135124
330208 -0.015998151733663132
020024 -0.02642215013083538
019184 0.055645157699940655
227560 0.023757239250585902
331600 -0.0004144222984987644
332644 0.0013084221056202554
434123 0.05568922395827567
124816 -0.09194029890391202
436196 -0.03761473325951639
330136 0.04557570370216256
227821 -0.1424833064149646
228508 -0.014519753586445555
124795 -0.11438827683620847
227638 -0.10902174350884636
228043 0.06706172965238426
228238 -0.09433765085705675
227296 0.05864354339431637
125524 -0.06058306365604909
331624 -0.0819041647407441
123235 0.017909789455863183
330730 -0.04478935708350269
124903 -0.090904369844505
124018 0.048421884462684785
434822 -0.0006083836945954936
125251 -0.0488746489018174
433880 -0.010547821551150735
433721 0.12178953394292802
332185 0.059917852139912624
124864 -0.10269908055111214
018188 0.17209899294363257
124873 -0.12354437997047187
123982 -0.05611061562596893
125479 -0.08580541677019653
228757 0.1286226930109166
228442 0.02033310508944912
228124 0.01855325042937991
434378 -0.0754701895324096
227185 -0.1542830629710978
330646 0.08427114097096429
125233 -0.019416937254781594
020171 0.0387680185614509
124780 -0.10392427810151904
330490 0.043129889014585254
124243 0.03113185486886026
123721 -0.07768667121723506
125308 -0.0928844992493855
228892 0.13490175736083265
123823 -0.12802354198919877
227437 -0.09175026749667528
332803 -0.011771297050345169
434441 -0.07802055409151185
434630 0.026858620196809783
435497 0.05934896158146281
434045 0.020450964422644977
227497 -0.11971586905156323
124789 -0.11439628923028619
226759 0.10851341120399711
435938 -0.005739907351153938
019964 -0.13528312043966947
228820 0.08689420580518065
331693 0.017668750479729916
434786 -0.022958573999330975
435866 -0.05907491022721491
331123 0.029977072683768587
331636 0.0012325168993027624
433766 0.021146784054553055
227230 0.1494689482870959
018164 0.032567976166485
229066 0.1043654789972068
018752 0.17696133775821224
123646 -0.00801807735698916
331174 -0.002112666923898902
332806 -0.009523792633471272
228769 0.14701808541675274
331834 0.07031047624711848
125758 -0.0009228417153245619
019049 -0.11943070782786584
125563 -0.0052442035071673405
123844 -0.16683874959079004
228928 0.00805156916471013
124924 -0.03612450541288974
435566 0.029685127266950887
435974 -0.008861915444238682
124906 -0.05883386265424015
434384 -0.0707674798786452
228028 -0.008983690282901953
331414 0.05384940202481196
123745 -0.03455717460230135
018878 0.1213293941888941
330736 -0.04370847371190864
020009 -0.057874094456783876
331138 0.06957482737971964
330505 0.045494072589493166
018203 0.09749865781093722
436139 -0.029744594109782512
124918 -0.03268135146595324
435320 0.01151709272872436
125239 -0.052905187325798075
330304 0.025122519504456292
331585 0.026991846857627573
228898 0.1869802320953684
019103 0.0198506358448959
017747 -0.031364978086974374
331030 0.04159504092693217
331261 0.011522357068686656
330598 0.007849788059784939
434447 -0.061930733081652166
123757 0.02904685765330555
124606 0.010354876428585924
330979 0.07622712489556749
435878 -0.04586298537340973
331462 0.046569095066419874
331675 0.037090159604853415
229201 0.06310301387364964
435410 0.033416434102588224
436064 -0.04543613766589469
435962 -0.032417485816955395
124771 -0.11017886208662996
017864 0.1380299521104865
433871 -0.02033956292932495
332278 0.08133563060266566
226795 0.13097493807770863
124525 -0.16720624293272587
125371 0.031901646463879746
435512 0.02931084339836543
229267 -0.12142226269513405
124831 -0.09408256965764168
123625 -0.044691331082423624
125614 -0.1810648905968093
227362 -0.006215983322361587
229291 -0.17085483317077446
123910 0.026538507407243873
330901 -0.06728522781223795
019151 0.07680188093960152
018500 -0.0072159383662794
435029 0.021266522087701266
330571 0.021831507486483402
226951 0.058695361139379024
227017 0.04190154984963262
332146 0.08310160833380745
435299 0.06500200673406997
332761 -0.0036583876838335175
227242 0.12112489990326286
124357 0.05561354169903146
331714 0.12652661722704284
229363 -0.04100433579410844
332740 0.005589840578014722
228136 0.07522248408534456
125608 -0.15726184214828753
434675 -0.026768249338385147
331627 -0.08583608601788897
228883 0.16907672315923863
331525 0.04761113606783168
125689 -0.006050710678276063
331330 0.02537552126410867
330139 -0.003483161692420056
226924 0.048447053586183314
018713 -0.10247980285821316
228142 0.09999151693811188
332794 -0.01393359950779774
332254 0.08600716180869715
124852 -0.09744451227898192
436031 -0.020271389478769143
332143 0.08331826655482834
434273 -0.01758273051836599
018710 -0.1088763157455915
434348 -0.008552984424817842
018092 0.08715676721682133
229408 -0.0296910389666304
434132 0.0497145578394268
020177 0.0028342093440790316
330763 0.05950966879386539
330229 0.08436538921122709
123424 0.03367817683453648
227011 0.04266618257255244
331918 0.06422075888712747
228001 -0.05765716320665548
332275 0.0814801734743939
124993 0.047392088661140266
124267 0.057117255197630994
434228 0.039090396771704394
331969 0.010722642707318224
019214 0.07398350006919566
123979 -0.05626470536403216
124426 -0.13308836486500128
228058 0.058658510351167155
123367 0.13405676284352921
124234 0.013436906853001633
123619 -0.07607119672266278
125029 0.0826876103893187
124939 0.033217164852837745
226870 0.052797965449663246
331810 0.10687141527692966
332107 0.053206188976231715
330916 0.018333921707382586
434087 -0.0006234006136836693
330511 0.044805685310554656
435005 -0.030579339878309346
331357 0.06850634623133987
435752 -0.0009997897343613353
020174 0.013229315807631386
020180 -0.005571697227837349
017879 0.13510193505318335
018005 -0.12690283696019064
019115 0.052143459133370214
227929 -0.13839212449333463
435428 0.048997572102938
330460 0.0481109256760934
124339 -0.03835545850944524
123148 0.005445630138475609
229261 -0.08589549387821215
331141 0.09175306159006234
330445 0.08640539983804699
019010 -0.11192487342361078
433697 0.07417828362963294
434210 0.026526514883040128
228448 0.05953844346345473
332179 0.054749801980147235
125215 -0.0010351311325062968
229252 0.010948794152037953
331288 -0.05075664813336344
229159 0.03556259997026981
434081 0.006685217642676929
227251 0.08349231758563784
125041 0.07953954365520947
332659 -0.005861445652572342
125701 -0.06270417151515086
124639 0.024734997067435083
019526 0.0784169346449272
228841 0.04350401434590244
434918 -0.001204088334277781
433787 0.040839415272036085
331645 -0.013452375184368169
019592 0.07835649056982799
228580 0.04233190541974896
227602 -0.05486787925662076
435452 0.15637334196105468
228943 0.015639027886028885
330394 0.0708833677530207
125482 -0.07067388993969026
018050 0.09083436814720426
330592 0.0003053588857444807
436112 -0.010041568668985361
017876 0.13248642533395127
330349 0.06297664390234858
436325 -0.11203551161559637
434804 -0.08049481230674453
331759 0.0964218853176504
227107 -0.004933382260384376
331789 0.04226735451193027
227317 0.03994833007646525
227320 0.037794332053582215
018545 -0.04286398594910442
436292 -0.08128920778485262
436193 -0.05486470786850947
330427 0.11065925528908417
019988 -0.047712464826734094
125356 -0.14588628761623337
330931 -0.12635471937732665
434465 -0.04472798420131928
332791 -0.016787253095066106
434366 -0.056000894434176614
019166 0.05524232250279369
124378 -0.05871416341744
123487 0.10917469238388931
124054 -0.14043827199418318
020147 0.09970661926287132
123385 0.04936328771912848
331297 0.038732304695559
435860 -0.05008894079436507
125020 0.04204063640672657
125605 -0.1586956505858903
330868 -0.07375466757982739
124720 -0.07607771086995124
435572 0.03213972734650175
331555 0.03228147588316653
434021 -0.043029176461403786
228409 0.03462533269133696
330337 0.03449959069276016
330163 0.011231801343575628
330202 -0.004265485368686671
227374 0.04248721994828955
331051 0.004717331966700716
019382 0.005234688700874318
019319 -0.012337968078393723
331384 0.06488033999317133
228790 0.16482276579604066
331480 0.04140094003295645
124846 -0.10073469566823698
018896 0.09313221095977385
020156 0.08721791305239239
435950 0.014251031737146057
017774 -0.09407311444398328
435911 -0.009675280425589463
227464 -0.12030275261011787
228901 0.21640138370448855
018995 -0.048006522110511006
433859 -0.02344040245036609
018884 0.0832507912714375
226996 0.04473257334890597
435344 -0.012216398324915962
330475 0.10351038691258833
332428 0.02858133475583299
125137 -0.005079663079093526
123178 -0.08757181034876045
229342 -0.18293781965705141
017585 0.01916928698512862
331921 0.09921340740423648
228439 0.025813089913355427
124582 -0.019653676787642446
331186 0.11635290096536868
018977 0.08125402424793438
123358 0.04788329372175545
332023 -0.004924086582371742
331786 0.04097807296302461
227158 0.0029245745894405247
227440 -0.09785591342268549
228274 0.1548902161685531
331771 0.03745996934895665
018107 0.03461332560409901
124198 -0.005282116591880777
330469 0.17811244230546353
228283 0.08124675496412705
123592 -0.04793972982048595
017777 -0.08428889873386257
332356 0.02668862238218808
434468 -0.05170523313604564
227059 0.10559991422449594
435680 0.010681233500187607
227446 -0.10915417307549291
227674 -0.034604226026096245
019085 0.03654646766035025
020030 -0.1493420860991276
017765 -0.08926923140682848
019529 0.14839093028759662
434780 0.0034072310935178546
228292 0.06584249285284316
125026 0.07010883525642563
228103 0.03524246930639101
019022 -0.1283051017942671
123493 0.14275174287192968
436256 -0.06600443825641156
332359 0.022624135662369857
228229 -0.10496614605957483
435443 0.1459583021715263
019046 -0.13007433087281195
331960 0.028789415219937383
435887 -0.012877468087513687
434528 -0.12391913253214674
331420 0.05416809203327895
435638 0.01004667641999267
436286 -0.09301085966524292
229297 -0.17721128871711167
332173 0.04940518749265434
434978 -0.09805016622084084
330181 0.08140588533885511
123760 -0.04411228076662
125713 -0.13378360124210992
331564 0.02894016322243977
124729 -0.0648984992112102
227461 -0.11981612282120974
227407 -0.03388125315786833
226957 0.05615688585126946
227731 -0.023622622713781335
435998 -0.005896237720448253
019820 0.05989363910991536
331015 0.06632721634781939
227881 -0.143002824783513
228316 0.049610256770300495
436037 -0.01978124203876687
018746 0.15336678760419228
123778 -0.074543675956714
124867 -0.10785817240061925
124858 -0.09523871300904081
331264 -0.03742180502304883
019145 0.07095345321102536
228466 0.0286289258368152
330835 0.05236920863613106
124483 -0.0864803368843244
123232 0.017373987074153226
434927 0.0320182352361872
229330 -0.20008137384483096
435653 0.012767199871435521
227029 0.038584811756141854
436304 -0.03262096699375626
124945 0.03271837153149149
018503 0.007863153137875101
331522 0.05388396098994441
330664 0.05271612085441969
330214 0.001254555296525286
435323 0.023227017702401653
435605 -0.04414409317204302
020006 -0.011791063394435624
018899 0.054090207665011304
434750 -0.009651381810597487
123988 -0.05128678292393303
331222 0.08766725561977211
229270 -0.14260449988122012
124174 -0.03706749365379778
227332 0.006585698173050159
125218 -0.0027700269007856935
018590 -0.05973600685049634
228139 0.09296477225385658
434930 0.01575806891911658
330829 -0.010936214981346701
435080 0.04654893887222729
332227 0.08070916695599206
330160 -0.0002867969506760543
435329 0.0006448716519564883
125806 -0.18253915731303558
017972 -0.1424373163839622
018764 0.06486410103146992
433889 -0.006761368110558859
228193 -0.03639149171834108
228490 0.004008248624270923
227179 -0.11577271330713476
331657 0.05059380119984792
435659 0.007872269781252357
125035 0.07960702750398212
228463 0.042395715011754834
228670 0.08581991036775109
435392 0.06334218173028519
123781 -0.06163825627869715
226720 0.10528657164132993
124951 0.02333142904587733
434246 0.1048395362106717
124102 -0.10442751799220852
436130 -0.021002136417780825
226945 0.06389436570944992
124492 -0.12141938572776612
020186 -0.0025827524052362987
124384 -0.06613149442078868
123994 -0.015476374760203316
330766 0.10118660191239714
017618 -0.11168587746304222
018887 0.04600641169200012
435515 0.026633759778209778
124753 -0.10094451856533217
123838 -0.22041902038231534
436367 -0.12909069883532465
123916 0.03968412422479594
018176 0.06602265237164581
229357 -0.04710770877127728
227167 0.0028252177046048372
435503 0.060074673321388126
125425 -0.006222708341708052
229096 0.012640611983844795
124069 -0.015496892197363991
018269 -0.01358539445647511
434807 -0.06938157873489206
020216 0.15686544199076505
019460 0.02863814174988773
125686 -0.02592080994040564
435023 -0.00965955934510624
019391 0.04618082602493145
331717 0.1344498490502683
330814 0.004452699825311397
227995 -0.04610800150009118
227584 0.033898496602694166
330817 -0.00046542529114971295
433847 -0.021127921802548657
331855 0.044415293092790034
332182 0.057561884990472184
435062 0.08039950365323185
123187 -0.10853933980602706
434969 -0.0926038439304056
330628 0.06849836261553048
226807 0.11610013941582893
331678 0.08966948442411866
228145 0.0702751776116827
018668 0.11267732447212471
434597 0.011804602946349196
123430 0.11693531782949479
331558 0.02520749710211084
017945 -0.011017856560950135
123694 0.016853161630323254
434171 -0.0168086112093308
017999 -0.06369068543500955
434777 -0.010146042752066339
019148 0.07544174297840242
435686 0.011347444617435672
330547 -0.039787052183838115
124135 0.13407285484352455
435509 0.0359243725522469
330442 0.09150317133761231
332623 -0.014839586194204127
227266 0.06957289941778659
433907 0.012015889140420104
229204 0.0543490429574968
124687 -0.03456906304663294
331423 0.050623639945829864
227758 -0.17649714667620678
433763 0.013800004551213376
125128 -0.008697586608585722
125461 -0.040805631200531836
331498 -0.021214846271988618
124978 0.06627596126795979
435401 0.024269229440630636
228106 0.02272606566774243
434762 0.001720566317529025
125740 -0.13226267433129787
123637 -0.031007298185113438
125296 -0.038553076531442916
229273 -0.14717514755563482
227740 -0.002544522863746248
123496 0.07303758794876124
330556 -0.014343150097180575
435989 -0.004001436539472831
435422 0.04742603007223326
435068 0.07416243773956235
020048 -0.15453585808005998
332239 0.086689210199087
227728 -0.00529969152090008
332140 0.08059826128390289
125017 0.0356846061033905
018215 0.04655421259835357
435434 0.0715876960158299
331060 0.0573758355045684
436058 -0.03527308661702176
330871 -0.09506116471926143
434018 -0.03527369152964326
018476 0.138920848779076
123814 0.024364788172563396
434291 -0.036466581099577296
017576 -0.03679389760806946
018806 0.1220409484991219
228013 -0.11430382906293747
434261 0.029596441911407867
330808 -0.02749690597914104
434705 0.019716993411995634
020117 0.21431456304686589
331660 0.007392148703301322
125230 -0.009799614982954096
435716 0.026525197146351057
331702 -0.007450568412711112
227794 -0.15787833963688805
125272 0.02846425730747864
434165 -0.05606598890613125
125320 -0.06293055080186777
330790 -0.0425647872948625
227272 0.03986548492129859
229360 -0.04325817703404024
123976 -0.04220153476705803
227509 -0.14301784919013108
123913 0.023789005071484213
331753 0.08318058483150016
123970 -0.032709854209512584
435413 0.024565253530669524
331672 0.006022498502485679
332785 -0.012569217047741428
435302 0.052230066809014694
018524 0.12811437366468506
124762 -0.11456949839026725
019910 -0.0959925379376655
331411 0.05108929723095859
018542 -0.030633256441762895
124486 -0.10272904573678945
434702 0.008627037861993874
331162 -0.012726820860245762
330667 0.020654831340291606
434141 -0.034452275192179256
436310 -0.04901493105271401
018437 0.02719546058376074
018032 -0.06729392031966232
228853 0.156766571388602
124507 -0.14727083868652266
020003 -0.010217421929755012
226990 0.05152438566495098
123307 0.12490644527313868
228961 -0.02391794179031908
125269 0.030418051650925537
330577 -0.01316771478190438
124543 -0.15578465892910537
124462 -0.03597507913500676
124165 -0.03513848441482419
124690 -0.05167217613127975
227422 -0.05972582452267089
332122 0.06566112348420844
330610 0.0808711229705021
019856 0.06781410148713242
227551 0.011167080292743508
020144 0.06849607023454848
017963 -0.1332371507187569
434387 -0.07248609748246179
436316 -0.07282169446187861
433685 0.09912860976169424
435977 -0.003620527268764753
124270 0.05102038991569914
124039 -0.0802149254032394
124435 -0.10884535217175378
226798 0.12596593124479302
123193 -0.12514845299027746
331114 0.042745725580398054
226717 0.06914004019218396
435359 0.008461570801017683
018167 0.025888589860270265
227248 0.10025657926819985
123931 0.04023756552278964
227314 0.046409044719877696
434723 0.01922217920731403
019070 -0.010468626386935612
019040 -0.19269870380042878
330397 0.10347517764829667
018497 -0.008752520467917704
435071 0.06017261168578584
331594 0.005304931486220584
436166 -0.01624643042291731
332242 0.08117971335511842
330640 0.06781477110191737
330892 -0.034743798400387334
330958 0.040760280936615725
019586 0.1647515064904738
228157 -0.008788483573128999
228436 0.03049778458821716
434831 0.01677205551664701
228934 -0.007480429575671319
331390 0.051681813821722176
434849 -0.041762569829131596
124573 0.041347549581179026
228970 -0.012514849659165796
123709 -0.04325243346149626
227971 -0.11973969631107022
018149 0.08461618150142557
019967 -0.1374103241219309
228454 0.06441579973488523
435710 0.03156581869277861
434015 -0.020036145640422522
228196 -0.04722423243608716
434771 -0.012778577050905446
226885 0.0266032561911469
228538 0.015115346051470663
124792 -0.11922738481854334
330751 -0.01549738091498673
436103 -0.010377600545354504
331066 0.0665334847800208
125509 -0.07094840640155053
331885 0.046871247416855014
331828 0.08406501362680346
435407 0.01922393499284928
229219 -0.02999546753883883
123250 0.08889660942064923
020042 -0.219725915861807
123733 0.06594268441547806
332668 -0.008802617281242674
330604 0.02728064567983743
227275 0.04660870404985422
229264 -0.10449168364154977
229063 0.047483682362130436
331582 0.030459112866137155
125629 -0.19297638161593506
227287 0.07999301159571087
330538 -0.03758159966421298
434036 -0.007840243452
436172 -0.012236928079839568
332758 0.0028762494787343516
227290 0.07819005756899625
331252 0.038447266066405715
227911 -0.09775019779231554
332440 0.029862212722741536
435689 0.009569587943737187
435065 0.08637584641534074
019778 -0.012768349914573634
436208 -0.03984238080903654
018932 0.010424069403908404
332707 0.007425741347596221
331468 0.041904852532888184
017633 -0.17149016135368333
019859 0.03148366075381289
124840 -0.10258434909189244
124264 0.059106917797948466
123142 0.023089812309794715
123550 0.0966321316382761
018206 0.07468179178121996
435722 0.010680497449075788
228067 0.050393558562017014
018221 0.030266510707045353
227863 -0.20220069228720491
226810 0.11250527322475226
331663 0.009653281865356276
331942 0.06176248496018583
227803 -0.15051927742054408
331609 -0.03563518511250365
331546 0.01474369445191783
123220 -0.00034645834952331145
125611 -0.17557169127960645
124609 -0.002043354448404184
330148 0.02555302969047002
435740 0.012025362407177852
331198 0.07125119924929214
124555 -0.12521386157518627
123376 0.05343543521727442
123316 0.07236528714002027
123337 0.05033652274256962
123163 -0.14973867196946652
125311 -0.09930300937085053
124471 -0.02680311055439814
017699 0.05877971877095332
227536 -0.06487816087345791
434168 -0.027813856729722027
330568 0.0503852972579453
331021 0.20170946781149818
124153 -0.01068292157614064
435350 -0.006825523717062815
017588 0.06533477067692971
123217 -0.01805677244970116
330544 -0.0562898255584496
018905 0.04633484777645763
332155 0.08904189269628064
435053 0.05144324223844142
019373 -0.003467355377826912
332449 0.034835519138524826
123703 -0.02288773931401892
436214 -0.04129042805446493
434120 0.05303856805861405
018674 -0.08165625576150053
226822 0.07753057457436995
330559 -0.014207755157821465
434342 -0.0066345082966359995
228727 0.023477864021951813
330454 0.0705150308603227
124699 -0.07824505598342266
018683 0.18685883825065952
018422 0.0876567322146075
019478 0.03715191133438595
019394 0.07098142857866607
434252 0.08364017345920317
228112 0.012442492030074775
227329 0.00952586302080175
332752 0.015740454605463885
125209 -0.010416669358141565
332842 -0.03637574889172944
018011 -0.15180182063468906
331312 0.16127865719290313
124750 -0.0916311449327074
227488 -0.08998498264259995
018071 0.20612424554406591
331366 0.0800259963155471
020039 -0.1862090492407879
436073 -0.07677394010621087
124060 0.02371963174065314
332164 0.07285189526031338
125098 0.034361924140048794
433883 -0.006655559900567693
125485 -0.04656237627997067
017870 0.13227433259767588
332206 0.0583179422520528
330940 -0.12060141151413371
435614 -0.06762597465017517
435278 0.09233687576769413
330343 0.0698090102486668
227716 -0.030741444219980773
434231 0.05980364016490415
434966 -0.09168360645234713
018965 0.064981598501882
332425 0.02399435626315505
228322 -0.04210445676120398
436280 -0.09140313078978678
017642 -0.17701363382200716
018443 0.045162677612158066
330637 0.06609341442140901
123373 0.06981758269588503
435491 0.028126838947045613
331303 0.2012259550713763
017687 0.041984442219474054
330595 0.0011646529515709457
434915 0.008189288767309314
018794 0.03604887063791024
123457 0.04345198631336308
018506 0.023946535160857273
227701 -0.07385970658481099
124216 -0.06355286925587272
332404 0.012944419873165757
435560 0.030362528825800185
019160 0.07503728962826618
124627 0.020012627813054847
124546 -0.15278383839407605
228991 -0.04473318226069564
435854 -0.04327367748564313
123115 0.07795920756993895
123403 0.01552547759095592
125224 0.0005592081034326607
331879 -0.005602033303843608
331348 0.04990394672950445
331447 0.05589105340740865
228886 0.14961095186661028
331591 0.013340101638660527
435530 0.0307748820902277
124459 -0.054781188262978675
125080 0.03315371909556813
332245 0.08255207942842452
017597 -0.07647699496330687
123610 -0.023635067143384317
019007 -0.12118094487795752
123874 0.15307711885149036
435056 0.05692834267217818
331219 0.11244987017024524
228160 -0.012486987360376055
435371 0.07242647782867724
228808 0.14349577551148635
228214 -0.0844853114692104
228133 0.05765565974866176
227047 0.062201819820025706
332389 0.017310125502208888
124498 -0.13860715527919482
332167 0.06008203493579929
436283 -0.09458629799866368
228889 0.13167931127670524
019379 0.00554771001956936
331570 0.02879475713698031
124717 -0.0880455199232703
435611 -0.06342458271857514
124987 0.0539812486601797
125341 -0.03157963097962752
228829 0.05786252536163159
227005 0.0401265050996786
019433 0.024728132814351447
435356 0.010293803264492536
019976 -0.060339206625272396
331825 0.1037588062265555
332266 0.09136776369569939
226783 0.16273589114236292
229153 0.042535755480141886
435077 0.04372784640385436
434117 0.0468303378184276
227986 -0.06754612466850973
018254 -0.034235603858497686
226813 0.102383726813673
433865 -0.013561541078030441
435848 -0.039255942279302014
227218 0.12747668714730875
229051 -0.06413322264968867
019100 0.009574696486693806
330862 -0.06868100863649534
434435 -0.07332589771682384
123259 0.13151315230060567
226816 0.09454739032250581
124132 0.09782342693035063
435797 0.00708928070019152
435380 0.042013001532781695
229177 0.03468957291637479
227086 0.014386790342317173
435353 -0.003449733267252713
123997 0.017127497947471263
018014 -0.15628890821532349
229378 0.013731691487399594
019421 0.18065719734930663
018227 0.06504573556951594
227677 -0.03655344337293639
435701 0.016659299305855906
018566 -0.022572343315129684
020207 0.06440351771659591
435599 -0.021167897695452912
434717 0.021307909890586563
331648 0.0051861060739959745
229105 0.13720038095755238
017942 0.01068907353860902
227662 -0.0735221300905908
020297 0.08846862488125094
018947 0.029405222612559546
123379 0.030815255800227984
436085 -0.043129419578270226
434753 -0.005291556677060767
435416 0.031152808981359272
125323 -0.026428714204828466
228712 0.04945045675081178
018638 0.035170966798478774
228427 0.04345796770768655
018539 -0.008664433519941823
434921 0.0019752579407086458
434957 -0.014874374865965764
332677 -0.012766893531878138
435929 -0.012634977861080591
020213 0.10917912944206015
123478 0.034672358695740375
017696 0.046185798871324915
229396 0.012650817283027511
228754 0.11023370783009419
018572 0.0032139596801581123
434183 0.0815123904991209
019193 0.0569504686840261
018881 0.10150430694458977
017582 -0.025728038559997352
123682 -0.09579060364501812
124909 -0.05746793863714424
226903 0.027493229839955505
435893 -0.010219589473757746
019784 -0.011953233909558103
228562 -0.0610011192929675
435446 0.16625554539199566
434843 -0.029859981975495834
123772 -0.10299509133504536
019376 -0.002061910057751778
123805 -0.045749643509840704
227425 -0.07223254378055419
435935 -0.009744718519323304
020153 0.10000199488704166
018257 -0.05506747931167296
228739 0.0726140936861563
434873 0.16029601049215578
434066 0.02577116788128889
436184 -0.02934293137974809
331780 0.042575174084070536
018791 0.0690778841101934
124057 -0.143227420216807
434096 0.0015593551678503082
332371 0.03453187879542179
435368 0.05864867612474637
124597 0.01197829652894593
123691 -0.034072950841412084
436079 -0.06699691275261872
124330 -0.04826792976248582
228469 0.02015217176763836
433862 -0.019764373974745612
125248 -0.05290695903194822
434681 -0.023911000153138528
434351 -0.014542885289952703
435470 0.02864609287855723
228964 -0.020026356834390746
330316 0.020311736483596663
435965 -0.032701529241915425
226774 0.14786498234170223
124732 -0.06492297558114138
435959 -0.025205414366358564
435755 -0.0013204649487785383
228994 -0.054259768089388975
331597 0.00047072944983704064
331309 0.1859118035679555
330865 -0.07377397229690562
331972 0.006113224613774309
017984 -0.15225090067009997
019646 0.15325822441464873
435116 0.046651970487765954
229309 -0.18713548504276684
125221 -0.004300977164531134
226939 0.07299743077904047
331402 0.05433743678900836
123730 0.011625763460017978
435569 0.03271527751254215
125275 0.04407480811998523
330457 0.04885741187427827
123124 0.03808420679780237
124915 -0.021185923087381174
123925 0.037139605062237194
125710 -0.12455504170037898
124648 0.039408783771193404
332821 -0.02288031065152891
228526 -0.04088685375442171
123775 -0.080770854540043
330307 0.028295552328303695
019094 0.026442261613075623
331945 0.050642603572276255
019427 0.08660695215363412
123946 0.11928270552185419
330400 0.1350598792037812
435941 0.004357476488943436
331822 0.12132583655837555
434924 0.01850013978056596
227089 0.007579442364536056
125335 0.07720149732488749
125050 0.05989313139588381
436247 -0.052052629708534436
228088 0.07333135210374345
228445 0.035605562172906634
019088 0.039469956905553535
018680 0.10077239847512531
125578 0.0993612184034492
123433 0.15189932077244564
227035 0.04208100681117702
332851 -0.030233753597315186
227587 0.009627208235639782
435902 -0.010621462705823178
435695 0.012290136013982517
018494 -0.002478757302115342
330802 0.03549786144963218
124765 -0.12281745347406356
227533 -0.07746846419629884
332197 0.06128327812672482
019733 -0.13033613718015538
436298 -0.03308771351195104
332374 0.030821744125556876
332407 0.00780726978721415
017648 -0.12407947889504384
123169 -0.10815316166472497
017756 -0.0033329184105914825
434390 -0.06827969838761622
125065 0.05368140244737585
019637 0.0227693359853829
435779 0.012140504529222588
435761 -0.007828363202263426
227689 0.022789177390151766
434585 -0.02561091516266651
124201 -0.026971936268820856
125527 -0.052108793390771346
018395 0.039073571628358374
018593 -0.06519452616173908
018158 0.09845966055444225
228868 0.0869951858711415
433751 0.018277116373650787
125767 -0.06938699646004713
123502 -0.006305436835717906
330424 0.10520403396767151
330661 0.06764506202361874
332191 0.05826525270757036
228244 -0.03104052801562739
435914 -0.010666860632700198
227434 -0.08960259568083007
124042 -0.107410876472275
330187 0.05779138468736285
331129 0.03258545902656107
331225 0.07375722755951843
124351 0.034072547629640904
019808 0.04549777140807739
124870 -0.10855727867978951
125110 0.06595337336072553
229135 0.13200994806186078
227920 -0.13019951355531073
435863 -0.055459097002256784
124021 0.014770489688601481
436268 -0.09277680525653621
123655 -0.04266267042371481
226714 0.05968090310508822
227704 -0.059728111898982576
229327 -0.194258789464076
330391 0.035381730054273766
227506 -0.14353589730853092
124900 -0.09892156284442169
332128 0.0714897463248146
125746 -0.09373536804766497
125173 -0.023415661491123983
228166 -0.018228592932803326
020150 0.10615629461250521
436097 -0.013607506324998717
019178 0.054820373315601356
228301 0.13165592664749
331486 0.022988489460116952
228685 0.11696922020666449
332743 0.012958284040339147
124162 -0.03801284295811018
019607 0.08777278932043754
018920 -0.045812791126311446
123601 -0.0020716106407761906
434414 -0.07386081629003717
227746 -0.07154925233124027
227614 -0.07857826827710512
018761 0.08892529830192347
228922 0.08181626491185998
019223 0.07127794612693103
332317 0.05708505941170084
436361 -0.1355730116636571
228232 -0.10008912212557913
330874 -0.10340561092873073
017987 -0.15247016699689886
123595 -0.033816989131058794
435458 0.10156511274410107
228565 -0.049123227736239394
331699 -0.0027803899001197243
434819 -0.02218283073102842
435032 0.060806753681801294
435713 0.03803591273561163
018935 0.023479373437678377
332614 -0.013694421084340295
019415 0.14150575739871463
331477 0.037165657115438275
227056 0.12090848893493442
435089 0.04727805073929842
227563 0.036862950529394985
434960 -0.047638086078593676
017603 -0.08620314023766287
125092 0.02133050890644714
017744 -0.0476357121641376
227599 -0.0394187736414642
227500 -0.12433708890833939
018401 0.0012066587584004522
330478 0.07529075278447292
228532 -0.011111774534759677
125287 -0.03123325395997441
123865 0.06884879129154794
125038 0.07323725928523606
227404 -0.02995662282396882
020270 0.11415506044253888
229393 0.041028125541427915
019196 0.05940481975125871
227872 -0.18202985053146195
123523 -0.058089929406713724
019043 -0.17939444877366556
331153 0.024770441831702846
229381 0.0030874379957565134
017789 -0.06331611873961006
434279 -0.024378300454183044
434693 -0.007590539611722232
019139 0.07025244603240083
434195 0.04724910996950595
019958 -0.15800500778208273
228583 0.05595955995195663
330550 -0.0343506283218351
435596 -0.006888107026229313
019430 0.04533901207060623
124108 -0.08925441206392816
228502 0.009051739740821097
123157 0.04027010081929088
123349 -0.0006562516899319876
227491 -0.10639808322482502
331126 0.04122842999971076
018860 0.14664877670326867
018170 0.02336321871668573
017993 -0.10577158915876136
124705 -0.07483174524936312
435776 0.011920141743149964
332632 0.00460730730887472
019538 0.16082338369337595
227401 -0.023276160644121496
330928 -0.12273193239537133
435707 0.026652229078302905
435254 0.06512532956407792
331567 0.02739168353651735
125770 -0.06831845714253897
124510 -0.15570821876383933
019919 -0.09425502196899516
227260 0.07428304138284163
018812 0.12090417543739049
018821 0.10077699229657515
434267 -0.006364275051797482
330172 0.007995662805779591
228877 0.15027064403352933
434276 -0.021073562538140054
434090 0.0015492782942169916
331723 0.04291801908391971
227371 0.01790114488699633
434192 0.04809485572521482
125548 -0.04220756044927633
330991 0.05705257941462089
229210 0.045873815669849334
331324 0.03520552538533614
227665 -0.056656432885026184
227377 0.05702877722973501
331009 0.020670379283956736
124126 0.008106048663053072
228814 0.11272211565893604
125107 0.06310825970182476
124777 -0.1075221631712564
436013 -0.009210483516204649
019130 0.09404731334864398
124804 -0.09783992900011801
228472 0.00916467509031836
226960 0.058765963964989384
019463 0.025899117281540273
228520 -0.07080422536061898
229132 0.10712654982640818
019172 0.05633005727852808
227983 -0.09273729331436611
017828 0.047853145769152804
435581 0.028984113620838737
332314 0.0698911220347164
435176 0.054634388399383754
227767 -0.12635953948916212
229111 0.05303204159129969
330226 0.07384930252805882
125584 0.043856648589519646
332635 0.011465879358256523
434984 -0.08401377783055741
228046 0.06295594643978845
227398 -0.020540141263660577
434684 -0.014612938007461867
229231 -0.046585041373142067
434981 -0.09627409176616356
020162 0.08320455194368748
124036 -0.023791383795274703
017624 -0.16059731301271185
018911 0.020607735032681516
018509 0.058528000529383735
227470 -0.12113895833272732
434429 -0.07727556210231476
018263 -0.05917311549396952
019325 -0.006988500047675676
018917 -0.03477205198499235
331381 0.06902584277388821
228295 0.10345474978836187
124849 -0.09474055673333238
228481 -0.023747301901932114
435917 -0.008765822692788779
125068 0.050089467187882965
227212 0.10715674276461629
331603 -0.013866129906312112
020249 0.1214925977204795
227713 -0.051262968946522644
229168 0.14071594268189205
125314 -0.0899217826713653
331249 0.051486265759508154
435332 -0.0021280124366319275
435257 0.06351237588824825
123121 0.03728829368249309
123277 0.08182031067494813
124528 -0.16472564690834954
434381 -0.0705071940783877
331483 0.03498437474159684
019499 0.04618067370520697
123922 0.03039996053032007
330532 -0.01193211299476702
435662 0.0034039547913940534
019283 0.00744580459943134
018845 0.13178339285939975
019295 0.005471720685291877
019073 0.0031494304341678613
018224 0.03142841975999392
227068 0.05366896586209776
125131 -0.004876505416881127
124723 -0.06559068292810928
331378 0.07452379583194865
330718 -0.017574775949106558
228547 -0.04995188673432688
123895 -0.021842236766949744
228247 0.03476004579207354
123928 0.035427093541787434
125401 -0.007881013221210905
018575 0.019491705203608455
018098 0.13160566793805123
227170 -0.019107170836064048
125731 -0.0727881483997969
227182 -0.14808650644925014
436022 -0.013960977123276631
434108 -0.004501690368646036
331459 0.05126454752787696
125191 -0.015561440047833464
125185 -0.011844573459356758
435725 0.003982490201477026
330373 -0.11431890943015842
227566 0.05552778266603008
434654 0.04760250297069033
332719 0.006298527186456303
435449 0.17100709311336745
435806 0.0030106083426447543
331258 0.029276446169265787
434420 -0.07343926992925133
125008 0.03565162237146277
435992 -0.004010818259425896
018047 0.08829017681389405
331519 0.05268332664230019
017594 -0.030698207433750565
229195 0.057459235094200464
018758 0.12071795911794837
020240 0.10904402036515494
226987 0.045380268508823624
017816 -0.12311507663938094
018695 -0.08160998240723827
125566 0.010533251365766917
124372 -0.04064781568229732
019307 0.0018216585485775925
227416 -0.04838110435783238
435296 0.06666827769218098
435899 -0.01037853065921249
017819 -0.07787713555072565
020198 0.021409658739319094
331897 0.037269639592679836
018857 0.14175025528941176
330166 0.0067393742377632425
332236 0.08459171334381488
435518 0.028295214455210715
436136 -0.023649181040666163
434900 0.10982294389942007
229351 -0.10171641145621811
435203 0.09058126313236606
125725 -0.04496738126661063
124087 -0.04349134348573376
434810 -0.07371393351688059
125344 -0.08003538004351718
434180 0.08133401292067637
434198 0.04130917957495758
330937 -0.12661832335854872
020012 -0.04363595507948562
123961 0.03839897056003544
019406 0.09630228845359179
331240 0.06089879246263778
124798 -0.11864343514480095
227281 0.0656491469252922
435668 0.004053510016644638
332380 0.010302650161517069
330613 0.10699047698601931
019175 0.05476210217448274
229108 0.0931846572558514
124213 -0.04737493947750839
331858 0.02013621008690785
228154 -0.008598292866225186
229147 0.05912657706495808
123763 -0.10207027582965707
435389 0.04776745313815309
434576 -0.0702367840381868
330742 -0.03848842813497799
123151 -0.019673560327995707
331540 0.026685467817657637
124936 0.04173578824156365
229057 -0.05849198700173132
436205 -0.03633557339306658
435749 0.0057313363314375485
019517 0.10518913352620755
019280 0.010309958976037762
332641 0.007590608440007868
229288 -0.1671163811409701
227125 0.006609330028195871
330184 0.0661300425264643
435437 0.08897243687694935
227209 0.05854455179415011
020303 0.07974392111645079
332233 0.08274710291983893
124123 -0.024016702799352502
332338 0.03610827812344824
017717 0.025041729041355047
330565 0.019606455388219913
434582 -0.08883739241174408
125668 -0.10156676872501827
229099 0.042495323776818375
017615 -0.13406869527428128
330436 0.07644873529143917
018569 -0.008615149704751439
227113 0.010915706259125501
124996 0.040226013700133276
019238 0.06053405071366681
436337 -0.13226600808360298
125104 0.05290781141864876
017783 -0.06679319739132918
019235 0.06430007495700195
434222 0.03144129683808098
227215 0.12875711365909673
330886 -0.07004873379544838
227515 -0.12601315435156646
123673 -0.08394767594715905
435545 0.030565272431723557
331438 0.060886384508392774
434450 -0.05730110639636601
435083 0.05359507454518008
331813 0.1430364529318377
123643 -0.021893581975658584
124981 0.06352614076491156
227812 -0.049719467283188136
123904 -0.0012269924217770622
226900 0.026570200753522073
330421 0.1276376373480329
124489 -0.10994055016511152
227572 0.10584110426167766
434093 -0.0009379191982625709
330541 -0.05151939845209365
435926 -0.01283846260825329
125443 0.10390992005575993
018344 -0.1968913791566509
229282 -0.16212150025292646
330535 -0.017666629489736418
435644 0.017711963743414966
436265 -0.09232788031105431
020075 -0.12735333034466742
018824 0.1053713757135597
124300 0.04794393409718503
125773 -0.06122091779186939
123421 0.038156956132539076
227797 -0.16842480112578212
229384 -0.00224570889990261
124447 -0.08675469932547249
227227 0.15240727686289063
332152 0.08548536497261239
331093 0.06356640277041982
332701 0.004244772825798768
125125 -0.0066811832612794515
434570 -0.10831920091967549
123529 -0.020905364162265645
124189 -0.03381087839728811
331774 0.03477019810834062
433748 0.027509224476432313
227146 0.021543713370974927
229060 -0.022734708864402337
018491 0.007827872159473856
331201 0.09270033376100029
228544 0.002269406885440241
433895 0.009017145232737646
330760 0.04656408031675211
228721 0.025465536927446058
330385 -0.022350526265736463
226975 0.061644252557529325
017831 0.08624980935426983
019712 -0.08261666511789774
227224 0.1565270524951081
125749 0.005631799818108326
228148 0.02957923596567635
228037 0.08660452869547394
018974 0.077479502567291
124819 -0.0892930108201545
331237 0.022481956447478413
018560 -0.050088914871569225
228772 0.15261064564197585
433667 0.03673478323428784
018818 0.1094645747260955
436244 -0.05068673672839681
019610 0.07831222273811463
330889 -0.05526581466453551
019550 0.17418714208097566
125071 0.04493634104154877
433700 0.06913717642899543
226849 0.08081109512311915
124672 -0.009678340878314574
332419 0.025389607997900326
331177 0.01395698483858026
435602 -0.031277010877747244
019259 0.014442936060461875
227968 -0.10580674432710122
228553 -0.08796021146349411
125782 -0.05003937381146754
226711 0.05844153360326764
435563 0.03196816882905858
123289 0.06516213438067103
124192 -0.03178354317623249
018959 0.05035782090964772
435290 0.07461120547770694
229144 0.06938512887149621
123613 -0.04692603473943132
331213 0.17059434814933871
331084 0.07839936122479674
227368 0.006868285776613265
125620 -0.18399144333950015
435461 0.07592200290866677
434288 -0.035606300255210575
331321 0.04772189055403618
018788 0.05664291277344562
124480 -0.07227151778605938
019457 0.030488631551345218
332224 0.0837791030110751
331216 0.15655524684114527
019082 0.03570334038284374
019658 -0.07204387275730123
331975 0.0006717692934877737
125188 -0.01733998808509859
436217 -0.04152057590709277
227641 -0.12162670601845052
125059 0.05314148431957041
123817 -0.010633498576431453
435803 0.007861660622442892
434999 -0.012383706576987012
332830 -0.030866092048480075
433898 0.0394285128946351
125389 -0.09330283205052352
436100 -0.01282635705897292
227548 -0.027732344108510953
019286 -0.0018664481908673048
436094 -0.01581652428448023
331456 0.049372562824501
017579 -0.04954148819925951
434300 -0.037115261589230585
331387 0.05748028577890414
124660 0.020567745463793936
017753 0.003471827474275309
435488 0.03412626061592651
229339 -0.20280216181319613
330847 0.09786005146176366
436277 -0.09341025903770664
229045 -0.034370740088512326
435773 0.005970771177651971
123145 0.01297218424523977
330772 0.08863248481255478
227485 -0.06482564447597731
331435 0.05541186107402446
332248 0.08462653994870173
435650 0.015739747101835035
019019 -0.11356676385102141
125143 0.003347492136350926
125056 0.05433771068227832
435326 0.007069027800487208
123223 0.010618148488560825
124579 -0.012120254003715702
330679 -0.07939764636059278
018866 0.13932524443451474
330298 0.03336337689589822
018950 0.04960881686218685
332413 0.023637645423693746
019568 0.2103614826718855
332401 0.017951908494445137
017873 0.13075793674916913
331273 -0.07069382330030524
330727 0.0003394540086444166
123445 0.002404767693565526
435629 -0.04481620418945749
436082 -0.04954144107502615
330493 0.04829522352849046
229189 -0.00730164279800699
435782 0.010162508775782295
330514 0.04257110349925947
227203 -0.01588680541510045
125101 0.03984394774208275
020237 0.1291365433228079
434240 0.12862398411363765
228517 -0.06046239685250263
331984 0.01008846558813479
435314 0.032405436159266145
229399 -0.09135987004663192
123229 0.005773871554004712
436004 -0.005887568884110606
434048 0.026261678494807535
332431 0.029433355611367337
435287 0.08628647770157452
020201 0.01267547327338527
330781 -0.02619085847036296
227194 -0.12339970550697055
228916 0.12869311300493208
123658 -0.04348630022914791
331096 0.05686172072031324
018755 0.14425989270907397
434765 -0.01686668592888313
332620 -0.01934699465547901
018548 -0.05206456961797263
124891 -0.12977373574162368
435587 0.020956788152654945
436076 -0.07182644826035402
228541 0.03980114768095142
434006 0.022661101153059356
228484 -0.027780498239822583
226906 0.03372319923146515
018008 -0.15211556367417
125737 -0.04522406957330751
123667 -0.045379280450287794
332221 0.08257395731468754
227263 0.07676365727125996
229174 0.06795789242237485
331492 0.004924207686454365
228421 0.063964362200579
227512 -0.1415667095352312
124006 0.08529491095132652
434417 -0.07643966285391701
228457 0.032103264288481294
331708 0.03448160060001415
017822 -0.03714582724940211
017600 -0.09595022999020845
226927 0.04459039406695997
227482 -0.055650562636152985
435338 -0.014840799035455375
229027 0.007620103211441183
124051 -0.1475383623366336
020267 0.11529553517021673
434972 -0.1019486762730042
228268 0.16041949221248006
330799 0.02778194482340992
331228 0.1008845156970067
332689 -0.0071800471443429475
017792 -0.0746097580814848
435284 0.09043385783831277
123412 0.09566155085570964
228910 0.16709575787742612
019268 0.013364002315809089
227386 0.0024633075455622135
330673 -0.04820155826987437
227284 0.07081210238006647
228097 0.05313640529970408
228223 -0.09349769997441569
228460 0.0430451637596471
124450 -0.07860446872014494
331513 0.03591453385634162
331144 0.11076573648023112
229048 -0.04151942160345939
229129 0.0706951050844992
228319 0.04859840073183166
331741 0.12887166236855338
125791 -0.13012925268494038
227494 -0.10580371628777098
330205 0.019395887256376608
227785 -0.12503830845322425
331819 0.15217624755573667
331045 0.0021677544007342718
227053 0.10769893405051316
435869 -0.057746477542654495
332710 0.006777419639219392
228571 -0.0020624508849689345
228346 -0.15123466904851054
228424 0.0488337139539592
229198 0.06718144124813465
332416 0.02666993410482715
436025 -0.018544789729708556
228919 0.11488754070068088
125623 -0.1913453566680123
017882 0.13514075349704383
123598 -0.012764691624135852
332818 -0.022005083048297545
229138 0.14399061722097814
434054 0.032092314632491854
226726 0.00020449284922417
434852 -0.020370307951164207
228751 0.09094145551567737
124756 -0.0900518773004801
018074 0.1927072446495495
226879 0.035636416341633864
331930 0.14958300249429554
228550 -0.08196296278677258
436088 -0.031168925060740878
229387 0.02038446943137209
019361 -0.0054446513799922425
124885 -0.12129023392754097
330988 0.07799977765945258
018842 0.11010071755627607
331996 0.019442267222091483
331576 0.03240749681759261
330319 0.010506427472760498
125803 -0.18143196470812145
331417 0.05351666027005659
125716 -0.13712112629224385
435197 0.059728396717760125
123670 -0.06167090822417605
125794 -0.1536625657236987
226855 0.07425846349633396
332323 0.050181336111439614
331354 0.0680299543641943
434255 0.07245084313651537
228109 0.0228701993925561
435161 0.0898230492028916
331516 0.05511356379572379
331840 0.0054642189010492845
332824 -0.02469024476006382
436226 -0.041128634722777765
332782 -0.012133234011742947
433754 0.019249754560892333
123475 0.04642767839233808
123958 0.06592381229923942
435671 0.005190170558310709
227131 0.019572077703695536
125635 -0.18928836321198297
123886 -0.013607394545964656
019121 0.1316116969473127
124495 -0.12826526457467288
229165 0.07993547447846303
227578 0.09133128891254784
434072 0.013996657529570989
332683 -0.009846420217820813
124810 -0.09652904728870743
123253 0.11001676806805886
331939 0.06271225230036376
435272 0.08746015032875482
123826 -0.17017277501123687
123712 -0.05775137962724166
331633 -0.04805845501110638
229216 0.00038852474535496797
228796 0.1881605741236116
226981 0.05409488702615357
124663 0.01588666566875517
020258 0.11556063033810658
125227 -0.01221231110241949
435986 -0.0020416688569862562
124828 -0.08633141059230491
435794 0.007963512516215299
435293 0.07164064221421387
123361 0.14640618135164066
123652 -0.022487970415840174
435608 -0.053707363189857915
229372 -0.0029728145162559176
123439 0.08013047828928173
018029 -0.07651299209855947
124585 -0.014338999467873252
330325 0.0012878029670728352
435365 0.046022284941369423
227137 0.046297044631526695
229285 -0.16763536107425392
226780 0.1631012847675535
123766 -0.12144693884921896
330745 -0.020706561186888794
125032 0.08111498596534625
125122 0.014134056408167915
228094 0.06336183333645772
020165 0.07577689453117853
331072 0.08509740099308435
435059 0.07855744133826166
434879 0.08841810795648375
330925 -0.11208199990778264
229228 -0.05521581391920945
124921 -0.013338077066378132
125158 0.012349746668305647
123664 -0.05409132786112756
331630 -0.050461102818165654
123118 0.018614551808538857
330199 0.03757371261407688
330364 -0.06721776510023708
435269 0.07439471458577503
330574 -0.0032645257335217758
332779 -0.016712814306244494
436355 -0.13549179781161927
226732 0.10033269473771622
435044 0.11074560956093744
228286 0.09279108093362542
436346 -0.13386784472471727
228130 0.04587384623170177
330622 0.04559610165350618
331375 0.07331033435924811
332797 -0.012521880934895247
124645 0.037753874860140056
433904 0.0230395500266138
123409 0.06764970048922099
019346 -0.003697125671227386
227989 -0.025184751793772837
228250 0.030921925676337215
227338 -0.035121993478183546
019322 -0.012803492945634778
228025 -0.04995838167915844
330919 -0.03945566925257409
332137 0.08015949490047282
123649 -0.016874053795197328
434027 -0.04724676224062162
018512 0.10649129806241768
123526 -0.03625556772704615
330142 -0.004673161728392517
227917 -0.10149645759684828
436187 -0.0346870181530798
227308 0.05719076353472252
228709 0.060336760942134575
228220 -0.08702554352627544
227542 -0.06088526000827303
125317 -0.08464535721687674
331807 0.13568491720964038
435521 0.026087944891540593
331504 -0.039515950709279664
332161 0.0826042352696797
435617 -0.07358930104179744
436319 -0.08919334145399704
435842 -0.04759591286883179
229018 0.0895863046858358
434369 -0.07157316308112938
331159 -0.0032864708407108947
123241 0.0360625288350434
019181 0.05707870061851553
332755 0.0030603882162829723
332800 -0.011710441246054342
435002 -0.0326926531537212
019505 0.038096415560308676
330634 0.062495464200331224
227707 -0.047497408096440555
331831 0.04690399602747074
124642 0.026682312196014094
018212 0.0685074854464758
226891 0.016306823270599114
227695 -0.054831204220988645
332113 0.05830117845311559
434876 0.1128904822663811
331300 0.10713082226201298
331111 0.043685458035405016
017804 -0.12211054100406814
331081 0.07694377000625428
124561 -0.1056396568656528
434708 0.020101418448208896
434423 -0.07329653417461252
125152 0.009663153124649937
332212 0.06356592718677782
124210 -0.04018672454730576
434663 -0.018213504639567526
019424 0.14533008510610662
018200 0.11345306820970363
125473 -0.12893433425981798
330676 -0.0570060541059942
019079 0.034317316497489994
227698 -0.06583229861448225
332377 0.01959304092800806
123577 -0.08531292243508842
228211 -0.07796614731375145
017693 0.03298871819786155
229015 0.04053557035541651
331846 -0.05942278070607103
124825 -0.08975916939814949
018026 -0.08624521586036174
332362 0.029061279490930316
434936 -0.0537432827351748
435845 -0.040749864958854486
123898 -0.008930976981153192
332665 -0.005462515310585077
330757 0.04641909892310197
228823 0.08169847196589487
332200 0.05919251372412526
124063 0.016504826186809412
228811 0.13552692561179006
227149 0.010662182105428238
330439 0.0806611534782119
226954 0.06013968323392456
227800 -0.17593676954828094
125170 -0.009903961437214795
227725 0.018574177325572684
125254 -0.04681335258995067
434057 0.036786042972667056
125464 -0.08975933320010342
125800 -0.18987668268819247
125719 -0.1039355650945886
123352 -0.018640186590046275
434588 -0.026992873576925498
332653 -0.0007819221336355729
434138 -0.011555750633265569
435440 0.12656874858189623
123469 0.09653230425849914
227749 -0.12988735450146044
228874 0.10568145663422181
124633 0.025550561813569544
227095 -0.009480398853205577
330682 -0.0820684108564627
228181 -0.023796702746516116
124033 -0.033326313022460384
018953 0.04421361443123138
226915 0.03770826196666463
332134 0.07879045128293823
124375 -0.04923243969328786
330694 -0.08798254203535333
332344 0.04217710337801498
435920 -0.010500266418971583
436157 -0.020515236564390155
226909 0.02663945275570383
226741 0.07481701321414932
331078 0.08469457412877725
019565 0.19487337893750295
434063 0.029762129733499072
227977 -0.1034172854047937
436070 -0.07133800994155501
019523 0.04253793769211405
018179 0.10967301463771548
227236 0.13734913740816163
226993 0.04335336692958922
330775 0.03860739193938855
330520 0.036454608160459305
434462 -0.043809491968948774
435020 -0.03957366843631198
125338 0.030531454111295174
331621 -0.08943484232554401
434147 -0.10181128667036833
018848 0.13411580731967834
123832 -0.19321602428643547
331804 0.06214413422418723
229276 -0.15310986863774287
330331 -0.006024597016974823
229126 0.054833334717388535
435263 0.0748316745495904
436178 -0.008324886723638686
433877 -0.020264965608722485
331168 0.004176181554794311
227839 -0.2087272682478111
228079 0.07808455315344685
124567 -0.045524420109819844
434051 0.03999214551117863
433673 0.06843614111364588
018578 0.005599835562327548
123943 0.10356337152713191
331255 0.0012558791325205743
125266 0.018513399551158615
229036 0.057569305440116146
124843 -0.09109333721017955
018089 0.08942198752685937
019397 0.1151092430981244
434951 -0.02624009671911446
226750 0.062056320040116214
434846 -0.042700384110099694
018413 0.003678477487064086
436181 -0.014843789826456552
435734 0.00589809862202856
436295 -0.06739441044002789
018797 0.05276643878015442
226786 0.16008933551450516
331666 -0.0010950133155450117
124537 -0.1683445407391656
018041 0.0021599042613797206
434888 0.10943459911059593
229237 -0.01799464123602422
017867 0.13221416782705006
019454 0.03652846968907823
435236 0.03589077293197044
330157 -0.02886545696471698
123286 0.06415855474572962
020168 0.05907479440563057
331315 0.11522246043395724
229171 0.1216333715130452
123310 0.12032534961389231
123907 0.023998188901395177
434201 0.04519174680018175
019718 -0.14213975412505014
435362 0.025742749827976485
330739 -0.03856397195963735
123727 -0.02071674665321747
434213 0.029943705038433292
330352 0.0578105553007041
435395 0.05350788157336046
330472 0.13381237399363216
228676 0.09261279150153101
018035 -0.04459025731588547
124417 -0.11922020440098283
125167 -0.004748835905048806
228253 0.04041646476745325
123181 -0.08356985263385651
331981 0.009906863226657802
227176 -0.08015481682881523
229024 -0.022000611445424968
017771 -0.09635207853239701
019310 -0.002853949621343014
018083 0.1347994602881433
435593 0.012327219350284146
435983 -0.004668605957396797
125704 -0.09398644347453403
227008 0.04298623088587968
227692 -0.019040568625505593
123631 0.005083662603769087
228262 0.10769248635008717
433853 -0.02254546771013027
228574 0.020537950588869133
124564 -0.08797331885011254
124636 0.02473736496990239
019274 0.011755257953619888
435665 0.0039310169296198115
227629 -0.0819000989898803
330898 -0.03956154917298909
434126 0.05305901327005427
227869 -0.20475798629630057
125545 -0.03433706928805669
124348 0.009049061582742641
228973 0.008373123927190378
331999 0.020629141187841277
018266 -0.038059139759320064
019943 -0.0658216459836592
433856 -0.028514710016744445
020246 0.10976440609593092
332326 0.04582628217481432
124228 -0.027417897606836213
124369 -0.014470749292147105
331195 0.05145542639236903
123688 -0.07906321353204024
124591 0.013684693446605363
227134 0.030420858778884622
017750 -0.01868783537419467
433901 0.020847650765301616
331090 0.07085718210027543
226963 0.06100064774674035
019256 0.01998067617449006
436241 -0.049466261112958515
433772 0.020041078444924303
018983 0.08209467702479717
435014 -0.05820799231905841
434483 -0.08785858488636135
228280 0.09017747163846788
017894 0.1155058331764306
227719 -0.019278831550534583
434432 -0.07372514288641155
435590 0.01639146423368796
125284 -0.013761559259735743
434990 -0.04337152847984961
434156 -0.11187703953029927
330463 0.07046107902659568
229225 -0.04597210695839791
019643 0.06970822551873608
123370 0.11305534656301731
123397 0.06200402945327292
123784 -0.04065422200242207
435683 0.008906588408269496
332341 0.04046446997256431
331669 0.007508396919192253
017951 -0.04429809215252632
018749 0.17683549190054135
331150 0.059559983690090745
123949 0.1310091281550367
229000 -0.0722624778672866
019025 -0.1393123882876023
017924 0.09406004000643757
330481 0.04877123148229338
124141 0.08958264362093002
019217 0.06977822297777321
433676 0.0940912335374073
227650 -0.09423090737250474
331180 0.031886220069479485
228937 0.004198414181906074
227527 -0.08867588936019594
123556 0.10105062709591847
019721 -0.09909750209120807
332209 0.060478111136527284
124759 -0.09565619897043434
330850 0.07021236899701776
124231 -0.002334438981092485
229156 0.03959423316066988
018665 0.12942607361656241
332731 -0.01345105095561075
229249 0.03159410571583063
228742 0.06765531286936433
330412 0.15215235370267208
227473 -0.11100957325284547
125752 -0.017648211213655875
123322 0.05063385852805043
436040 -0.023252106282620016
331069 0.07531256165035867
018914 -0.03193894158950243
434756 0.011857083758569496
227065 0.07393112294046021
332722 -0.000337699526234677
331426 0.0673086545009536
018923 -0.0014858953782304846
227278 0.05205733068260588
331027 0.0767771980944822
228310 0.04147454308722305
434204 0.052954788051840535
435767 0.0030249873774654693
124558 -0.12166358860038265
436334 -0.1300389859859807
434993 0.009638940654390422
332170 0.05336681956779133
124894 -0.1138025213506433
435815 -0.012493356859452721
019136 0.06568759990972592
436028 -0.018654077128826933
330355 0.037623703414857324
332728 -0.015388497562912254
436154 -0.021010650834070065
125203 -0.00976485181533266
018740 0.09063839878943837
123325 0.05311341992344392
226864 0.06532505812983076
123448 0.041163791584093966
435746 0.00847607029253868
227206 0.01987343756548014
018692 -0.06070337779390351
123265 0.12050286558301898
436061 -0.035421636254250564
123226 0.02430975636514549
228556 -0.08201953997838335
436118 -0.014298711001098932
330388 0.008603364187961768
330403 0.14621664275357005
123313 0.10425794694535394
017810 -0.13637498499039474
124726 -0.06467483742526665
019985 -0.06916561756002111
123634 -0.02072171982236874
229102 0.10397326114884416
435851 -0.04300407869098911
123133 -0.08779901126941675
019037 -0.2005224579209174
228205 -0.07297600031295966
125212 -0.009901690858578865
330499 0.045484684453856374
123136 -0.04140769310327836
435995 -0.005969866396922201
125788 -0.09558955191358819
331102 0.05516266169142069
434747 -0.01341477103959014
124090 -0.08565650455700498
019055 -0.08406537668663962
435956 -0.010689764788571103
123247 0.07618847535209515
229030 0.04676639214195858
434024 -0.03978856517779426
227326 0.01970502944062294
332203 0.057618519690974035
228985 0.04166498400548412
019157 0.08798646754007491
228511 -0.01767556797289531
331654 0.09271466472374819
330310 0.020894837911686028
019388 0.02196321997085818
330406 0.15316670637106092
229084 -0.02206289749497473
125347 -0.10810139105406857
330169 0.01111381995245133
435932 -0.013006529757605523
436331 -0.12473898142660991
331204 0.13040004629688787
331783 0.034896647894969546
228568 -0.02572429784499618
018044 0.05281950752660931
226876 0.037393379731184985
229033 0.07025658911837764
229120 0.05011697843612889
435539 0.028781920329553602
331474 0.03069899957066268
125206 -0.0039600948195533765
228433 0.03184769699931678
434345 -0.00027481541005596334
017786 -0.05482225641030018
332131 0.07869065317584024
330517 0.03328755120744551
019187 0.054927063288154124
017681 0.034792764863920835
330652 0.04875613344607493
124888 -0.12199915216855127
123835 -0.21645763664551865
124081 -0.0020775172483165137
020294 0.09707499129806904
330721 0.03412377257630905
436253 -0.061972875049945746
123331 0.030311163857062492
435500 0.07540063721380541
227098 -0.01359848621792384
019067 -0.02677863907071159
228988 -0.018387123452281648
332104 0.05541537778430707
125734 -0.0631842993719155
228115 0.011770575924609141
226873 0.04350338069145875
228049 0.06353077665843784
433715 0.09087392816939771
019511 0.12480062554859699
228529 -0.030282829252760587
020210 0.06427355516176338
331369 0.07373810863000442
124684 -0.027453921408035327
018086 0.09950102229992265
020273 0.11769679367892401
330523 0.020614937977407936
436313 -0.06470123915149756
227668 -0.02044502057930983
332629 0.0005868611006111351
124225 -0.03861321189404886
228478 -0.022541570944467022
330823 0.0154291284970908
330769 0.1094382350944885
330178 0.05788475815773505
331642 -0.03410439280377339
125044 0.07425157583959283
330322 0.0008078246031107653
124150 0.008912188357305508
020078 -0.1287739370636438
019142 0.0713619362515513
019991 -0.011471199752896885
123700 0.046574606463861634
436148 -0.021913806876922928
330883 -0.0941565937894275
125458 0.028658322975972556
124138 0.13077078488072738
331528 0.044380498904614714
331612 -0.012374506224635139
226858 0.07476015698096589
228022 -0.07472405672520233
331048 -0.0012518004573158017
330844 0.11650837019460605
227950 -0.08794554098797956
226936 0.07003980984325527
435953 0.005752199947526061
125053 0.06185807958983605
331501 -0.029600485602391948
228418 0.06079755116730443
435473 0.01752064335528095
434402 -0.07179680617645508
018551 -0.06232335191268974
123511 -0.04044662523113824
436151 -0.022688218309173204
332608 -1.592716043136811e-05
123754 0.0735277406322383
017954 -0.06052780546726494
228298 0.08615461280610826
434186 0.06540244822934868
018941 0.025990060158110406
124621 0.009285521846229494
332437 0.031783788367552676
331561 0.025449338817695746
229207 0.0669083693195386
330832 -0.03884317451748231
228946 0.0013232371074584832
332443 0.030063719561374797
436175 -0.006720854782599934
125593 -0.08762020218514487
124324 -0.02254361118260049
017711 0.06015292371713424
331327 0.03612798073140084
124612 0.00046314225196034055
434738 -0.017255527554686494
434375 -0.0727514020535608
018872 0.1310267525703824
018671 0.07895065757810486
018815 0.11827553260411561
227827 -0.18838888350805957
125089 0.03127779549856055
330382 -0.06153711223207398
227452 -0.10839339279268458
124744 -0.07136957224412932
434567 -0.11986831100349805
436322 -0.0994232071360463
228004 -0.09338667933362411
330805 -0.00741487761079482
435839 -0.046369832172064154
123955 0.09140106193011714
435248 0.03552489521516469
123553 0.1072993918247422
332674 -0.009422810556629399
331966 0.0106925415516483
331936 0.09985722615521582
124015 0.023187512984237917
332269 0.08311166122680709
019328 -0.005100613666292529
228925 0.029831442434415194
332368 0.03382477650196144
332725 -0.012552170755922699
433742 0.04697653323276544
123484 0.05497050034219849
436145 -0.02540890149220196
434741 -0.014866769191080693
330841 0.1277783867929592
331816 0.16155234139508592
019316 -0.006158664375806401
018617 -0.071757692006874
433670 0.05115971221359825
124180 -0.03895204353121415
227545 -0.04333615136490672
331573 0.028070690732023132
019448 0.0879875682033397
125095 0.023447519219370088
228475 -0.016312154087639218
330175 0.026417597004624656
435305 0.04482086819187116
017678 0.010137295738951939
436223 -0.038648197923810336
123301 0.11646096006587349
434456 -0.03856984270851698
124879 -0.12216813065407697
229240 0.0034067022684752743
332020 0.0365172086829408
124774 -0.10468942216485
227311 0.05184202265627017
331294 -0.020597205595924956
019418 0.1604683637558789
123811 0.03960142990834774
123298 0.11247533703196869
434891 0.13059763051123027
435494 0.03765018771133949
227974 -0.10832926347616413
228958 -0.01886297477662036
018272 0.063324681674055
125395 -0.09814594803243298
228514 -0.047606118121418094
124768 -0.1285812867152413
017606 -0.12305010951154538
226729 0.07789946497085103
435266 0.07744092117183951
123154 0.007691917708671563
124963 0.03399800770775703
435026 -0.004867380493742656
436232 -0.047693154224489984
434678 -0.028001929267363234
331120 0.019003801979485105
228736 0.06783092152506866
124681 -0.027367271314556508
125176 -0.008534269135769086
433712 0.0764869228089338
435896 -0.009759324242354338
017627 -0.15778703017270365
331270 -0.050636369807130065
227104 -0.018331286811006823
331393 0.05360253695285682
331843 -0.04141172646888512
018908 0.038340500251608726
330376 -0.08881291643193098
019436 0.014795348273473353
228904 0.21932437876167346
434294 -0.04315699525107345
019367 0.0074605050809822045
332263 0.08936784434673616
017969 -0.12979998535360718
123802 -0.057780318089775864
435035 0.09575826631635435
018095 0.11410658398230754
435635 -0.002603082968921944
229180 0.007201749712862016
017957 -0.07587958480848934
227443 -0.10639891925030794
332716 0.00563112056075404
019997 0.020358843652828973
332446 0.03401204727635994
227164 0.0006770016100475828
435809 0.0003587303686504005
124600 0.023390644840861317
123415 0.11264262487902589
227419 -0.05153733879883216
330589 0.006821105035046403
123724 -0.045484033364997234
435524 0.026787158363101728
227380 0.030381630903734393
228178 -0.007332535201301897
226897 0.02218299479021332
124501 -0.150135885498747
018725 0.03329866233283135
123328 0.052159043358770155
020045 -0.1518629208507439
125140 -0.0011909597862838218
434459 -0.03294792118406118
226768 0.13456338250108027
331768 0.050257636122863034
228952 -0.013517345976175862
124657 0.021509295264982877
124669 -0.01183509229986456
123808 0.019210660575723622
331399 0.05601367922146053
330295 0.032277132130598844
125755 -0.017089327342897868
331924 0.12793381437511434
228766 0.14366831082028422
018707 -0.1124575021520379
124786 -0.10931952934839048
331339 0.028326546623707104
435425 0.04366449161546792
434084 0.0036768813927968358
019946 -0.09683632727412216
434912 0.013907843045460616
434372 -0.07440988454028201
125302 -0.030338452590521748
020027 -0.2036245524934732
433892 0.024945857285947143
227479 -0.09099729154301893
124984 0.060417699080374976
228505 -0.007253237515447083
229093 -0.0012125381332858817
228202 -0.07245384627404734
330976 0.07083216250994742
435833 -0.046674363601400475
017609 -0.11253639007635041
227410 -0.0367662571038306
434828 0.028919921623587995
228187 -0.045023021962907576
018062 0.1280150223200429
228265 0.13487512078452255
228031 0.041117433931227805
019106 0.029859529326969607
125590 -0.041815865979653435
020036 -0.1361075205754109
124195 -0.019157859839687052
123292 0.07611462553483463
332770 -0.013453912532079127
332848 -0.03409615563172681
019247 0.02872155006467649
019034 -0.20708915088457788
227221 0.1384015053261918
125362 -0.14467251566542677
331087 0.07351414672405747
435791 0.009857902642640753
124441 -0.11299994912133488
123238 0.026846725275952162
123334 0.045217516980834496
228979 0.10501162228387903
332353 0.02754039503030136
331489 0.01536447471353931
435971 -0.02325193335204811
019250 0.026413857888923118
018467 0.005396983506112868
331495 -0.0008348337447256489
228352 -0.15327078583994624
227710 -0.04543865644993751
123406 0.02081008560595995
332713 0.003987613476191112
331108 0.05597690709885133
124576 0.01452063368899482
434837 0.03310567065920561
123628 0.0025201760468974875
434135 0.0138590287874793
331231 0.07202122775657492
436301 -0.031876595385813965
229402 -0.02108356174903289
124045 -0.09795603384400668
019112 0.04182166176974639
435260 0.0774135776174255
019031 -0.16818319489716224
330754 0.04697327611847973
124912 -0.05017715108370562
331429 0.06652080646850507
017813 -0.13053873560052529
332410 0.014952729455566471
434099 0.0036431232579674333
332764 -0.006418607320360025
125488 0.008413067556196632
435719 0.020807494108618103
019493 0.03492041734015269
125182 -0.018659085721091834
434159 -0.07579483395479922
435386 0.03644064276424787
226984 0.04833350045225335
435335 -0.005642937345864523
123742 0.017569775020215603
435884 -0.01330540209270912
331291 -0.03483000771480917
331870 0.014145107049650102
331342 0.0339085581559549
125674 -0.09280008849088667
228499 0.013866686856141269
227071 0.0481263186918534
227161 0.0008290335614088028
435377 0.046595435300787275
434060 0.03506470709037741
228016 -0.10119843017962267
017741 -0.05541889573484731
019544 0.1511902277507817
226969 0.06889831446481608
017768 -0.09803609354313088
228208 -0.08601233506727204
434162 -0.07679316139120645
330670 -0.010083855798246553
017885 0.13040637140405376
331915 0.024903469148975562
125596 -0.10991122473753841
227953 -0.04135798221611019
228019 -0.09415824059158928
434963 -0.07277005539803476
331510 0.0012839134890380959
123574 -0.07302951489659186
019229 0.0690587301778411
331003 0.03691294042684881
123271 0.09319067414604458
123568 -0.021437662602958842
331000 0.03939897441632176
124465 -0.03695574992116538
331756 0.09090407858449945
018260 -0.0681927163085658
227038 0.042098386088581984
229255 -0.034123641035974706
019400 0.119715607914528
125797 -0.1785328347012744
