436067 0.00015240983357505208
227743 -0.026956880281841945
020222 -0.09039672841031936
229081 -0.02630563158436198
125077 -0.05724423751055822
434039 -0.051037105677003744
227455 -0.005287590611483401
226843 -0.041958480194853015
124990 -0.08166836698849995
123736 -0.011387095959719056
332260 0.0028515467568049355
124186 0.018797139326731365
228907 -0.024089520376389426
227734 -0.018094944424099393
020084 nan
229303 -0.019516404623988095
124651 -0.022875215562563094
228184 -0.07369490268763638
228844 -0.06130186610112061
019016 -0.050196720229613544
227476 0.006728645354982406
018068 -0.03852166366365028
332116 0.005064521517072405
332434 -0.008648675585549975
229123 -0.02593193167731875
018719 -0.03201225714746701
331105 -0.0491562793704778
434012 -0.030130606185977786
331405 nan
125260 -0.03567401459968549
124603 0.0049625378029019215
228496 -0.011437582591223338
019124 -0.0134838687049018
436034 -0.016186426556299604
227764 -0.050249212018011885
226765 -0.025182556841355883
436007 -0.01022045479880439
434996 0.04790795503068623
434408 -0.02727661600528231
017825 -0.028179558780458237
435674 nan
433790 -0.038003637677147276
435968 -0.0037727501927589885
331057 -0.06624963001809632
228007 -0.056354394165231164
123172 -0.011489430063675534
330793 -0.04708464326471669
018938 -0.016932044801403458
018218 nan
125815 -0.025467450514485318
229300 -0.013573966469223675
331852 0.019167782681869534
435788 -0.031034132475575446
332827 0.01616651013504801
124168 nan
434150 -0.046418727390349857
227659 -0.06293333901299371
125299 0.00716048794448691
125476 -0.0438205703856453
436046 0.00011878543429904515
227428 -0.045859379966325955
020264 -0.07514620824981734
018734 -0.08801261607616667
331588 0.0047623284009038185
124813 0.02161479293208419
433757 -0.009277700722872557
125329 -0.0067871671979186305
229246 -0.009979306992112932
124696 0.06517541786981007
123820 0.03873959626038736
436202 0.008586175858028353
123799 -0.08831032531328085
228340 -0.004865973452799778
125677 nan
433736 -0.035995812865755025
124474 nan
124177 0.037362371172223775
435677 nan
227524 -0.04190779987730779
227569 -0.02586359401451715
332857 0.015056412321583069
017690 -0.03445742245472032
019574 -0.07917248004328006
332017 -0.008504991751556615
331234 -0.03821343618725973
228151 -0.03013069625464276
227335 -0.0017495579189724393
227683 -0.01144310368431939
017636 -0.01942937035900908
124531 -0.00902700753579204
434906 -0.040458402713807684
125491 -0.07759774791911402
435554 -0.032927196555667455
435632 -0.02014265489325952
019292 -0.0021497786991179937
019796 nan
124540 -0.01567479707087467
226756 -0.01450241788641199
434744 -0.011511928519923172
123268 0.0553774649188632
332383 -0.004174951523069351
124354 nan
435095 -0.026254815189085727
331279 -0.004921747416325437
434480 0.0024876082823801398
228880 -0.04382524982331291
228799 -0.04707876391421639
228430 0.007583400691818512
434954 0.044417566171398866
330724 -0.09050306761512246
435398 -0.013374469898365162
227245 -0.022569555420059343
330913 -0.050218061196337115
019313 0.0032588073185512
124171 0.022892621459153592
435536 -0.03552341082739452
227122 -0.06002250434610436
227014 -0.02825946842306366
123841 0.022397167913423235
018452 -0.056308737759867666
332662 -0.007639767340542488
330616 -0.010988775818670925
227653 -0.09011731828962054
226789 -0.03493764657604834
434648 -0.02425441501449452
019304 0.004964740188033493
229192 -0.032428407164477806
331729 -0.046048931322994785
228763 -0.018818365608483486
017981 0.0017309132076445079
228730 0.006081625212464682
124003 -0.039934092364320814
125695 -0.010615425585619178
125542 -0.0008046263740176242
435527 -0.03562833203209771
227644 -0.07114150823452772
123985 0.0010053564195085648
436142 0.0084873842814612
228121 -0.06300582641210312
123739 -0.002029464993716087
228703 -0.02221789264332756
436289 0.011252945013826439
330778 -0.008046224760630773
019466 -0.018451477960756205
330733 nan
436019 -0.004401814748370458
435827 -0.025830762348477802
434945 0.06148330257052468
018020 -0.010231669633092228
434234 -0.06373927022656824
018038 -0.04758376473187853
019220 nan
330235 -0.010061007035292197
332815 0.02297630939099476
330715 -0.0630330340812416
229369 0.009540845040727742
020189 -0.010012035695915543
019199 nan
332686 -0.0030431014204782155
123685 -0.008971371515280432
124024 0.0015618177475752654
332026 -0.007259432096329947
125113 -0.08120060738766265
018875 nan
436274 0.007325542852435571
123139 -0.008373961572161094
125197 -0.0566519980287636
018893 -0.018084981706407335
123211 -0.06379766858258501
229243 -0.0071105457293487535
227257 nan
018446 -0.03789838996093319
124000 -0.028021950505115197
019133 -0.018858035405476887
227044 0.003723949794859296
124855 -0.06210876646496001
123274 0.03304169493377524
331552 -0.01362003720305879
017654 -0.042017007531378804
020015 nan
436190 -0.002165676752726237
020033 0.00013353298236797354
124504 0.0007557931289174199
019487 -0.06509283989194839
331444 0.010191098997064751
020285 -0.097025425632508
435758 nan
125680 nan
330340 -0.027410793289305672
018608 0.009030210488267257
331738 -0.008242089109618026
434720 -0.0037042705091849845
228226 -0.08037229079617682
435308 0.0017860916269806042
330904 -0.03719422817404622
330448 -0.044944897665728775
124834 0.04869259854473134
124381 nan
436160 nan
018689 -0.05744030230451733
435317 -0.004124858775905612
434111 -0.05934797768836265
017684 -0.045447061633080425
436106 -0.010635831256031722
123451 -0.06792489633861803
434987 0.09206327072887464
123130 -0.001651334384131053
124618 -0.02837518871986887
124534 -0.011362286892307288
020252 -0.06023539325375579
332452 nan
019271 -0.057242298883105086
331408 nan
434573 -0.0449421096157718
330838 -0.0396377138888842
124516 -0.0021121542289774245
228175 -0.0030691325138906115
435008 -0.026859717865008313
331450 0.009335681609342571
125134 -0.06391657443377316
227140 -0.0649627638151496
123382 -0.03876555452125559
228865 -0.07620081140750995
435824 -0.02650058723631359
435704 -0.03106170735031209
123295 0.04163094378389555
436124 0.0037774131411597847
330433 -0.03152661125592988
435038 -0.03753236408436404
331618 -0.009167142399881313
017708 -0.01977645171529123
227671 nan
123490 0.04730432866111634
123343 0.006774995560036567
330907 -0.03659340658237509
227554 0.000729333076047794
229087 -0.04048006906711235
331372 nan
331285 -0.03289378007429716
434174 -0.007459014502425649
434711 -0.010479178875135232
229009 -0.015905447812084833
017948 0.0024152589222741503
331465 0.005233321871076311
125005 -0.05950904735411056
124261 nan
434672 0.013914462713880173
434033 -0.039981491906637225
125332 -0.010536787814751316
229141 -0.02739560595868455
123442 -0.04575700781175069
331306 -0.04699245565523064
228325 0.007098009500492465
020276 -0.08745508597641397
229405 -0.004878032775152301
229039 -0.024843572842478026
229003 -0.004491127649192404
435881 -0.006757566198178992
123184 -0.023695178633078975
332392 -0.013030756087530227
228940 -0.0658031561214245
434438 -0.01813246929743016
123346 0.0292190187191837
229162 -0.05404010083940295
228403 0.012738277657791537
123967 -0.008244112490128698
228706 -0.045363574053244614
124735 -0.06291623824258559
436250 0.00875763132361605
330877 -0.03400313023636514
436109 -0.009589701490670042
017657 -0.03632953881717578
019244 nan
227092 -0.015060112255961955
020000 nan
331720 -0.029027687957863403
123418 -0.03343790727772366
227074 -0.025530468000839725
123919 -0.016935341858126864
331117 -0.0385190390816551
020138 -0.03225989543571674
331165 -0.007701710868945016
228835 -0.03300274937843661
331681 -0.060030792243148404
330409 -0.036622316782204296
434729 -0.019268858594959287
124066 0.02244562951345292
123199 -0.03101530501956031
332029 -0.005921626847887796
331549 -0.02285422804468963
227518 -0.01973652481492144
228271 -0.028827777525194647
123769 -0.025742301269053483
018869 -0.015311374866142475
330649 -0.0528861703781309
125776 -0.029390273500728602
435578 -0.027802479330194058
331948 0.03213856066642356
227392 -0.016830021670075506
124144 -0.023962987793816462
226999 -0.020609055919693947
018311 -0.010067858393230135
124738 -0.04961377539962688
019412 -0.014681762400606627
019928 -0.03869501600779192
227077 -0.023933594323278875
330853 -0.04915489601710486
018461 -0.014591275429239079
228307 0.02754570680951316
435140 nan
331987 0.023907953414364132
435164 -0.015713178922259617
227980 -0.023179927085557196
124159 nan
019619 -0.08150357604287191
330601 -0.028145415245096787
227323 0.0020573069809605837
125698 -0.011568478175571986
123934 -0.006499467624558343
019763 -0.03987256181303155
124009 -0.07213668782681877
332617 0.006338184459872874
331276 -0.0006782157384077353
019163 -0.04036196735170152
018119 -0.014587095108446524
018065 -0.03080838258869499
123364 -0.0026345022485025696
434009 -0.03312923704942261
332398 -0.00570048276709501
331891 0.0008452341154024199
125353 -0.036109843095047826
228997 -0.002262602832383082
125728 0.006464890491815261
330193 -0.010804688055363913
125785 -0.019817282913853887
019973 -0.002256914421364113
331075 nan
435647 nan
434069 -0.04827079142046254
228304 0.02463508376729191
435041 -0.03538391485780297
331954 0.011842682405754373
434177 -0.01398844973737637
229090 -0.04340531578040063
123622 -0.01018683494083465
018368 0.016232528383769686
331795 -0.02576429642933415
226933 0.026917939166803056
435557 -0.04642551642060837
227116 -0.0540177370633916
435092 -0.045321982482383984
228082 -0.004505586056482224
228535 -0.09529935536614868
226753 0.0016824873474077906
125467 0.02489797864641462
435374 nan
433784 -0.033732101608969035
436364 -0.024296246382294506
435575 -0.03370906436254108
017807 -0.06399138957735091
018290 -0.011581018992832728
436049 -0.0036640356457422647
331189 -0.023210623114981507
229234 -0.005147060163978006
124027 0.0032519892711652568
123340 -0.03489354347903625
018851 nan
434735 -0.01193055962071274
436229 -0.00977141702200132
229021 -0.027101800176832416
434144 -0.0555490074244216
124222 nan
331798 -0.02495226634409157
125722 0.018450582541035414
124876 -0.057545492025644664
124408 nan
018623 -0.003490037815545195
018980 nan
228085 -0.0003049038850926362
227365 nan
226978 -0.04611257789960873
123583 -0.024254070387946233
331531 -0.013677438100179035
436340 -0.030760168000138657
020219 -0.10967253616877963
123853 0.015980748728401172
330430 -0.030966989179402465
331777 -0.04154533370701549
018698 -0.012560963519369743
123541 0.08636282928406247
433688 -0.02790946115851137
123616 -0.011197824326772538
226948 -0.02819373896197667
229117 -0.02810653366109051
124693 0.0646972239963592
330880 -0.03783291192494878
123964 -0.019191537745616518
227521 -0.03182175431437564
019241 -0.016024501077712527
018056 0.004384696117102733
330787 -0.03636258229892835
020261 -0.0769849672939832
019994 0.009980097520575033
330484 -0.03342798055508436
433691 -0.032992501843333036
019169 -0.04496200500972687
019535 -0.012482508402022103
434714 -0.003510026704697383
227101 0.00907983698506454
435905 0.004393513713564191
228397 0.011885058196339362
020192 -0.021980534470270548
125599 0.02852165036731296
228592 0.02385518031094041
434216 -0.06033083171573597
124882 -0.06722990743877846
123436 -0.04723290161680159
227389 -0.029675932536049495
018557 nan
227908 -0.013523818363272955
229012 -0.02166901606195425
228052 -0.06361792186083273
125074 -0.055474335484885534
125536 -0.004338498977411117
229375 -0.026723142654176742
124363 0.04151655835536378
017738 0.049662587167514476
435074 -0.07658251343437124
435626 -0.0073273295447939925
123214 -0.06628917307182766
436328 6.424704917163803e-05
331639 0.016565532911391484
330658 -0.016868639687824944
020279 -0.09082663874842783
227023 -0.013876445862105746
331210 -0.043931618860498595
123256 0.025411262034787656
124444 0.0012305160657134153
020063 -0.03692612370485982
124207 nan
228328 0.0032892842141408777
228241 -0.028236333140914414
124714 0.0305895708045181
332833 0.011239590856375907
124468 0.012029664159916596
124093 -0.001988758170415485
330529 nan
330211 -0.026148978231743954
332737 -0.002978856837938702
330961 -0.04589716048022501
018242 -0.008743155948699467
124624 -0.038218776384989425
018053 0.0013342942069680514
228913 -0.019662549126159355
125263 -0.016419450642685296
123454 -0.06384749845857532
434102 -0.05712612433249089
017909 -0.014891075236456735
227680 -0.01964403264036184
332188 -0.00650341548616924
019205 nan
229072 -0.049538216422242196
331351 -0.06706087172977508
330370 -0.024731639377654546
227383 -0.025119609302944605
018728 -0.0710379949941617
123400 0.0012566434086723336
019694 -0.04154335737412654
124654 -0.020225205749430986
435341 -0.058144438945723964
436052 -0.004504102563101148
228289 0.06676119849795387
124423 0.024330364940194315
331534 -0.01615134064032107
019253 nan
228817 -0.017405489504912913
330502 -0.02353113938278008
332698 0.019249602518994813
332149 0.02262006676386273
228010 -0.008653995641745377
332845 -0.0024290321365235345
018284 -0.05535771827011869
124960 -0.04169750662743565
436121 0.0014648569954766168
020288 -0.0985328248714498
123394 -0.0009310880587214509
434666 0.0015926886910310359
019232 -0.03578258696056548
227293 -0.03271521300145017
017660 -0.03742759815679016
331684 -0.060157751510433025
331441 0.0077282659050558694
124342 0.040627885154204096
436211 0.005525808485727461
123505 nan
436220 -0.01271199911481835
435875 0.0033978410318595215
331606 -0.0007854332999577598
331744 -0.007059317172674211
123517 -0.10535901529735071
228118 -0.07040164817092766
331735 -0.011738762022956968
123718 -0.02850680356663641
227110 -0.052974169230685916
125761 -0.02694675168932981
434948 0.07330641437945057
435737 -0.010678802217755998
017639 -0.023037767871433922
124204 nan
018602 -0.07427864980470317
229279 -0.07228494414287259
019385 -0.0813381138224798
332320 nan
435890 0.0013287808078757222
019127 nan
123697 -0.03154837176913307
226882 0.02196779626273695
436262 0.009369249854769026
435623 -0.0036002910536643267
019889 -0.023922284444173176
332176 0.0025132799905443945
125764 -0.03624295735071124
124114 0.04021725524850443
124519 -0.0022604427640400236
018248 -0.009611099485367064
018140 -0.05626211013722105
227557 -0.003947437968675639
436349 -0.017484288923546712
226735 -0.022649266191801163
435281 -0.018427145252349786
436358 -0.018401933022034474
227254 -0.03189585455993311
123175 -0.013052400047816926
125809 0.008008938491659819
434894 -0.01756771367693704
227143 -0.06084719271451924
330796 -0.05779597893804048
227080 -0.02667632662765858
434264 -0.020987950582352893
332215 nan
227128 -0.07454908952871597
433850 0.0379527085746815
435251 -0.041599561297704306
018944 -0.03096964127260904
018521 -0.05414683724646639
229366 0.007037851755791451
433694 -0.06890678999274878
330700 -0.04144834231657537
020204 -0.0473733587370693
228100 -0.022458869733928164
331333 -0.023082634025613273
020183 -0.017133661048122185
226921 -0.008089852482152134
330151 -0.010657052334203743
124801 9.484030533768437e-05
228775 -0.023831989002876537
435830 -0.008815793133286572
019793 nan
019211 nan
019265 0.0022900899251302085
330922 -0.06240828397642139
330553 -0.07097913525091909
330856 -0.06184564634580956
434591 -0.025264287751818458
017960 nan
331267 -0.00449573311606823
228949 -0.06032582614766291
019811 -0.04564017341250465
332647 -0.02053393044508615
227302 -0.01022503413851299
330508 -0.024318606404760794
331957 0.006977323501829118
330466 -0.03820005674210806
227965 nan
017780 -0.02245697996836449
125692 -0.008412546581692165
017630 -0.014813495932446883
019532 -0.020051127388363798
228976 0.007183067540012339
227020 -0.02850939487415972
123514 -0.056994056433088275
332218 0.01287156211005317
019109 nan
331978 0.024726826287421205
124258 nan
330811 -0.06603454062657325
435770 -0.0366897980372111
229069 -0.029352206572814624
020291 -0.10144061133975074
227413 -0.03953936470038466
330418 -0.052729815822850246
123940 -0.0021538916448707035
435485 -0.026751319188920274
331132 -0.06520174117873283
434903 -0.036353588419616535
226912 0.0011645541189255028
228745 -0.01807015828928046
125155 -0.04028813427022242
018803 nan
125632 0.0061569644870791695
226723 0.014403252146581001
227026 -0.010345505897568883
434243 -0.053972518732872427
434396 -0.038510035270105596
331762 -0.033513986548304044
018722 -0.042830074120129874
435785 -0.05925874356870299
435533 -0.035924682919941255
123520 -0.03277906268632331
435731 nan
123793 0.1303436318823059
020141 -0.03985411290472406
123499 0.038433171759125404
227173 -0.01922543111932341
331192 -0.023098155373359512
332395 -0.007113886257958791
435431 -0.03980046321475317
019289 nan
226738 -0.053345911401920215
124702 0.03366583112686399
125419 -0.06177302095625136
125086 -0.053127965472993394
436352 -0.00972672831642207
228862 -0.05664205326885422
435047 -0.03905810488054271
123190 -0.03598647592545248
017801 -0.08302298135338933
331732 0.01272007977520978
331876 -0.07366256704584642
434453 -0.0038986031025175067
125194 -0.049432624831876174
123676 0.0021980293741433892
018209 nan
228169 -0.019764110668167693
434561 -0.05538535384414197
018488 -0.06181189703562904
436115 0.0015883930145748077
123706 -0.02946122407714028
229213 -0.05217419027186674
228871 -0.039757299855723134
123304 0.03077457058034677
330232 -0.027743327344325906
017966 0.0016584655865520038
332626 0.012268052988754205
125257 -0.0399218830717229
227299 -0.01495520727975028
227449 -0.010709956231245136
124522 -0.0018673863020863143
019775 -0.040787374216412736
435101 -0.03555929909772244
332329 0.010257290510410601
125626 0.008287164416920288
226828 -0.036130458687880784
434426 -0.021653137064558896
332809 0.024996121343070762
331696 -0.006666236731538045
226834 -0.054377851313350024
125359 -0.009529745203147876
436133 0.00914804014579329
019277 -0.038451602850010785
123952 -0.004064697121816968
124615 -0.0035607142002704486
123748 -0.008318369666104596
229075 -0.053707841827755884
331705 -0.005665129435637212
435698 -0.04376828304674261
123196 -0.023166422854607117
435818 -0.05147903654310438
228217 -0.04457826908229112
125617 -0.0008861119057232644
229183 -0.03736939931672717
020300 -0.10501508654546679
435821 -0.033456149744609046
226819 -0.0692709690207739
331537 -0.06290676781599974
435404 -0.009817121142432803
125116 -0.08140075395977688
434726 -0.018435750320212812
019853 -0.007334676999894401
228493 -0.0103560243334089
436238 -0.0004452119841886204
331054 -0.0695414606632481
227200 0.007510682813673159
227992 nan
019553 -0.05075575308824973
228172 -0.017003306029626013
017795 -0.06965312256190073
434669 0.0059033243853723145
228955 0.00012280251586577082
227581 -0.048087668335811594
229345 -0.0032622907527540103
019202 nan
434219 -0.05997654538095733
019208 nan
226942 0.002257976903543842
226972 -0.0037187943956265962
330346 -0.03576771048252482
229054 -0.027244816806680502
332749 0.02033969572071586
332746 0.011073783203795717
123586 nan
332680 0.00156492433506689
436169 -0.031707214930700875
124456 0.02918685201614622
331792 -0.04526168213625221
331750 -0.01773439131635708
331147 -0.024843336217034825
019613 -0.05520245253916358
435641 nan
018956 -0.054603332005118584
019409 -0.00626590234333041
227530 -0.06682733581428639
018902 -0.0006039059912016081
434105 -0.05994121480049704
435857 0.0026781843873348605
436010 0.002445137689984034
019625 nan
227752 -0.028747085405855764
435947 0.002016392424533697
434909 -0.04482240967018894
331183 -0.0006823285788567338
018536 -0.0768879910625478
435812 -0.008464584905634481
123481 0.011593080702282134
434594 -0.025110809348878403
018716 -0.02825546883559101
124129 nan
123589 nan
434207 -0.04763815970647903
228190 -0.048014013402203404
019589 -0.012773527417864116
123388 -0.06935214917342676
332365 0.006797155217518882
019616 -0.06606210750740425
434075 -0.043296401986594645
124030 0.002982975944640144
434882 -0.08740434803805508
436001 -0.021177798982650514
227755 -0.027762966842739982
125179 -0.027137143487002427
435218 -0.08564345902681278
226861 -0.03373910183049435
436259 0.009453191454448395
018554 -0.014280393766978433
435743 -0.01503719413091266
227458 -0.005237992388320888
124741 -0.06568613809252542
229348 -0.0006333600066116038
125062 -0.031764966240864986
331363 -0.08080227412874737
017621 -0.005443646813781069
227239 -0.08370331490393912
227152 -0.07179238190125928
018863 nan
124360 0.043604877259996205
020057 0.019926490390563403
331711 -0.014499375606775373
330292 -0.06066685322542737
018017 -0.00943769874606393
435923 0.0007935887291317895
332788 0.01329045987199021
124156 0.07526357590206086
123580 -0.03023252591704745
331156 -0.012151716394609454
331024 -0.059928325433579704
123262 0.023436747981307186
017705 -0.012436227536992764
018731 -0.08783566896816554
123607 nan
330208 -0.023258273387668144
020024 0.04851203305380685
019184 -0.002907054134146877
227560 -0.011817372566650783
331600 -0.0004822772646707202
332644 -0.015051690385615085
434123 -0.03894227397081652
124816 0.019812252753227743
436196 0.0016657382092147906
330136 -0.015695478521004162
227821 -0.011861654658796926
228508 -0.015619142588241633
124795 -0.010031228027646505
227638 -0.0552533693529196
228043 -0.024548286945941793
228238 -0.03152481323540813
227296 -0.025228951830540556
125524 0.012453662024603948
331624 -0.004250539944015122
123235 -0.029113049393141244
330730 -0.06581973600639869
124903 0.0015025764185645231
124018 0.006536223671653053
434822 -0.0016288314634867371
125251 -0.03323367961139636
433880 0.03281441124949845
433721 -0.030807923026406846
332185 -0.00923113671560136
124864 -0.03172453774346247
018188 nan
124873 -0.0365017194227336
123982 -0.00011821368624263599
125479 -0.05023093037791067
228757 -0.030169896268064524
228442 0.003574113997202071
228124 -0.010252874364297856
434378 -0.02548016836739037
227185 nan
330646 -0.052551908990423155
125233 -0.08660167377215691
020171 -0.010994073133620006
124780 -0.030623533265300526
330490 -0.01744503965453496
124243 nan
123721 -0.0236751817592999
125308 0.005567382793037261
228892 -0.029432808681999968
123823 0.051317503317743804
227437 -0.028582874243778117
332803 0.00549885118850554
434441 -0.02048483138782427
434630 -0.03752323464741782
435497 -0.014219093755259265
434045 -0.04427472536080803
227497 -0.009229025627455499
124789 -0.018709244215088967
226759 -0.01982132581433394
435938 0.00610486612298321
019964 0.006173999221236616
228820 -0.01999714080015489
331693 -0.02082994086610759
434786 -0.024731544327693852
435866 0.0002457880311542085
331123 -0.014022714036272104
331636 -0.01777193069088796
433766 0.00835700736209165
227230 -0.06324263969103372
018164 -0.014197217093573676
229066 -0.023191965580922045
018752 -0.06456164536194024
123646 -0.026491796651612436
331174 -0.00289105159355129
332806 0.017365020930332365
228769 -0.017558651575966488
331834 -0.026457336919902485
125758 -0.016223509279921684
019049 0.007909512485432592
125563 0.04481510870040409
123844 0.038371655627581755
228928 -0.026769087893436145
124924 -0.02003009897781337
435566 -0.03534322067982087
435974 -0.01785613830337659
124906 0.0017123762261930598
434384 -0.02378708307074491
228028 -0.005025041605210287
331414 -0.06048090693208577
123745 -0.008892641611085482
018878 -0.007004548632909381
330736 -0.0684613434955327
020009 -0.00218766312750559
331138 -0.030556728391686126
330505 -0.018829018293291745
018203 -0.014228659692535056
436139 0.008621137969347896
124918 -0.02290283040516937
435320 -0.009347942255046749
125239 -0.06203580228285228
330304 -0.022810422067866543
331585 0.005193420818873814
228898 -0.03516461195048291
019103 nan
017747 0.04768449000490495
331030 -0.03760118787250822
331261 -0.029030837796939764
330598 -0.02241101166626223
434447 0.0033085790891495956
123757 -0.009987320495676357
124606 0.03029735423540042
330979 -0.026888579653020495
435878 0.005861949352991013
331462 0.007689603169759115
331675 -0.0500839244083864
229201 -0.020657730755025593
435410 -0.02049180619300358
436064 -0.0020133843497624477
435962 -0.003998068311746492
124771 -0.03767517015531466
017864 -0.01680526117078301
433871 0.040981169967424305
332278 nan
226795 -0.037968039795053816
124525 -0.003325372628248484
125371 0.00029531342541052436
435512 -0.023857514063517254
229267 -0.04576038507184128
124831 0.04110090446785361
123625 -0.008371953358725896
125614 -0.0010570337889192843
227362 nan
229291 -0.019029445858804665
123910 -0.04500846418404418
330901 -0.03268045902670109
019151 -0.028526417035905145
018500 -0.010810715811593192
435029 0.014765068271238274
330571 -0.0437141391335341
226951 -0.03345154518137153
227017 -0.02321421434818132
332146 0.000516769116517728
435299 0.0013088248357051562
332761 0.01597631949306506
227242 -0.07704138462505643
124357 nan
331714 -0.02628803184862964
229363 0.0046051202717822155
332740 5.198161495368373e-05
228136 -0.01622853581867521
125608 -0.012041602903233344
434675 0.013741383130726682
331627 -0.012894663924262636
228883 -0.03711591191738614
331525 -0.010844918659755162
125689 -0.01066215896101856
331330 -0.017692078673650347
330139 -0.007055621632452215
226924 -0.0018806951214568773
018713 -0.022216607342857103
228142 -0.03060331252096402
332794 0.012331663561273173
332254 nan
124852 -0.0329027423610935
436031 0.004121318696037171
332143 0.0020377469441247363
434273 -0.008062857673281715
018710 -0.00602606577532632
434348 0.00763860581413148
018092 -0.015405962807791574
229408 0.055223147897081916
434132 -0.055138031596046806
020177 -0.012450822446712112
330763 0.0036878430523634874
330229 -0.026909229790197976
123424 -0.04688272026856069
227011 -0.025331527262401704
331918 0.015157147059364924
228001 -0.02000061141120063
332275 0.004728729762728252
124993 -0.06486780471061693
124267 nan
434228 -0.06720775003155703
331969 0.08124495093244002
019214 nan
123979 -5.594174487670686e-05
124426 0.03489672954968566
228058 -0.0696629229723351
123367 -0.026699620706063732
124234 nan
123619 -0.011214712481478074
125029 -0.030850796839810925
124939 -0.012995916965538624
226870 -0.01655619715014075
331810 0.021629068392488498
332107 -0.010215258976769826
330916 -0.05491635492449296
434087 -0.061882227704586686
330511 -0.04895196024072234
435005 0.007381012963571444
331357 -0.06799803209052514
435752 nan
020174 -0.01227431408843102
020180 nan
017879 -0.024004179004803464
018005 -0.01112319694625007
019115 nan
227929 0.0038732624558544663
435428 -0.02520909514827253
330460 -0.039951142390148554
124339 nan
123148 -0.0777100252204732
229261 -0.029823648551153766
331141 -0.04042360400052642
330445 -0.045956843744510076
019010 -0.049266496302949964
433697 -0.05768744809567262
434210 -0.046249452469840885
228448 0.0026080105580440186
332179 0.0004287258027091859
125215 -0.10633501191697423
229252 -0.021188925603499904
331288 -0.044461536388156274
229159 -0.03646566985565939
434081 -0.05142100192728324
227251 -0.03368700969786872
125041 0.010525093768036222
332659 -0.006294933576432486
125701 -0.012181487159123497
124639 -0.03513478529966878
019526 -0.01822478710939294
228841 -0.051797349456412796
434918 -0.0563204895944082
433787 -0.04223324302443884
331645 -0.01424635487391536
019592 -0.011763029898645656
228580 -0.03557882440730795
227602 -0.06726362568528126
435452 -0.06073777725117256
228943 -0.06731990707439975
330394 -0.011060285626459177
125482 -0.013116453912113931
018050 -0.0009325517007823435
330592 -0.02375852925717165
436112 -0.00419209463886483
017876 -0.021653326257826788
330349 -0.04480154073748912
436325 0.0015137164693918282
434804 -0.029585954982779914
331759 -0.03333937298517909
227107 -0.0005301001016619162
331789 -0.053558988068379505
227317 0.002050742648896717
227320 0.005334093457176572
018545 -0.01385197847608536
436292 0.015415743755495318
436193 -0.0007691862721922535
330427 -0.0371034313288946
019988 -0.037625900231551455
125356 -0.009574422914037782
330931 -0.033302523809061936
434465 -0.0013886081929109536
332791 0.014183317375368466
434366 -0.01923648499135159
019166 -0.043268504218449674
124378 0.016264187595831654
123487 0.011710617817989013
124054 0.03657802333907476
020147 -0.05480060377731699
123385 -0.05010531942461012
331297 -0.08497919510281275
435860 0.002789710012693254
125020 -0.061052708243203954
125605 -0.015541839922476139
330868 -0.011663615531563587
124720 -0.03953427990908345
435572 -0.03722969244937508
331555 -0.010262435467791663
434021 -0.013178609926549215
228409 0.01230325256672718
330337 -0.026361603366878587
330163 -0.03238860486374796
330202 -0.0020242114837547096
227374 -0.051986056871094616
331051 -0.0638347450387541
019382 -0.07132673471159157
019319 nan
331384 nan
228790 -0.04347166262174908
331480 -0.08020462566639953
124846 -0.04113887691222572
018896 -0.025504857065185668
020156 -0.07549304781321756
435950 -0.0033785015547356636
017774 -0.019069080157684395
435911 -0.00037788398682125045
227464 -0.008031502849402471
228901 -0.03125234781841968
018995 -0.10857132578653002
433859 0.04568154729289926
018884 -0.020567501348162456
226996 -0.0165910721842513
435344 -0.05901714043568272
330475 -0.03713881805460288
332428 -0.00845632855854337
125137 -0.07493540874414163
123178 -0.01873543069276993
229342 -0.00447331912933834
017585 nan
331921 0.014520380862806213
228439 0.004362811022434219
124582 0.015704126855413388
331186 -0.011752449389553226
018977 nan
123358 -0.03510364264901848
332023 -0.011146922132153531
331786 -0.052108665373579034
227158 0.0026124793424319023
227440 -0.025982209675384064
228274 -0.016529526975419786
331771 -0.03421984003665853
018107 -0.006415219344790018
124198 0.03409315872352782
330469 -0.04025006114039923
228283 nan
123592 0.0015874080118267516
017777 -0.006113667291668628
332356 0.017496558918329966
434468 -0.00010976560876138968
227059 0.007606299509425339
435680 nan
227446 -0.004592673002043517
227674 nan
019085 -0.09072010892122166
020030 0.009924485299592655
017765 0.02621599622559268
019529 -0.012854461632077655
434780 -0.015678877192559965
228292 0.008151086279594438
125026 -0.043131160898765876
228103 -0.01811359304211515
019022 -0.08014565332621569
123493 0.018659161764477926
436256 0.011312416621616908
332359 0.015452528756762306
228229 -0.005298861961095632
435443 0.0067298659493052766
019046 0.01443577721005394
331960 0.003788093489313882
435887 0.0007621896923645762
434528 -0.024654814402262373
331420 -0.05245565465087505
435638 nan
436286 0.009903773218656133
229297 -0.013071657401587574
332173 -0.008255162206636805
434978 0.06102456113018056
330181 -0.02612277101290549
123760 -0.020348042075040026
125713 0.01852901686134628
331564 -0.026248414804811267
124729 -0.05766511425980395
227461 -0.00904707113901774
227407 0.0006499995744933641
226957 -0.020028471364497556
227731 -0.021163971302602922
435998 0.0008687310748630101
019820 -0.0411058229113382
331015 nan
227881 0.0037238345575080346
228316 0.030068561115227717
436037 -0.0053326042871626594
018746 -0.05784434255829203
123778 0.014003271006402515
124867 -0.03667198271012233
124858 -0.04454866098979163
331264 -0.009667944971215788
019145 -0.027323059569624133
228466 -0.002362297115292288
330835 -0.04095219512465139
124483 -0.00227503687100321
123232 0.05375696671387506
434927 -0.05511596270311776
229330 -0.07973057698276745
435653 nan
227029 -0.008713124927327107
436304 0.004091032875908745
124945 -0.031831921279401716
018503 -0.020453502261449423
331522 -0.010045682816278368
330664 -0.012988305686552779
330214 0.020135639135729626
435323 -0.00808009212680034
435605 nan
020006 -0.04646651244457857
018899 -0.00982857158041408
434750 -0.0148669695666803
123988 -0.002996956355988033
331222 0.07094569181008314
229270 -0.04964063916117843
124174 0.022620861114017548
227332 -0.0013113432730676908
125218 -0.10317619483937662
018590 -0.04097067060335696
228139 -0.021187389464605424
434930 -0.050900069494096055
330829 -0.008207604052528503
435080 -0.07697232241037662
332227 0.030488586764387423
330160 -0.012687239336949449
435329 -0.020662107619028244
125806 0.012227499460334858
017972 0.004274211421845452
018764 nan
433889 0.03277105634862726
228193 -0.036925444104099696
228490 -0.012073009733169798
227179 -0.046907109738477504
331657 -0.014278651229918948
435659 nan
125035 -0.009140964376719695
228463 -0.002681688278440445
228670 -0.024888360835111478
435392 -0.020210814854455375
123781 0.04187800006689374
226720 0.016849538873112392
124951 -0.021177819689387017
434246 -0.052678541968302565
124102 0.013527449206339979
436130 0.0072718726264105905
226945 -0.014916511431132278
124492 0.0007354559217180526
020186 -0.017658183183619586
124384 nan
123994 -0.006034567655422986
330766 -0.0009847453662327357
017618 0.011501449890720754
018887 -0.019088866597130185
435515 -0.029364779512718236
124753 -0.0265703384838407
123838 0.006085773641487296
436367 -0.035495140403784174
123916 -0.01709316459756865
018176 -0.016796138551500108
229357 0.0008755822300640634
227167 0.0033823930101996936
435503 -0.02111816027807811
125425 -0.08973300861414443
229096 -0.04790449080669576
124069 0.056611991433239486
018269 -0.045121930035747215
434807 -0.044170427170256446
020216 nan
019460 -0.009758540046163451
125686 -0.010292310563344804
435023 0.02900969456533066
019391 -0.011465630203327802
331717 -0.025891442678461024
330814 -0.0357305062871401
227995 -0.08101441532764211
227584 -0.0410696465712586
330817 -0.07711358131870391
433847 0.045007255952662216
331855 0.011661937943211307
332182 0.002041926459660606
435062 -0.04799976105571975
123187 -0.03484994877041794
434969 -0.02834605897493018
330628 -0.018873069153627284
226807 -0.029889546505072234
331678 -0.05899159772500716
228145 -0.02729231068211743
018668 -0.024666996607704765
434597 -0.037769634728237904
123430 -0.042379111617367626
331558 -0.010492878601064067
017945 0.0033932299841017946
123694 -0.03300297267470036
434171 0.0010318253697250545
017999 nan
434777 0.004813760260998944
019148 -0.02837622370038714
435686 -0.06787071215412604
330547 -0.07619888171587401
124135 nan
435509 -0.023714974353643233
330442 -0.0397239237914592
332623 0.017158220914076473
227266 -0.041106125837108626
433907 -0.003009087652928443
229204 -0.023738246746164145
124687 0.026628031301750704
331423 nan
227758 -0.03862061872684135
433763 0.006451616784414212
125128 -0.04692200383620068
125461 0.0060148806799025754
331498 -0.05891355452140745
124978 -0.04700502815501533
435401 -0.011837310576565051
228106 -0.040581218915191085
434762 -0.01640688391589614
125740 0.010278423420794597
123637 -0.010278680380668285
125296 0.006843699349297418
229273 -0.058893080412029175
227740 -0.007798885026191393
123496 0.028562508499811567
330556 -0.05064837526259267
435989 -0.010567084237488951
435422 -0.07520719207471346
435068 -0.0714521149862819
020048 0.036718233892186945
332239 0.06724260610247415
227728 -0.06705770031783748
332140 0.0008837987506200396
125017 -0.07730523864726971
018215 -0.043140965164023104
435434 -0.05248309954362378
331060 -0.07591664841873812
436058 -0.0010129087185733528
330871 -0.020612757705905184
434018 -0.022615756598438827
018476 -0.021418460935511918
123814 -0.006039447143298238
434291 nan
017576 -0.05180220503024954
018806 nan
228013 -0.006571005497659955
434261 -0.027590414413909643
330808 -0.06653901275988754
434705 -0.00746948268200808
020117 -0.007470310049712973
331660 -0.011488472577395626
125230 -0.09480329042537883
435716 nan
331702 0.0008423755282447458
227794 -0.009641573164198135
125272 -0.02301463766926143
434165 0.012836971264036875
125320 -0.03864997268741966
330790 -0.044405578471465014
227272 -0.04061863100717938
229360 0.004822314416289959
123976 -0.0023557577427793922
227509 -0.006295791361680721
123913 -0.06059349124363164
331753 -0.02750441527602172
123970 -0.004033588147251963
435413 -0.026280804684287624
331672 -0.0506371912090757
332785 0.014116901474949728
435302 0.0014709405507020556
018524 -0.06407976525316018
124762 -0.04613269397190639
019910 -0.022745900683932833
331411 nan
018542 -0.01207649897015284
124486 -0.0021614290419079006
434702 -0.012213869368731535
331162 -0.010184634531453764
330667 -0.010351483689414132
434141 -0.08432446084580979
436310 0.0027410101458058603
018437 -0.01819730561877054
018032 -0.02354798252507986
228853 -0.055649476333320236
124507 0.0001511995754544697
020003 -0.010937985415181154
226990 -0.018792037490698365
123307 0.024087624483016812
228961 -0.003015899942034767
125269 -0.030587102627254288
330577 -0.03587161283209428
124543 -0.020034611344940657
124462 0.018649271556309296
124165 nan
124690 0.03959010869197024
227422 -0.04414723736511094
332122 0.029131827278742715
330610 -0.047639329727036266
019856 -0.0098247558351547
227551 0.004985698001094597
020144 -0.03375780276763134
017963 0.005022565523783365
434387 -0.013185160500662667
436316 0.0005886843360365159
433685 -0.0345712623815771
435977 -0.01557243582162547
124270 nan
124039 -0.015277687262006668
124435 0.008202094116020037
226798 -0.04126523005160214
123193 -0.02361494017279714
331114 -0.030243769734835075
226717 -0.030950376759171186
435359 -0.049610067393947625
018167 nan
227248 -0.02554348989385338
123931 -0.010434691111246746
227314 0.0027792200500711853
434723 -0.0053431512895266
019070 -0.06723274663019463
019040 0.04524470494482911
330397 -0.0007894985526033942
018497 -0.06250659984255594
435071 -0.07431152278759426
331594 0.0011257313756925927
436166 nan
332242 0.0036864469921778116
330640 -0.0371485800574781
330892 -0.015433755838815032
330958 -0.03976389863132652
019586 nan
228157 -0.04190329450091984
228436 0.007067134320871089
434831 -0.02418048470462518
228934 -0.043396218754244514
331390 nan
434849 -0.03777962382082622
124573 nan
228970 -0.0013674243854030533
123709 -0.0519177026353996
227971 nan
018149 -0.0843239034504697
019967 -0.01809149318271213
228454 0.0014170417709956093
435710 -0.02239152426442141
434015 -0.02617064184241676
228196 -0.02785516983083028
434771 0.006802029727196432
226885 0.027357739054479177
228538 -0.012978008815220425
124792 -0.015239650516323205
330751 nan
436103 -0.006336292539324079
331066 -0.09309185793305685
125509 -0.004410084593232977
331885 -0.059968104122807744
331828 0.02923698917267814
435407 -0.012574996366636297
229219 -0.045366110037554606
123250 0.008419588431399488
020042 0.045839238132405244
123733 -0.004011241170912723
332668 -0.045161452911329954
330604 -0.023237078507511933
227275 -0.03532876374520662
229264 -0.04186686038561821
229063 -0.029546020755682013
331582 0.006165324965842457
125629 0.006463001644800579
227287 -0.04030670085281292
330538 0.0031219550541469027
434036 -0.04806218421392715
436172 -0.028487019311814084
332758 0.01544938359005403
227290 -0.03912057636906861
331252 0.012266053870095923
227911 -0.017535520868808954
332440 0.018183431317729336
435689 -0.0690451436031973
435065 -0.061869024314821774
019778 -0.04120843637557257
436208 0.006921298920162141
018932 -0.01503533701742849
332707 -0.006325280224835431
331468 0.004152024738372318
017633 -0.0169705999642504
019859 0.008344869765024335
124840 -0.027107667504695426
124264 nan
123142 -0.030918863758519308
123550 nan
018206 0.0012594934493776351
435722 nan
228067 -0.057163512085030135
018221 -0.06585648703196692
227863 -0.008279304235280085
226810 -0.031455149705237606
331663 -0.018940637741545568
331942 0.06111366822696147
227803 -0.00851794152720838
331609 -0.004854299719371492
331546 -0.031279013528871843
123220 -0.05695828906455626
125611 0.0004425785070201877
124609 0.02084676803104461
330148 nan
435740 -0.012840896371811156
331198 -0.0515751756645943
124555 -0.002946624680170937
123376 -0.022853635485532195
123316 -0.008716766562141078
123337 -0.03833547676713643
123163 -0.0111222137164214
125311 0.04311891176082469
124471 0.010466463603670637
017699 -0.014644587382246341
227536 -0.027214165972014003
434168 0.008466546731735677
330568 -0.04937516515217131
331021 nan
124153 nan
435350 -0.036132924771182746
017588 -0.015312389139727359
123217 -0.07327517426785386
330544 -0.08302972682569394
018905 0.010917175620321243
332155 0.008414021560123988
435053 -0.032342977794047
019373 -0.029894218203567323
332449 0.003697497795207451
123703 -0.058234170281561054
436214 0.005860376385063812
434120 -0.03753058156712521
018674 -0.05801374823958785
226822 -0.07376713963910964
330559 -0.06275663021899738
434342 0.006073418117704846
228727 -0.028112043394767354
330454 -0.046618316618223035
124699 nan
018683 -0.03542683700615347
018422 0.004287901378813244
019478 -0.047817603751399866
019394 -0.004537194115774971
434252 -0.03247725536493488
228112 -0.04877948784638965
227329 nan
332752 0.037993341901689986
125209 -0.1087464919976907
332842 0.007944624980831361
018011 -0.011864543276489095
331312 -0.05710298588992508
124750 -0.04503846134114231
227488 0.0010024668678404794
018071 -0.03715577383933984
331366 -0.09563365815177796
020039 0.018489263360462492
436073 -0.0017230548555888826
124060 0.03954385391687028
332164 0.0024142386421324713
125098 -0.059260351873802096
433883 0.04209393717604177
125485 -0.06557241034886194
017870 -0.018236724329201173
332206 nan
330940 -0.06015139384851862
435614 -0.006847548106360057
435278 -0.020537109324862437
330343 -0.03606406033452182
227716 -0.05504793409317259
434231 -0.07061323034700262
434966 -0.025312755283019163
018965 -0.0932502010722219
332425 -0.009178017813061911
228322 -0.006857786209337295
436280 0.007537284322419591
017642 -0.02607179616335762
018443 nan
330637 -0.04811535635185373
123373 -0.020056966828573938
435491 -0.016714869037507074
331303 -0.04349512776369771
017687 -0.040954432425477985
330595 -0.021622845080503373
434915 -0.050547855932593797
018794 nan
123457 -0.04752801328589104
018506 -0.01793132206750295
227701 -0.03595972847152542
124216 nan
332404 -0.008717711009676495
435560 -0.04694405911180427
019160 -0.03988027212210704
124627 -0.03696685102250841
124546 -0.03168087474924572
228991 -0.0023962487953756526
435854 0.0065325216975421355
123115 -0.0005237125215076261
123403 0.003287714359588325
125224 -0.0974604163941162
331879 0.008579534082931072
331348 -0.08377179556311459
331447 0.009126495100003835
228886 -0.03156878191327292
331591 0.004365041042828221
435530 -0.03562274433317639
124459 0.0284507960028539
125080 -0.048154089339764936
332245 0.0024478965335422093
017597 -0.017143318556393686
123610 -0.01671006660612803
019007 -0.05196721402425615
123874 -0.010596928104772361
435056 -0.03772184752072397
331219 -0.03611054496159629
228160 -0.03922651096148074
435371 -0.09607299547346812
228808 -0.014260570568652738
228214 -0.034560854274789186
228133 -0.014426951181320915
227047 0.009701225582794626
332389 -0.012800491676128732
124498 -0.0006031166939508346
332167 0.003208248388199579
436283 0.008201535473998317
228889 -0.031919751091608925
019379 -0.04713559452721779
331570 -0.05430806041158632
124717 -0.01203126519445389
435611 -0.00989063959273081
124987 -0.07959353779099122
125341 -0.022431722301234223
228829 -0.02778286181745075
227005 -0.021596313731800734
019433 -0.031022289172321763
435356 -0.04309425049673313
019976 0.009811806615698275
331825 -0.037700143440690614
332266 nan
226783 -0.04032594899754544
229153 -0.024527139764614205
435077 -0.08152957908240395
434117 -0.028960694432105177
227986 -0.04365142030653611
018254 -0.007027306524263759
226813 -0.03994985908720082
433865 0.03584237590668693
435848 0.007145288055127853
227218 -0.02945171412302669
229051 -0.020151147313376583
019100 nan
330862 -0.011068932528566257
434435 -0.02029413034405928
123259 0.03113126904145816
226816 -0.05047190475896372
124132 nan
435797 -0.021632193415253253
435380 -0.01176324826470357
229177 -0.06402992466061654
227086 -0.021909297017805713
435353 -0.040237979036598384
123997 -0.018555836100285723
018014 -0.00907305365517026
229378 -0.036090983284844294
019421 -0.017225900339701818
018227 -0.07745779128301711
227677 nan
435701 -0.04166278384980701
018566 -0.017431457913111126
020207 -0.044797555227128284
435599 -0.009884621280661516
434717 -0.009093810502443215
331648 -0.050859782092518374
229105 -0.028977123097347415
017942 0.0011309095160671012
227662 -0.07680993420737131
020297 -0.10408775069426875
018947 -0.037581228739714145
123379 -0.02966559518942397
436085 -0.013137519422662319
434753 -0.009958451824559348
435416 -0.037632578962186455
125323 -0.014311543762914
228712 -0.06400806195246742
018638 -0.010887435267842005
228427 0.009910660348969064
018539 -0.012533491376846556
434921 -0.06842893066905613
434957 0.02190058950393919
332677 0.0002277578626360214
435929 0.003005890198695806
020213 -0.008678650326199001
123478 0.011705655143374488
017696 -0.014274761046374804
229396 -0.028602571277828004
228754 -0.02567454985030667
018572 -0.041449428644058775
434183 -0.035999211810884016
019193 nan
018881 -0.01595778241809894
017582 -0.03655370481971171
123682 -0.0025885207312447683
124909 -0.009742582819546245
226903 0.01800822694465597
435893 -0.00633201069302029
019784 nan
228562 0.002837513876278708
435446 0.007761025325560467
434843 -0.026902906076302604
123772 -0.015477939993405888
019376 -0.03709549643450088
123805 -0.010669952347165062
227425 -0.046001082847988796
435935 0.007131006982591417
020153 -0.06332268629755293
018257 -0.010495939425059726
228739 -0.034862411817401615
434873 -0.0854497147795835
434066 -0.04837904621725798
436184 -0.0062426998092605535
331780 -0.045473081354705736
018791 -0.0800973377530537
124057 0.02435189285816549
434096 -0.06225555609925955
332371 nan
435368 -0.08668696159690026
124597 0.008981538071203483
123691 -0.030198857140919518
436079 -0.0011379595786806136
124330 nan
228469 nan
433862 0.040789896020002644
125248 -0.043759874444595906
434681 0.0024129003071337723
434351 -0.0017168352843592405
435470 -0.08258769835954831
228964 -0.0040331631110458776
330316 -0.009646989916292674
435965 -0.005538566063029716
226774 -0.025406317099510724
124732 -0.042030334300637066
435959 -0.0009093092232154154
435755 nan
228994 -0.002396123964893181
331597 -0.0019056279823262857
331309 -0.052714782275541876
330865 -0.011710435152053833
331972 0.0397379608209343
017984 -0.0003243786948067801
019646 -0.08026060344410592
435116 nan
229309 -0.026009580757974715
125221 -0.10115499184531854
226939 0.00708505016026622
331402 nan
123730 -0.019297239662010246
435569 -0.037946770482361405
125275 -0.021825277813212585
330457 -0.047954826758652126
123124 -0.0035831057836139017
124915 0.04598507174739132
123925 -0.014039253168180808
125710 0.014419268588630518
124648 -0.029059597278543736
332821 0.026018747602190292
228526 -0.05578419666377517
123775 0.02706795217195212
330307 -0.02042523759843219
019094 -0.06255954504013062
331945 0.042497255026348046
019427 -0.020487115869792873
123946 0.0007951108236161489
330400 -0.015257951537230753
435941 0.008109482237541215
331822 0.03371394815899077
434924 -0.07579723456404637
227089 -0.01447525205714274
125335 -0.015571448860116922
125050 -0.040326873654488185
436247 0.0061168463624158165
228088 -0.00037583038141302276
228445 0.0027873164672159553
019088 -0.05330703372047061
018680 -0.0032194282462537373
125578 0.009445029155093088
123433 -0.04754097542795196
227035 0.002291031748230695
332851 0.0005420391521756613
227587 -0.016932380865819708
435902 0.005523466616653949
435695 -0.04345380692254929
018494 -0.06529564537909507
330802 -0.05997288806570901
124765 -0.04337483271608611
227533 -0.06367282399944231
332197 nan
019733 -0.012378974187941778
436298 0.012662887853569735
332374 -0.008985277206178695
332407 -0.00900125503540039
017648 -0.03187504915408031
123169 -0.007893098120485737
017756 0.039194980662425896
434390 -0.016654301171350958
125065 -0.05586487223277756
019637 -0.06629471930246505
435779 -0.047377778809607425
435761 -0.04004472210293725
227689 -0.009483180434844883
434585 -0.034935286578555866
124201 0.034035347313033405
125527 -0.00629366143478699
018395 -0.0700440690630958
018593 -0.04857797804756347
018158 -0.09674771021282862
228868 -0.04305196049237492
433751 -0.04289905036778257
125767 -0.04044296889831825
123502 -0.001369433428244616
330424 -0.025302832911473627
330661 -0.056750185203119745
332191 nan
228244 -0.03404574051613986
435914 0.0023752314283313784
227434 -0.031634663778638085
124042 -0.023836328394018332
330187 -0.0693676968387587
331129 -0.04930710808995513
331225 nan
124351 0.05421467054457891
019808 nan
124870 -0.04483424384973329
125110 -0.06679823056790715
229135 -0.04357338686283229
227920 -0.050195472959488154
435863 0.003344976082049981
124021 -2.7390487146949146e-05
436268 0.007382450985307452
123655 -0.0009900407942514571
226714 -0.002889700892831193
227704 -0.04954990724317071
229327 -0.06671323800381058
330391 -0.03356707247476729
227506 -0.004708878667806913
124900 -0.003924204919343633
332128 -0.017303262438092912
125746 0.0029346665964071436
125173 -0.039669283683384016
228166 -0.022238211142117048
020150 -0.05794902453346858
436097 0.005551605628281044
019178 -0.016467279858059354
228301 0.0014513121710883245
331486 -0.0971090650087204
228685 -0.02540136271973271
332743 0.007891145135675159
124162 nan
019607 -0.03147382470149728
018920 -0.06858035117860824
123601 -0.004752841260698106
434414 -0.03164244844259318
227746 -0.01578400338678223
227614 -0.005056383568323298
018761 -0.022686417897542315
228922 -0.003312358149775752
019223 -0.047270620153063825
332317 nan
436361 -0.018203908742047147
228232 -0.008349365658230253
330874 -0.02564732158551363
017987 -0.0012703679856799898
123595 nan
435458 -0.025968964466808412
228565 0.0014585719887198242
331699 0.000831238916781322
434819 -0.019786406761754756
435032 -0.010677977555937083
435713 nan
018935 -0.017281917016305715
332614 0.0058813802306614225
019415 -0.030471046475847273
331477 nan
227056 0.010152346339709012
435089 -0.0744802336844187
227563 -0.016346740998529997
434960 -0.014619556089647772
017603 -0.06644176408608327
125092 -0.05585228851201961
017744 0.04394383803611676
227599 -0.052548728442126005
227500 -0.0033926888117714535
018401 nan
330478 -0.042216634894534665
228532 -0.07680288229368187
125287 0.025832742466137253
123865 0.013391947110171899
125038 0.004152753068676863
227404 0.001484771080205006
020270 -0.08346716241804437
229393 0.0029106334518388577
019196 nan
227872 -0.0335594555842749
123523 -0.04895110955204338
019043 0.020545036417753324
331153 -0.014490090927429903
229381 -0.009151456757918145
017789 -0.05778303839696957
434279 -0.023771375214972464
434693 -0.0019080207949715028
019139 -0.020334139913057735
434195 -0.058302614108595274
019958 0.001779605944951375
228583 0.02702563700049815
330550 -0.07305667976433217
435596 -0.011468783257499574
019430 -0.021066069580168583
124108 0.04136469694891825
228502 -0.013456896657035465
123157 -0.04022551592064913
123349 0.06499863660670316
227491 0.0003143991742815289
331126 -0.010690693817441426
018860 nan
018170 -0.019698082454620843
017993 0.0042652711666450295
124705 0.035219378782538086
435776 -0.021948512269075585
332632 -0.011682811237516858
019538 -0.009530729717678495
227401 -0.0013932596078355115
330928 -0.01884537646445814
435707 -0.02566112033904545
435254 -0.04286609539369336
331567 -0.03951568698948873
125770 -0.01603167516475401
124510 -0.0013036701191707152
019919 -0.024641472195822096
227260 -0.03511448701222738
018812 0.02841918052188934
018821 nan
434267 -0.018303279924874353
330172 0.01923738384530658
228877 -0.0416888902111659
434276 -0.007080264726110138
434090 -0.0589766468605423
331723 -0.02619560837856973
227371 -0.05464000550527421
434192 -0.05845613904633947
125548 0.02182222911871979
330991 -0.04296243190765381
229210 -0.04496632511359471
331324 -0.0785051757381076
227665 nan
227377 -0.052159095146878894
331009 -0.07286402598890677
124126 nan
228814 -0.015883576255386996
125107 -0.04000366548746949
124777 -0.04334456566976079
436013 nan
019130 nan
124804 0.007336540196938488
228472 nan
226960 -0.025937593403224376
019463 -0.013029493982829744
228520 -0.03084755660184657
229132 -0.045788811257128186
019172 nan
227983 -0.031606218398563445
017828 -0.056703210394177916
435581 -0.05428864842369443
332314 nan
435176 -0.10212964103335427
227767 -0.0613140746309103
229111 -0.05267303948015995
330226 -0.03780099167118943
125584 0.02720126227268294
332635 -0.009962562530759781
434984 0.0938758975274688
228046 -0.032883959746210834
227398 -0.006789541395883712
434684 0.0017413005794204887
229231 -0.007744023674412777
434981 0.04645725280519516
020162 -0.10089324700711953
124036 -0.004424270055468938
017624 -0.014727713964308326
018911 0.0233316332235247
018509 -0.024486648002969187
227470 0.0023672318720555567
434429 -0.03104663735696335
018263 -0.026239833346119634
019325 nan
018917 -0.09506171132311408
331381 nan
228295 -0.006680061451341738
124849 -0.02570889049450212
228481 -0.002805327612256247
435917 0.0008812837319579524
125068 -0.06010467386683923
227212 -0.006794005306905511
331603 -0.003740779126312187
020249 -0.05824291600962375
227713 -0.04545218157583881
229168 -0.041349105891727266
125314 -0.011689635361132976
331249 0.013359933340248943
435332 -0.024629938791668603
435257 -0.03812548732874012
123121 0.002526426315307617
123277 0.04617379063511511
124528 -0.006530757366664826
434381 -0.022250519460106054
331483 -0.08738747153560762
019499 -0.09360699366009426
123922 -0.015501202545383725
330532 0.002198100360342705
435662 nan
019283 -0.021270364680618204
018845 nan
019295 0.0024956180935814267
019073 -0.04192043072174466
018224 -0.0734511957146954
227068 -0.009057952558396152
125131 -0.05106290271852119
124723 -0.05062788724899292
331378 nan
330718 -0.07198005423084286
228547 -0.022509021986098516
123895 -0.020298245952393268
228247 -0.030787384575520067
123928 -0.01415930208657202
125401 -0.02395762668715583
018575 -0.03760619247903768
018098 -0.015552269298143066
227170 -0.01203204287563192
125731 -0.0003798811445160505
227182 -0.05784397891589573
436022 -0.015344320781647212
434108 -0.058435720732422904
331459 0.00898912101438194
125191 -0.03246196241395603
125185 -0.03170548107858607
435725 -0.018837484733137504
330373 -0.0665844174443037
227566 -0.020600976623550808
434654 -0.02881290109354108
332719 -0.013342508878657428
435449 -0.03145901660590851
435806 -0.009720080428653292
331258 -0.023377430395328958
434420 -0.021179663125800073
125008 -0.05143627684312793
435992 -0.008573882974464606
018047 0.004429466920657631
331519 -0.010404378992826563
017594 -0.021360170273553757
229195 -0.02596511436698118
018758 -0.08383066313607354
020240 -0.046852065958117466
226987 -0.029248835685583535
017816 0.03556492908921822
018695 -0.03140130665356941
125566 0.03835117988125086
124372 0.023016561780657085
019307 nan
227416 -0.05903328775588657
435296 0.0009241771866194575
435899 0.003344575091013833
017819 0.031199334312327628
020198 -0.03632299220504392
331897 0.0322278586644975
018857 0.027542666783408512
330166 -0.06756433063727381
332236 0.0025411711798773873
435518 -0.030363199089755526
436136 0.010273238158280077
434900 -0.025989373524983723
229351 0.013017366802881635
435203 -0.09279117811293827
125725 0.009263628307938475
124087 -0.04502418768679234
434810 -0.053343691257539474
125344 -0.02289961645306063
434180 -0.02600080402827159
434198 -0.0504084238930354
330937 -0.0679273472050931
020012 0.0016855171748570033
123961 -0.029412989267888323
019406 -0.0004739373827737476
331240 -0.03917724212991849
124798 -0.0050691286001976745
227281 -0.039772748947143555
435668 nan
332380 -0.00464141293177529
330613 -0.021353424079798254
019175 -0.02083033018431756
229108 -0.0250717447458211
124213 nan
331858 0.02613712754441705
228154 -0.036136327769218476
229147 -0.027928965936892876
123763 -0.003834811089530822
435389 -0.009195113938952249
434576 -0.011143711768612475
330742 nan
123151 0.06605701918130391
331540 -0.05955701784510893
124936 0.0007965541944018762
229057 -0.037009282595696635
436205 0.00741958195199263
435749 nan
019517 nan
019280 -0.032386692743452766
332641 -0.006354828486366878
229288 -0.03621334197029234
227125 -0.06451048598646919
330184 -0.03573244780602157
435437 -0.07582063648472546
227209 -0.04511372852481568
020303 -0.10499903270176478
332233 0.0037021296364920476
124123 -0.009202009534078931
332338 0.010873250545017303
017717 0.041583239959418705
330565 -0.049156523921883154
434582 -0.03412010159421688
125668 0.05972452277228946
229099 -0.05439047142091992
017615 0.03385738232552706
330436 -0.04158260841218252
018569 -0.02574401947671029
227113 -0.05518321801745702
124996 -0.05725966124307541
019238 nan
436337 -0.03333520321618943
125104 -0.04539192677900868
017783 -0.031294748363885815
019235 -0.03041076281714061
434222 -0.06274864282557571
227215 -0.02002798283253591
330886 -0.0727497839917445
227515 -0.011767740711594253
123673 0.0076835221135195374
435545 -0.036418697190663166
331438 0.004691705527643884
434450 -0.007082793763074926
435083 -0.08138602507778885
331813 0.024020917252309162
123643 -0.017347012427568618
124981 -0.07335407251403445
227812 -0.00910581735076097
123904 -0.026041947241945435
226900 0.013788183496975031
330421 -0.05387712545610494
124489 -0.00027215244278075196
227572 -0.03542756976443202
434093 -0.0596863272405309
330541 nan
435926 -0.0002845247732122886
125443 -0.04064398762200034
018344 -0.03761932997307035
229282 -0.07407914042697787
330535 0.0023929076219992664
435644 nan
436265 0.006279626287015757
020075 -0.07583219368350536
018824 nan
124300 nan
125773 -0.02171237307337813
123421 -0.03617890111461779
227797 -0.011988111388631713
229384 -0.02685711181983746
124447 0.001085414904345488
227227 -0.06407180636288867
332152 0.02066506548732544
331093 nan
332701 0.024747021169333014
125125 -0.04398892044074952
434570 -0.03766305649430954
123529 -0.07005186345374936
124189 0.021893695160582823
331774 -0.036182870991422485
433748 -0.03939922638247169
227146 -0.06268488672934994
229060 -0.055834564629101927
018491 -0.055997489175268526
331201 -0.07320882193769028
228544 -0.01761553255484072
433895 0.01574429270193163
330760 -0.0631993026181318
228721 -0.07493806678241433
330385 0.013954482094607368
226975 0.0009756599153791162
017831 -0.07562239999206896
019712 -0.035152780665264456
227224 -0.06107522937828303
125749 0.0011151145719002508
228148 -0.028270674909418928
228037 -0.011973473760816785
018974 -0.10661807009782741
124819 0.020536017266530836
331237 -0.039507284050896055
018560 -0.01632673683620635
228772 -0.019651486537480996
433667 0.034228885898057664
018818 nan
436244 0.008751370919444572
019610 -0.042814753965528286
330889 -0.04809289424297462
019550 -0.05770610558866251
125071 -0.05967451661930738
433700 0.029731968470982143
226849 -0.048477977766267014
124672 0.01656219694349501
332419 -0.009716317767188662
331177 -0.0035802899326813882
435602 -0.012076304703162462
019259 -0.05154454518878271
227968 -0.0002849631839328342
228553 -0.012441744006742632
125782 -0.038201654418141974
226711 -0.00788320093897023
435563 -0.035917936981498415
123289 0.044528062031032205
124192 0.027449002676523206
018959 -0.06810798368916637
435290 -0.006604938134460077
229144 -0.025895755757730475
123613 -0.012677789365173017
331213 -0.045297776386414704
331084 nan
227368 nan
125620 0.0002757816357947801
435461 -0.04836826918545724
434288 nan
331321 -0.06827125449212343
018788 -0.07468677867972662
124480 -0.0013105017798287532
019457 -0.010145352270597773
332224 0.022713978832991664
331216 nan
019082 -0.050879175700838594
019658 -0.07485126734071017
331975 0.022694799635145403
125188 -0.028621112595422923
436217 -0.0055127031840975305
227641 -0.05788797286337761
125059 -0.013077594255373866
123817 nan
435803 -0.015564866293044318
434999 -0.019914651528382916
332830 0.005628122129137553
433898 0.007189940105089215
125389 -0.009980737595331102
436100 -0.013870893962799556
227548 0.004995426488301111
019286 -0.009969625018891835
436094 0.004948636211415447
331456 0.00849222968705327
017579 -0.05565043542750928
434300 nan
331387 nan
124660 -0.015603875357007226
017753 0.04285395345149637
435488 -0.016079785872478877
229339 -0.0051222236789002715
330847 -0.024342215150818792
436277 0.006819613017733134
229045 -0.038983824486794064
435773 -0.03425993947755723
123145 -0.0677110330648471
330772 -0.012724414704337952
227485 0.0008310396519918292
331435 0.000389382412103839
332248 0.006146010898408436
435650 nan
019019 -0.06384738917073245
125143 -0.0714334970781615
125056 -0.027701926925194957
435326 -0.013069481925358848
123223 -0.07086268022067642
124579 0.015216843791739652
330679 -0.009698900206264478
018866 -0.014912467154245528
330298 -0.032496793064671035
018950 -0.04321225828594633
332413 -0.00754290535336449
019568 -0.06615890715654034
332401 -0.0024745017290115356
017873 -0.020847400029500324
331273 -0.0051909532144498866
330727 -0.05695393787053333
123445 -0.04861457600505605
435629 -0.019213458037430464
436082 -0.0027932799051678375
330493 -0.01754156128229077
229189 -0.0360967570815722
435782 -0.047257756294847346
330514 -0.05270351585222897
227203 -0.009933092811750987
125101 -0.05978377000544887
020237 -0.035777296759253875
434240 -0.05767056858728803
228517 -0.02348403150490934
331984 0.02164086599981582
435314 -0.0023941045962505457
229399 -0.015223790728856644
123229 0.059966205002425554
436004 -0.041821949065677703
434048 -0.056245853172763885
332431 nan
435287 -0.011532969225300962
020201 -0.04367232244778302
330781 -0.02078666543602047
227194 0.05890346437821658
228916 -0.030603628698092047
123658 -0.005092810275267245
331096 0.0020995745583186074
018755 -0.05015547843206497
434765 -0.016935379359514564
332620 0.009931834123712043
018548 -0.01491978685691874
124891 -0.04425149722804402
435587 -0.05304086575655042
436076 4.528523332437722e-05
228541 -0.022502463961404467
434006 -0.044582416886678924
228484 -0.010988882609776087
226906 0.03432749487940392
018008 -0.015300872254413693
125737 -0.02791017265411085
123667 -0.034651606389999055
332221 0.015325077340372369
227263 -0.050814302194686155
229174 -0.061558533769894695
331492 -0.09402868716747728
228421 0.013599566202315071
227512 -0.00924708941995382
124006 -0.05135951807639737
434417 -0.03577359693120667
228457 nan
331708 -0.015032528889353965
017822 0.01938685616038887
017600 -0.04193843009507977
226927 0.006196917820369264
227482 0.01220438972352043
435338 -0.052617494020364086
229027 -0.01335180666176064
124051 0.038725382245832274
020267 -0.08132856219729637
434972 -0.0541476831628532
228268 -0.017533845256990737
330799 -0.0551597682177705
331228 -0.032527601908123684
332689 -7.2014257774592655e-06
017792 -0.06921954129738783
435284 -0.016419493806466928
123412 -0.015264544306882451
228910 -0.021765899204072493
019268 -0.06355000299120706
227386 -0.025335300735562866
330673 -0.005267502641305829
227284 -0.04142563953961915
228097 -0.009350357074586172
228223 -0.07110645454461101
228460 -0.002308172433554721
124450 0.035927614417235895
331513 0.002635133863223196
331144 -0.03145942940170693
229048 -0.03491601156809974
229129 -0.03012899152275656
228319 -0.02704612319431608
331741 -0.004054989217660625
125791 -0.02605849460061793
227494 -0.011367674587535211
330205 -0.023372242444252903
227785 -0.0576264712844377
331819 -0.04735732481810317
331045 -0.0647715205237979
227053 0.037723406396730975
435869 0.0013344063960685933
332710 -0.038873462720252494
228571 0.007364401770303203
228346 -0.02997634474983081
228424 0.014222245285476465
229198 -0.023348833557784957
332416 -0.007724390332660978
436025 nan
228919 -0.026650192624046692
125623 -0.0007766932067125854
017882 -0.02821064657635159
123598 nan
332818 0.02693452958076719
229138 -0.022733867130582293
434054 -0.044694274762936206
226726 0.0017388892146735506
434852 -0.028779854138906942
228751 -0.018430847390172325
124756 -0.04274282178708485
018074 -0.02857945422933559
226879 0.013738571200275052
331930 0.02978901636032831
228550 -0.012915555919919693
436088 -3.361985796973819e-05
229387 nan
019361 -0.01291245348239071
124885 -0.04455649606765262
330988 -0.03968679829249306
018842 nan
331996 0.04619653447609891
331576 -0.0660548576812475
330319 -0.006899746616702208
125803 -0.026818227070957285
331417 -0.054954218190760136
125716 0.02582090568067573
435197 -0.08687826298198112
123670 -0.035954075452058136
125794 -0.03629456943665502
226855 -0.043894553594488316
332323 -0.004135966155409667
331354 -0.06580098848494273
434255 -0.02962447165882216
228109 -0.03859085650410102
435161 nan
331516 -0.010237184835939989
331840 -0.03354090183426775
332824 0.03130996710829424
436226 -0.00940299239793755
332782 0.013912676345734369
433754 -0.026773097023131357
123475 -0.07995604323102283
123958 -0.03517840043669871
435671 nan
227131 -0.08052979770482588
125635 0.010359532059996037
123886 -0.018529930834221244
019121 0.0007609753381638299
124495 0.003469342277163551
229165 -0.021774212140885613
227578 -0.0532105939578166
434072 -0.04697206021563018
332683 0.003600671468928038
124810 0.015807811485246306
123253 0.021265117163142607
331939 0.05441817157921748
435272 -0.02744026748624142
123826 0.013890764069935632
123712 -0.03910117037257493
331633 -0.04107059278185406
229216 -0.06525081306504836
228796 -0.03271332911708447
226981 -0.050288756759840056
124663 -0.005228305619860452
020258 -0.08195152049559655
125227 -0.0974190623981023
435986 -0.009243110626462905
124828 0.019956150008748865
435794 -0.02735982398794155
435293 -0.003437239826817216
123361 -0.011286721207927956
123652 -0.0024496103720690215
435608 -0.009550133710185057
229372 -0.009036681989863786
123439 -0.04602202770360984
018029 -0.01817070886626418
124585 nan
330325 -0.018029860175304516
435365 -0.07248843019684834
227137 -0.06527882412312522
229285 -0.06556024506666615
226780 -0.030993895997206224
123766 -0.034584834937503466
330745 nan
125032 -0.020526415182823693
125122 -0.07843302154824847
228094 -0.01400478680928548
020165 -0.010356935874494926
331072 nan
435059 -0.04338975926343327
434879 -0.10863743131122891
330925 -0.0696154858103539
229228 -0.00035766134623060593
124921 -0.08029887304589377
125158 -0.03777332464853922
123664 -0.02376312057988173
331630 -0.03076584991954622
123118 nan
330199 0.002667900314904694
330364 -0.025240872398255364
435269 -0.030682108705005953
330574 -0.037495723113515025
332779 0.01831577516705093
436355 -0.009037403076414078
226732 -0.015448710799071669
435044 -0.04171848505787101
228286 -0.03678184085422092
436346 -0.021272610861157615
228130 -0.009389806046056997
330622 -0.009016484925241182
331375 nan
332797 0.009637514842465732
124645 -0.03977244864213589
433904 0.004273948495630515
123409 -0.007352281379651648
019346 -0.0028562260683251436
227989 -0.05637899719218098
228250 -0.03938194104263186
227338 -0.03799609986562578
019322 0.008361875821673682
228025 -0.0021362211969163684
330919 -0.049046586862492934
332137 -0.00010821428248491238
123649 -0.03817785127304427
434027 -0.022615660442090343
018512 -0.03219257460700141
123526 -0.0779454699973306
330142 0.012739836784196837
227917 -0.014172504818628705
436187 -0.0034348450009785
227308 -0.005713994104201396
228709 -0.0556002847456964
228220 -0.05314596147398575
227542 0.00018409723144156216
125317 -0.04792544456443401
331807 0.02624615409281729
435521 -0.031470544754512726
331504 0.001539848721216595
332161 0.0010677926124088347
435617 -0.013861302345518082
436319 0.0025158052954359065
435842 -0.0068386521512767435
229018 -0.0365152652467469
434369 -0.029000372704596343
331159 -0.010867699099137497
123241 -0.020391960753006564
019181 nan
332755 0.014656713165663809
332800 0.005985645736966814
435002 -0.004926431179046629
019505 -0.013331102946447947
330634 -0.034426165304731145
227707 -0.020008424668881725
331831 -0.03459565133104159
124642 -0.03288808701530335
018212 -0.03477599507286435
226891 0.02820510615999736
227695 -0.008980908721843093
332113 -0.007758615508912103
434876 -0.016988483055558782
331300 -0.07325244492561954
331111 -0.03777988799034603
017804 -0.06207806141239673
331081 nan
124561 -0.0035089134539245926
434708 -0.01154601725320967
434423 -0.013986151759364025
125152 -0.044241099268994125
332212 0.006832735879080636
124210 nan
434663 -0.0008015302294263408
019424 -0.023353886659690865
018200 -0.009401388111568633
125473 0.03866618049304855
330676 -0.012732511530625946
019079 -0.041281416420898734
227698 -0.014778607639783177
332377 -0.005206029701665415
123577 0.0008616882657247877
228211 -0.029059399336197236
017693 -0.025867506895476185
229015 -0.027314013904995393
331846 0.0006308433143016414
124825 0.013393307159981948
018026 -0.011286712407645304
332362 0.010984333464347856
434936 -0.062190016695097376
435845 -0.003367417073123669
123898 -0.020796543181700593
332665 -0.040440355869407585
330757 -0.0055358781798915515
228823 -0.03570231066095718
332200 nan
124063 0.013936291800604924
228811 -0.016296704511892135
227149 -0.06850082770226493
330439 -0.034318096128036664
226954 -0.02489897127919871
227800 -0.007761083330426898
125170 -0.04801141103108724
227725 -0.069249696411994
125254 -0.0366473496707161
434057 -0.04834970628983971
125464 0.011433634020033338
125800 -0.05596021611117386
125719 0.031883417870493584
123352 -0.09590596954027811
434588 -0.027777802039550995
332653 -0.026529375094729787
434138 -0.07882172024095213
435440 0.007426070462306733
123469 -0.04527140150662341
227749 -0.013051736081508523
228874 -0.042110910718403165
124633 -0.03733400693015447
227095 -0.010779412248190729
330682 -0.01453001901181596
228181 -0.06781310046375381
124033 0.0013914105241689253
018953 -0.045132913777675816
226915 -0.016638478274067874
332134 0.025891708949255562
124375 0.017753513159187138
330694 -0.038931824684452
332344 0.0020671874757797
435920 0.005513492715421808
436157 0.008917119767930772
226909 0.04179200485571107
226741 -0.04723137889812194
331078 nan
019565 -0.06049310025714693
434063 -0.04908239654962692
227977 -0.017752421175571558
436070 -0.0003909387285747225
019523 -0.022832246053786504
018179 -0.012990132210746644
227236 -0.053836103363003006
226993 -0.012205520452346953
330775 -0.006557548397522665
330520 -0.02195243088025895
434462 -0.003508600734529041
435020 0.0050304285582592955
125338 -0.020216237639915088
331621 -0.005527048136191395
434147 nan
018848 0.02757823278033544
123832 0.0010996570284404453
331804 -0.015801529616694183
229276 -0.07187416790374092
330331 -0.012878493131102257
229126 -0.024010567438034786
435263 -0.03374517862976936
436178 -0.009898999506834323
433877 0.038828083311889715
331168 -0.005985614127445857
227839 -0.050272046102456454
228079 -0.01010094109981779
124567 -0.0013930706750778926
434051 -0.05036840891970905
433673 0.028981298365920942
018578 -0.02945919409086456
123943 0.0009807859148297988
331255 -0.008439692802461927
125266 -0.030551539684729605
229036 -0.021223394051415333
124843 -0.01775677752050554
018089 -0.019609316676652354
019397 0.007039706669156513
434951 0.0732633696662055
226750 0.02463367911242934
434846 -0.03567636588483837
018413 nan
436181 -0.007516678526679479
435734 0.0006521202269054594
436295 0.01572748147695561
018797 nan
226786 -0.036512816556587745
331666 -0.03414231391521581
124537 -0.013333121676592402
018041 -0.07109846198369586
434888 nan
229237 -0.008157978154192067
017867 -0.018668647255756957
019454 -0.004148241731526525
435236 -0.03185327595503873
330157 0.0012381598604247225
123286 0.048025632566875885
020168 -0.0100127136896527
331315 -0.05408321092032935
229171 -0.06071213758030837
123310 0.015519760996160977
123907 -0.03278249937663768
434201 -0.08207474036843036
019718 -0.08016499043073957
435362 -0.05982708798954521
330739 -0.027229944864908855
123727 -0.0367216414531416
434213 -0.05961913373336855
330352 -0.048316218759008135
435395 -0.0151416990492079
330472 -0.04761635311066159
228676 -0.028827508707536562
018035 -0.033449648814890515
124417 0.023252630990649024
125167 -0.046551589557760904
228253 -0.049277892089409324
123181 -0.01711652775989076
331981 0.024109837870118483
227176 -0.030136055416531037
229024 -0.013712981587167968
017771 0.0021782631344265386
019310 nan
018083 -0.020316082018393057
435593 -0.040596869099077094
435983 -0.004399227244513374
125704 0.05021104415257771
227008 -0.01853579760728189
227692 -0.013146387722241071
123631 -0.012207116915550065
228262 -0.05197886676384658
433853 0.04055773974690905
228574 0.004087897460671583
124564 -0.0065218956915886845
124636 -0.0357924967396016
019274 -0.012105314504532585
435665 nan
227629 -0.024839951366028457
330898 -0.02597455618752952
434126 -0.038326198079409915
227869 -0.02362875727804222
125545 0.003285069142241156
124348 0.05135734227238869
228973 0.0005955840804441079
331999 0.04809703262152106
018266 -0.03531405369731824
019943 -0.0014216014317103797
433856 0.04333290591323935
020246 -0.058671977930453235
332326 -0.006454292680851366
124228 nan
124369 0.027675803909953837
331195 -0.028929516049518555
123688 -0.01911086866219993
124591 0.043545494382343584
227134 -0.07633845840361835
017750 0.04683225997996275
433901 0.019159914338539658
331090 nan
226963 -0.02228571515406709
019256 nan
436241 0.0053044100227595875
433772 -0.016734856491598768
018983 nan
435014 -0.014161563683921513
434483 0.004547334572345211
228280 nan
017894 -0.03260176774685976
227719 -0.056854411226015505
434432 -0.02017341628907219
435590 -0.05466896189110619
125284 -0.034609234245350506
434990 0.09258747867942622
434156 0.028397058893974075
330463 -0.03756272062963369
229225 -0.002699821579213045
019643 -0.07627553204245295
123370 -0.03155664925704372
123397 0.0038483826959817254
123784 0.03762353368166114
435683 nan
332341 0.010951663797108015
331669 -0.03929952190481091
017951 0.00025261142266490473
018749 -0.0595984250780136
331150 -0.019089189472608785
123949 -0.003507329042626436
229000 -0.0034117772668397347
019025 -0.09227205987960573
017924 -0.011933028783977118
330481 -0.028229085856644562
124141 -0.025893594537462504
019217 -0.05740544314827778
433676 0.007213244092167099
227650 -0.09168946034783948
331180 -0.0020052682002776948
228937 -0.050350244615286116
227527 -0.05317480509250914
123556 0.10798028158763098
019721 0.015739507776088815
332209 0.004732911548917256
124759 -0.041805348781325066
330850 -0.031095133724626082
124231 nan
229156 -0.02446039959236428
018665 -0.006720749158707877
332731 -0.004779161964741565
229249 -0.016165994263332685
228742 -0.052747822943187896
330412 -0.06886105388560622
227473 0.0029496276189410493
125752 -0.0007246479477603788
123322 -0.03387169950406475
436040 nan
331069 -0.0904233145695785
018914 0.06911566333165245
434756 -0.009967645983566337
227065 -0.0012740878268442594
332722 -0.009759950921649024
331426 nan
018923 -0.047601057473280674
227278 -0.03459509592207652
331027 -0.014807069869268507
228310 0.04256231784179129
434204 -0.052994866884608784
435767 -0.037844445970323354
124558 -0.003525980250545279
436334 -0.033040757462391074
434993 0.08340793862976227
332170 0.0045529670185512966
124894 -0.06980268538944305
435815 -0.047318499963156645
019136 -0.019000522253584822
436028 nan
330355 -0.04910235610408307
332728 -0.010172175581263716
436154 0.006646277412535652
125203 -0.11059646703759017
018740 -0.05008854725463591
123325 -0.04324545772607747
226864 -0.023016648417887968
123448 -0.05883235504049589
435746 nan
227206 -0.0218100562488435
018692 -0.038409009468331826
123265 0.023466746853352434
436061 -0.0032052013428933842
123226 -0.01866847468611875
228556 -0.018475827048806584
436118 0.002796387152066306
330388 -0.006350403065005327
330403 -0.0252108485731112
123313 0.00443250829535547
017810 -0.07674243374476356
124726 -0.05340357290373908
019985 -0.0019011722039924094
123634 -0.010066931750498663
229102 -0.04792206131802245
435851 0.0028317597684959918
123133 0.00826635970677537
019037 0.019531722384897157
228205 -0.017586953124720535
125212 -0.10824656554090192
330499 -0.020838790075488823
123136 0.009895803909453134
435995 -0.0018273713637371454
125788 -0.01810315012120876
331102 0.0016460570078047495
434747 -0.009252082832727746
124090 -0.006852832673087952
019055 -0.007372729977541887
435956 -0.002346334949372306
123247 -0.0002687903764641642
229030 -0.014762485517928404
434024 -0.020339254879110653
227326 -0.009647943535629583
332203 nan
228985 -0.0623679668154974
019157 -0.03516499769119989
228511 -0.018701954493446957
331654 -0.009540252984608508
330310 -0.0193672004451576
019388 -0.012226054998211848
330406 -0.026031031603175228
229084 -0.03654161856718901
125347 -0.029363027221590777
330169 0.024194065964672176
435932 0.003979168661477494
436331 -0.028499517491254855
331204 -0.055430873869872985
331783 -0.04965408909770981
228568 0.0086139435584919
018044 0.004845839365968962
226876 0.002685397753090791
229033 -0.018447088766125056
229120 -0.027191896884762055
435539 -0.035358554787105985
331474 0.0018875077821687318
125206 -0.1086124010434767
228433 0.00893692213391501
434345 0.004229549377683609
017786 -0.044513578800475184
332131 -0.0007085951547774058
330517 -0.04263678753997733
019187 nan
017681 -0.046353235971108214
330652 -0.04628100207333121
124888 -0.03520530092423784
123835 0.007460307318066793
124081 nan
020294 -0.09942408416777201
330721 -0.08973440806070965
436253 0.010800435429527645
123331 -0.036003087969320245
435500 -0.020701027421093494
227098 0.01659158086019849
019067 -0.0609790279306506
228988 -0.001835686593958338
332104 -0.012387844872853111
125734 -0.012607477694040253
228115 -0.05197416904360749
226873 -0.006131789376272456
228049 -0.04067553549187201
433715 -0.024817484911118414
019511 nan
228529 -0.06356580346865744
020210 -0.031811266933804025
331369 nan
124684 0.0451289645412512
018086 -0.02283773488468594
020273 -0.08772973761987433
330523 -0.018952599084129836
436313 0.0014837817801239062
227668 nan
332629 -0.010046682660541836
124225 nan
228478 -0.0034188907297830733
330823 -0.016037319860761127
330769 -0.006993910622975183
330178 0.001953920138956005
331642 0.03643395736052825
125044 0.018797412702064618
330322 -0.009498601042713035
124150 -0.01715864075554742
020078 -0.08461030212794841
019142 nan
019991 0.0036169668984791592
123700 -0.03237858086891996
436148 nan
330883 -0.051598151290773706
125458 0.004839554665580628
124138 nan
331528 -0.01465937574073751
331612 -0.002292870907556443
226858 -0.043711110250607546
228022 -0.006822230828502192
331048 -0.05881270211359871
330844 -0.0604567041076739
227950 -0.0075316135845487076
226936 0.015799544160328215
435953 -0.0018654735315413703
125053 -0.02358530047078612
331501 0.0013028892259749156
228418 0.013938270999190488
435473 -0.08527382099686037
434402 -0.047540215960828774
018551 -0.013078745631944565
123511 0.001093565471588619
436151 0.00841439716399662
332608 0.01005154768625895
123754 -0.030867641742930392
017954 -0.0011739264089594443
228298 -0.007763513775210198
434186 -0.04218793178064436
018941 -0.024360862509681645
124621 -0.03724354127096751
332437 0.01842651850151818
331561 -0.01616176387719941
229207 -0.030193418637851726
330832 -0.022703961039346368
228946 -0.07181909191545355
332443 0.010925178963040549
436175 -0.022351071737851204
125593 0.03982275081711776
124324 0.0019996884286440516
017711 -0.006041921239320923
331327 -0.017443122521179764
124612 0.028035678182329448
434738 -0.007520298054252118
434375 -0.025861005213615663
018872 nan
018671 -0.027978504055481652
018815 nan
227827 -0.017361527243052868
125089 -0.052872826953553796
330382 0.02941410151650959
227452 -0.009267438588250815
124744 -0.060309540027033086
434567 -0.04815675555373966
436322 0.0019555098165279974
228004 -0.00442474607437376
330805 -0.05864809910771709
435839 -0.005973056090151401
123955 -0.011617257271283939
435248 -0.08726455527784188
123553 nan
332674 0.004379224259353421
331966 0.08656198151257573
331936 0.04857469083073742
124015 -0.001972118459650587
332269 0.004830409610082233
019328 -0.015403055009387788
228925 -0.02661830876149288
332368 0.0005693148052881633
332725 -0.009705121555025615
433742 -0.059618060550992454
123484 0.011986256442472351
436145 0.00796470187959217
434741 -0.004207520674786837
330841 -0.049678211718324636
331816 -0.09963808832236438
019316 nan
018617 0.002768158007688241
433670 0.04864973465060972
124180 nan
227545 0.0032826596496289143
331573 -0.07296695152552263
019448 -0.010896888674882354
125095 -0.052428569014968576
228475 -0.0003162868439205109
330175 -0.027638946691861427
435305 -0.00034264821332859484
017678 -0.04564566805578248
436223 -0.009487929798307872
123301 0.03760454230626141
434456 0.0011177105037413367
124879 -0.04042357946533003
229240 -0.01001059895470029
332020 -0.011271734275515118
124774 -0.03569232493666819
227311 -0.004559525989350819
331294 -0.07181576962740917
019418 -0.030936472556170297
123811 0.0015362784976050967
123298 0.041007614758594955
434891 -0.015860818681262788
435494 -0.011618829908825103
227974 -0.013615796174952594
228958 -0.0029142338888985776
018272 -0.06001233987246386
125395 -0.0173654727756031
228514 -0.0238435117025224
124768 -0.03381130501391395
017606 0.10256572340818022
226729 -0.011756895336149485
435266 -0.03217356210217074
123154 -0.013393812905130453
124963 -0.0539515891295758
435026 0.014306342966201936
436232 -0.010484332258354314
434678 0.003100653838893128
331120 -0.0330347416002432
228736 -0.017745871914624317
124681 0.03137352677429615
125176 -0.05047445065670634
433712 -0.01318494470905211
435896 -0.009999236653721523
017627 -0.011524039522208549
331270 0.0011549222625642898
227104 0.00956856251806918
331393 nan
331843 -0.01597989999822208
018908 0.027392642949920856
330376 -0.07888749462586862
019436 -0.03996494943440534
228904 -0.03024985109056745
434294 nan
019367 -0.01396233316451784
332263 0.006325328160846044
017969 0.0031022265474632306
123802 -0.06931735856192452
435035 -0.026277606644428787
018095 -0.004320501650451983
435635 nan
229180 -0.05253723512242927
017957 -0.001451250647201019
227443 -0.014577465989286937
332716 0.002855372266704533
019997 nan
332446 0.014075956410831876
227164 -0.007240445404262332
435809 -0.007486335470906927
124600 0.03317869554751764
123415 -0.028092558914793685
227419 -0.06235652663958363
330589 -0.026560121800476344
123724 -0.025569727506892088
435524 -0.0339885499742296
227380 -0.02973080686633549
228178 -0.004100113169044329
226897 0.020937012584153907
124501 -0.0005201954900482555
018725 -0.052593151892852255
123328 -0.04244873985763668
020045 0.04432178874712664
125140 -0.07215552167996528
434459 -0.0012210169516893641
226768 -0.02611183878686107
331768 -0.032630197103099064
228952 -0.05192972989309401
124657 -0.0190741503486121
124669 -0.002078887161608872
123808 -0.006380227909115657
331399 nan
330295 -0.05020329698194827
125755 -0.0050680787918241385
331924 0.025144614870586092
228766 -0.01816093160915344
018707 0.01200212542320381
124786 -0.02671345001938814
331339 -0.04575920255106296
435425 -0.018516617996685976
434084 -0.05938434769026608
019946 0.004199323956928557
434912 -0.0476435634284333
434372 -0.034539154306581756
125302 0.0018535973142259556
020027 0.005053187443826206
433892 0.02426485194140967
227479 0.01487835454734373
124984 -0.07914376583229119
228505 -0.012941298787555996
229093 -0.045520179087788375
228202 -0.01788348159534019
330976 -0.028611972092320682
435833 -0.004391512227436853
017609 0.08305447198034738
227410 -0.0003572699704678419
434828 -0.020953557343196105
228187 -0.0614261195583949
018062 -0.01958177452272171
228265 -0.03556903651280429
228031 -0.008850478708385182
019106 nan
125590 0.026050636328765912
020036 0.059044849845557516
124195 0.031060823810182454
123292 0.038590145955723076
332770 0.006956974057113231
332848 0.0006297496681280662
019247 -0.009949984058501228
019034 0.020314153855439845
227221 -0.041978108714002
125362 -0.013698804534822603
331087 nan
435791 -0.028720397453803514
124441 -0.010554636405039196
123238 -0.029910584882556157
123334 -0.03777606313742809
228979 -0.03682686604647606
332353 0.01549785023643857
331489 -0.09870809933037185
435971 -0.0034669770134819872
019250 nan
018467 -0.011160780685116549
331495 -0.08280363779513307
228352 -0.039441909011306474
227710 -0.03869238578610951
123406 0.002855824610896216
332713 0.006199064708891369
331108 -0.04577930097456102
124576 0.04869122684948028
434837 -0.024236603335408908
123628 -0.00997174858416199
434135 -0.07634745496437585
331231 -0.030845014416441618
436301 0.004855824864469108
229402 -0.026987257998546503
124045 -0.019372107467395764
019112 nan
435260 -0.03511975963602386
019031 -0.09745839663914271
330754 0.0009611813479630405
124912 -0.015184204035965855
331429 -0.006358743229985753
017813 -0.07390688129661747
332410 -0.008544492721557616
434099 -0.05922948449106714
332764 0.008860280243315716
125488 -0.0369258201581821
435719 nan
019493 -0.08926927607334259
125182 -0.02249706575389352
434159 0.023717807083533556
435386 -0.009014449152005773
226984 -0.039910918064218356
435335 -0.046576892936622705
123742 -0.008520902897827956
435884 -0.00090883235738735
331291 -0.06097571379768847
331870 -0.08976370327603546
331342 -0.05384397881390462
125674 nan
228499 -0.012429340301998078
227071 -0.01911597858893443
227161 -0.010364427216469295
435377 0.008787450336274646
434060 -0.03719899922612783
228016 -0.008059912985497778
017741 0.04552387047486751
019544 -0.010116057601375104
226969 -0.006495256982152425
017768 0.017120938512724795
228208 -0.020919731317948064
434162 0.01789058246768513
330670 -0.007341602884677044
017885 -0.030789251049990377
331915 nan
125596 0.028150549483677696
227953 -0.007626722729395306
228019 -0.006664859397070748
434963 -0.029856649776923823
331510 0.0032775846738663924
123574 -0.0027622192625015502
019229 nan
331003 nan
123271 0.04042082835757543
123568 nan
331000 -0.03820971837119451
124465 0.016289129184804508
331756 -0.03173499217044932
018260 -0.01273578281658764
227038 -0.0032549980437408216
229255 -0.024909318965158345
019400 -0.00867203195619475
125797 -0.033701498004803175
