436067 -0.05079035863972191
227743 -0.09044364961043945
020222 0.02633048466085437
229081 -0.07989323746163973
125077 0.008216179201729228
434039 -4.524054532649265e-05
227455 -0.07600606772105056
226843 -0.014420169195639277
124990 -0.016925755533847606
123736 -0.021349813210448293
332260 -0.028569511908539468
124186 -0.023302172746513177
228907 -0.013603807744609267
227734 -0.07105987773158086
020084 -0.0861556265089247
229303 -0.07005078534902504
124651 -0.0005839315239302039
228184 -0.08074156157808864
228844 -0.05591102043260898
019016 -0.049770972814303115
227476 -0.06770808480335136
018068 -0.0254157832045816
332116 -0.04955677902922644
332434 -0.04750505420896742
229123 -0.06288514388090476
018719 -0.0770927419990459
331105 -0.050381836307130695
434012 -0.021788569872780297
331405 -0.004326858335546079
125260 -0.039103729840682014
124603 -0.025852814920850703
228496 0.015505396066966938
019124 -0.03394658807557893
436034 -0.04287069759987019
227764 -0.12415894626687457
226765 -0.033149848772005025
436007 -0.037290234117734175
434996 -0.010742927418882239
434408 -0.04357880027862706
017825 -0.07494462489814079
435674 -0.06694552319724574
433790 0.00033400121064662336
435968 -0.0433747005091839
331057 -0.047028018334366886
228007 -0.09802272237095656
123172 -0.060015144675122034
330793 -0.08536749954895057
018938 -0.04411045877477867
018218 -0.0711033936097668
125815 -0.05430701690117621
229300 -0.07169271174098263
331852 -0.024553066682672955
435788 -0.06243343794985586
332827 -0.0707105771913027
124168 -0.027295835239781074
434150 -0.03740603069111001
227659 -0.06238846367123074
125299 -0.0219789542970065
125476 -0.037545067664140314
436046 -0.04437561127900422
227428 -0.04819012970061194
020264 0.025840518188166933
018734 -0.05100130404317557
331588 0.011994158928132981
124813 -0.06054918872895385
433757 -0.013565170375685097
125329 0.003663126480347429
229246 -0.008861158659677133
124696 -0.03226414885213562
123820 -0.07740130024554925
436202 -0.060905567181432946
123799 -0.054101397968919114
228340 -0.11503533828725705
125677 -0.041562690038207006
433736 -0.021134908496318727
124474 -0.04555208843876231
124177 -0.028105937342379542
435677 -0.06582693974925732
227524 -0.05833974740431447
227569 -0.008923715714673515
332857 -0.06128554690902328
017690 -0.0015417323106763452
019574 -0.015710312240959794
332017 -0.06944345890993539
331234 -0.0006190806306722939
228151 -0.0730645845861794
227335 -0.05038901194557174
227683 -0.037854567014890136
017636 -0.06293493276850143
124531 -0.0847092014970646
434906 0.05084271476359084
125491 0.01848714980248909
435554 -0.07086924721004847
435632 -0.0655889462620493
019292 -0.050810590837322256
019796 -0.05570719941142934
124540 -0.08381553257789211
226756 -0.054975408577712326
434744 -0.02726695272280672
123268 0.001819398151060512
332383 -0.056667490357405384
124354 0.03767808771535035
435095 -0.07867401130582667
331279 -0.07693471575969986
434480 -0.05740182429912543
228880 -0.018983258950659127
228799 -0.024814413292603053
228430 -0.019744633611706922
434954 0.02749656831946092
330724 -0.06364006555947975
435398 -0.06236761981523846
227245 -0.051710890895180564
330913 -0.06496108356052618
019313 -0.06142884048685644
124171 -0.03087572980786477
435536 -0.07088256842078687
227122 0.006186426656482679
227014 -0.010941231235700562
123841 -0.11968120647369575
018452 -0.006502116931130436
332662 -0.06381552223905161
330616 -0.02248303808584401
227653 -0.0545938884560183
226789 -0.013586309908598259
434648 -0.02353935249190829
019304 -0.05616880696725721
229192 -0.02828692800695659
331729 -0.04406696137319616
228763 -0.04119227317110612
017981 -0.11825751754860601
228730 -0.06157582457251554
124003 -0.022482314097320096
125695 -0.018341277387451164
125542 -0.03168382439919506
435527 -0.07115184653964166
227644 -0.047622318729782724
123985 -0.08145150811065859
436142 -0.05158395885710012
228121 -0.05290714758124874
123739 -0.027008512000586366
228703 0.011398875207958375
436289 -0.07938854164430677
330778 -0.07982836718419715
019466 -0.07753524349015689
330733 -0.08781137667037789
436019 -0.0411683258567088
435827 -0.08765487938188057
434945 -0.010877237359047576
018020 -0.11493222841289688
434234 -0.030378783655592583
018038 -0.09055744001875708
019220 -0.015057974188001231
330235 0.05777109466869922
332815 -0.06852957695617719
330715 -0.09924706106395943
229369 -0.06126413376663928
020189 -0.05910683760195078
019199 0.0383918900481017
332686 -0.06280077971454269
123685 -0.052064550054086445
124024 -0.08605064616349718
332026 -0.06975338180551602
125113 -0.001412756461076922
018875 -0.021966437625817226
436274 -0.08229749892845063
123139 0.010347250455654926
125197 -0.02379121603842878
018893 -0.04536940762639033
123211 -0.021052961435879154
229243 -0.011217839703298304
227257 -0.06039195385280932
018446 -0.044090377943856375
124000 -0.031409998277974284
019133 -0.043731203509701624
227044 -0.013701106331948395
124855 -0.06168806921858902
123274 -0.014911274839632992
331552 0.016694522866132856
017654 -0.020855128843948318
020015 -0.049097529455288974
436190 -0.06438343963903229
020033 -0.06289479435154824
124504 -0.07747955969455744
019487 -0.06613837548849244
331444 0.006803124724164753
020285 0.04181631960387089
435758 -0.07089604161313173
125680 -0.035993482523036455
330340 0.019183171692962353
018608 -0.07447484565790369
331738 -0.015202172030020058
434720 -0.022806125473325157
228226 -0.11224400939845933
435308 -0.04848854796065159
330904 -0.10015428867731546
330448 -0.058891692363395885
124834 -0.055117962997303455
124381 -0.01449523803900187
436160 -0.05019392952081098
018689 -0.04039456765299029
435317 -0.05988797641439485
434111 -0.01425907211345805
017684 0.007295555182220794
436106 -0.04313623876866025
123451 -0.01870248673836334
434987 -0.022992757630877474
123130 -0.03645375316212636
124618 -0.04577104456863736
124534 -0.08797227180046042
020252 -0.017892937252531837
332452 -0.04368705902287764
019271 -0.04513840351679329
331408 -0.0051557074966644524
434573 -0.09555900110972261
330838 -0.04066615886402842
124516 -0.08307657759749905
228175 -0.07442717022202873
435008 -0.029580145652330032
331450 0.003604529360360919
125134 -0.033916521588097215
227140 0.024693111705360326
123382 -0.06904956403834824
228865 -0.050880173043020636
435824 -0.08471987542252256
435704 -0.06432986594757042
123295 -0.008531746760179508
436124 -0.04934794337538657
330433 -0.057916280503318665
435038 -0.042256435559654505
331618 -0.030846990643030456
017708 0.013731329754636945
227671 -0.04710406741032563
123490 0.02415772792354711
123343 -0.01619376369323671
330907 -0.0907830484152055
227554 -0.029329119722496938
229087 -0.08313426244061461
331372 0.004920186111333803
331285 -0.08224545679395161
434174 -0.0863599692717259
434711 -0.02109929569850425
229009 -0.09881429852184706
017948 -0.06553069210191916
331465 0.002519785462114677
125005 -0.02570393164007985
124261 0.035747376355586814
434672 -0.027362720845830125
434033 -0.019997620295726968
125332 -0.003412751530882619
229141 -0.053138944540264674
123442 -0.020106849524370283
331306 -0.01221811874586988
228325 -0.08276913069526025
020276 0.031465001171574004
229405 -0.02273388087337158
229039 -0.07838052872772232
229003 -0.0924173461903044
435881 -0.037625097166539216
123184 -0.04033690405581386
332392 -0.05674461477197066
228940 -0.07643873971644971
434438 -0.05855735069187596
123346 -0.02641201950379532
229162 -0.058041081224617194
228403 0.02980155149808923
123967 -0.03587918311790505
228706 5.275646453017643e-05
124735 -0.056552334861499506
436250 -0.06669664140355976
330877 -0.10333408039074345
436109 -0.04417868461975131
017657 -0.012304705260502183
019244 -0.03358403862321812
227092 -0.01802972992981183
020000 -0.0328245884465439
331720 -0.060787747432659196
123418 -0.0560792491926999
227074 -0.012348176070949488
123919 0.005895681582659361
331117 -0.06397509780360133
020138 -0.05681708824751852
331165 -0.07561643981091712
228835 -0.07013944577118522
331681 -0.015262931821838254
330409 -0.034501075506576565
434729 -0.028626985433285353
124066 -0.05248743925648441
123199 -0.040690544216126494
332029 -0.07356080736161533
331549 0.018590465029626732
227518 -0.06525702226273793
228271 0.012499135735766675
123769 -0.04151471949462613
018869 -0.015570500403418577
330649 -0.04506081694536162
125776 -0.048943306619427515
435578 -0.07027544632862107
331948 -0.04453224088334298
227392 -0.01733547143048713
124144 -0.0334321634045669
226999 -0.007498805161721981
018311 -0.10072981959838177
124738 -0.051324022139293275
019412 -0.019195125731619526
019928 0.06477573834762777
227077 -0.01261412787878553
330853 -0.07327851036586412
018461 -0.08865162867989274
228307 -0.026923696796401293
435140 -0.06589873402693475
331987 -0.05768948572990404
435164 -0.05318079654922351
227980 -0.09831371422919587
124159 -0.04392043428600742
019619 -0.05268791899605402
330601 -0.04406068319381879
227323 -0.03321565759817774
125698 -0.03451454159262326
123934 0.019852836378134515
019763 -0.0545902961145633
124009 -0.05303042299948015
332617 -0.07083473344775616
331276 -0.07365170581620789
019163 0.02707658505119298
018119 -0.08582524028706337
018065 -0.026149157699062467
123364 -0.01765799246662571
434009 -0.01420728502522129
332398 -0.053540183016767294
331891 -0.03144326087580814
125353 -0.10050647318272897
228997 -0.09175233656202841
125728 -0.05452930000011334
330193 -0.020294122583865242
125785 -0.07853093646522923
019973 -0.07252800826011398
331075 -0.029433711542599442
435647 -0.0551691467334138
434069 0.01344140236565647
228304 -0.017334431141346425
435041 -0.042788255170274764
331954 -0.0477392423160369
434177 -0.0617134346051722
229090 -0.08042915518791184
123622 -0.08047201343134147
018368 -0.1130024213639517
331795 -0.02827777167489646
226933 -0.003235516365353117
435557 -0.06947439140214041
227116 0.01317435984798253
435092 -0.07368401375487278
228082 0.010767347412512075
228535 -0.024674746645909955
226753 -0.05696284700755017
125467 -0.05770542244956997
435374 -0.04953001452428936
433784 -0.008774586711910557
436364 -0.08800225581471172
435575 -0.06896522439414905
017807 -0.05245206505348644
018290 -0.10458461654849444
436049 -0.044719930494761036
331189 -0.0320891504429918
229234 -0.036970469484827
124027 -0.08681717536334684
123340 -0.012659182579763483
018851 -0.015087891649059233
434735 -0.03167329348156713
436229 -0.061150045741752694
229021 -0.07294639533003326
434144 0.006455545496623475
124222 -0.046188218987497566
331798 -0.036500577322492817
125722 -0.05848090057007853
124876 -0.07740730124110372
124408 -0.032326866770621014
018623 -0.09324176559797337
018980 0.04192524141106992
228085 0.010183016068440619
227365 -0.02010816566801436
226978 0.005981548658624679
123583 -0.01294479579052112
331531 0.03181368514518957
436340 -0.08987565948801031
020219 0.04412002983605023
123853 -0.11890586117680488
330430 -0.05117231124462692
331777 -0.029922590907251505
018698 -0.11901002953626569
123541 0.051561418386693855
433688 -0.014888685104207449
123616 -0.08238761345500398
226948 -0.007847599818441811
229117 -0.0667500698421515
124693 -0.02185697199544758
330880 -0.10126210056401054
123964 -0.02735496591456567
227521 -0.0639995439348066
019241 -0.02709432999574828
018056 -0.044958660148704345
330787 -0.09276542634551795
020261 0.014235390520794488
019994 -0.047708232877494434
330484 -0.03860728663825051
433691 -0.009039917049666373
019169 0.02781356933882323
019535 -0.029608382466087272
434714 -0.019793286294706405
227101 -0.017977160576052757
435905 -0.03134163610819404
228397 0.015121105296772738
020192 -0.049702046757705204
125599 -0.10598632972330388
228592 -0.017140890926219697
434216 -0.06810762520204837
124882 -0.08142752147303138
123436 -0.012326087128010836
227389 -0.018962844783576575
018557 -0.0976447823985031
227908 -0.10952562252404513
229012 -0.08021433022240086
228052 0.007690941298249643
125074 0.006262256755308354
125536 -0.05625816618059993
229375 -0.03492543180816151
124363 0.010941567250061141
017738 -0.08794604176172904
435074 -0.07932259090760796
435626 -0.08866416150905897
123214 -0.0317288524301185
436328 -0.08831354268522926
331639 -0.044990947097355335
330658 -0.04933455917570326
020279 0.04265821464528708
227023 -0.00852754617555606
331210 0.032441958274982814
123256 0.020383507461753814
124444 -0.08272744932302108
020063 -0.10679712901613125
124207 -0.059680992817548704
228328 -0.09193659029309713
228241 -0.09199484577341441
124714 -0.05893164000345809
332833 -0.0697507838522401
124468 -0.04462966236063713
124093 -0.04413928627146686
330529 -0.02096379014488446
330211 -0.008424906287289403
332737 -0.06260199737622814
330961 -0.08230018206341472
018242 -0.073436612342821
124624 -0.027048676072054856
018053 -0.053385933631936874
228913 -0.02940665207687819
125263 -0.0377146442323717
123454 -0.024531284261779533
434102 -0.027881722218460504
017909 -0.06008842838935884
227680 -0.05163351208021156
332188 -0.048126331540185176
019205 0.03431844938949967
229072 -0.06330797031861267
331351 -0.006852100585629082
330370 -0.03630255608270054
227383 -0.016840808479188635
018728 -0.05837335209639888
123400 -0.07255250460333008
019694 -0.12201704144981276
124654 -0.0007723050479431316
435341 -0.07727560011970544
436052 -0.0468184537617732
228289 -0.009786729730918656
124423 -0.04167582448818397
331534 0.02381223047851885
019253 -0.038906338274568374
228817 -0.05616653573063198
330502 0.005548046273548922
332698 -0.060145095466598804
332149 -0.04061185899390233
228010 -0.09803567783604672
332845 -0.07363813544168128
018284 -0.08351382695069128
124960 -0.03500885874821395
436121 -0.04786732888409073
020288 0.04156460468297899
123394 -0.05244474681448082
434666 -0.024554152726952105
019232 -0.010851517426365821
227293 -0.03472673077068386
017660 0.004749410633486048
331684 -0.033672531353141404
331441 0.010796786023896273
124342 -0.0251509788894735
436211 -0.06126642581492173
123505 -0.006448517716120162
436220 -0.05838952573509395
435875 -0.0558326738275036
331606 -0.008310512508570622
331744 -0.008063558281109542
123517 -0.007365262018590361
228118 -0.048947538387390875
331735 -0.012999898132864023
123718 -0.0737088343099322
227110 0.005408062131055823
125761 -0.03320857004913976
434948 -0.002608563009986554
435737 -0.07306356418297648
017639 -0.04928336922296854
124204 -0.052980449352418905
018602 -0.09268835273777405
229279 -0.07385118328355354
019385 -0.08006057458170286
332320 -0.04644060165627061
435890 -0.03581901725894268
019127 -0.04094967250827626
123697 -0.014426399986279585
226882 -0.04653947961906172
436262 -0.07763135260415349
435623 -0.09833337097538661
019889 0.07570168320389735
332176 -0.05449321645112032
125764 -0.05712002332077107
124114 -0.04236345117078942
124519 -0.08556930383874492
018248 -0.08439873321890244
018140 -0.0703264466209504
227557 -0.041039599912695596
436349 -0.09100660372532135
226735 -0.024685526108974745
435281 -0.03438741232134669
436358 -0.08805688085302044
227254 -0.056414547384526455
123175 -0.03776236744378735
125809 -0.06550973757978926
434894 0.03901145236271548
227143 0.018855985662487224
330796 -0.0770873297055453
227080 -0.0034206775667995535
434264 -0.001318668748556735
332215 -0.0359807143518715
227128 0.009781408019716388
433850 -0.047386512371024696
435251 -0.047486689190499885
018944 -0.041157525892086655
018521 -0.002469042557736762
229366 -0.07282023845246671
433694 -0.010776794756414
330700 -0.095749255138378
020204 -0.020693735120956402
228100 -0.013143658139284855
331333 -0.02889420357758208
020183 -0.06959072109926923
226921 -0.021500855615377974
330151 -0.0477264650942355
124801 -0.06157907565464958
228775 -0.035688830340237294
435830 -0.08993323014191225
019793 -0.0667693280394883
019211 0.008550636211048552
019265 -0.04749879278635023
330922 -0.1077661766700004
330553 -0.0451407464896187
330856 -0.08684658506010992
434591 -0.07824594183106974
017960 -0.09643484727803604
331267 -0.06256312416499593
228949 -0.08671753292040611
019811 -0.015371499849929707
332647 -0.06306735383620474
227302 -0.023291331959720503
330508 0.0019147790906199312
331957 -0.049755502868434796
330466 -0.027133771265189708
227965 -0.10467480476464748
017780 -0.028664447065423437
125692 -0.017296035537611224
017630 -0.09330139312244928
019532 8.360539753906055e-05
228976 -0.027758521871345188
227020 -0.008267210700132395
123514 -0.030718105684512508
332218 -0.03603026765629995
019109 -0.07080420052773949
331978 -0.05742869297009274
124258 0.029721840288655006
330811 -0.09268034024470434
435770 -0.06688487415634503
229069 -0.04232799359320914
020291 0.02590960596460295
227413 -0.03564525363243804
330418 -0.040738123465917216
123940 0.027184592320187256
435485 -0.0764115230637972
331132 -0.06073696725524277
434903 0.03381407151430695
226912 -0.02967964711797866
228745 -0.056706729570187936
125155 -0.020019180335815234
018803 0.010442274703223712
125632 -0.13304402670309037
226723 -0.011094569049835551
227026 -0.004773039710540662
434243 -0.006070502087744532
434396 -0.04475667517151983
331762 0.025557708230711646
018722 -0.07492977742637907
435785 -0.06090746490591374
435533 -0.07124360334217526
123520 -0.010661473164408517
435731 -0.0826550387098471
123793 0.021169445157277023
020141 -0.04424018794065946
123499 -0.03527382358097278
227173 0.018096756185512982
331192 -0.05516878567590903
332395 -0.05380010607474358
435431 -0.06040794312605383
019289 -0.050471678089212484
226738 -0.0220148785747568
124702 -0.033399023376557424
125419 -0.03492474108956103
125086 0.01129720482614089
436352 -0.09134940059183505
228862 -0.051049814392888755
435047 -0.056667402016075445
123190 -0.0381449604846155
017801 -0.0442744035976255
331732 -0.0240328245243113
331876 -0.03500851702792619
434453 -0.06027152345866915
125194 -0.027754120963665953
123676 -0.05827627411714251
018209 -0.05650063311415059
228169 -0.08002541113539716
434561 -0.08319874714122405
018488 -0.07350181533622964
436115 -0.046312778200530244
123706 -0.05357761743010052
229213 0.017441624230805718
228871 -0.045987018584509085
123304 -0.0029444793609493623
330232 0.054582374511753455
017966 -0.10893866388035711
332626 -0.07145290020161058
125257 -0.048606145587844554
227299 -0.01947926382223766
227449 -0.06747822365883556
124522 -0.08129668351206548
019775 -0.07259743539410664
435101 -0.0767729362318811
332329 -0.0467316227304069
125626 -0.13667313219653626
226828 -0.008848876936527373
434426 -0.05098528205664198
332809 -0.06584679981780808
331696 -0.07493741837797094
226834 -0.015301691489338538
125359 -0.10706760918227506
436133 -0.049784004567671736
019277 -0.04812247967472589
123952 0.022074782907386313
124615 -0.04003895352671272
123748 -0.0658499531284005
229075 -0.07112756535329368
331705 -0.07247556064888354
435698 -0.0676497552223446
123196 -0.03931730367128082
435818 -0.07612992839873471
228217 -0.10068387832669985
125617 -0.1305265595331913
229183 -0.05589013957828051
020300 0.029539464966783772
435821 -0.07987732500748522
226819 -0.021405257149979658
331537 0.017320727163309093
435404 -0.07595627535549632
125116 -0.007498133218601883
434726 -0.025992579306175104
019853 0.022104007369842096
228493 0.01248860695364304
436238 -0.0626592971576881
331054 -0.05645308041249352
227200 -0.09448070967761409
227992 -0.058764835736957476
019553 -0.02430056264324205
228172 -0.08081859590495616
017795 -0.037141343219433264
434669 -0.0255423675338279
228955 -0.08495037852066319
227581 -0.017812992611519092
229345 -0.09495354729971292
019202 0.04250092161448029
434219 -0.06892595015602355
019208 0.022119339098195603
226942 -0.0032629315694751686
226972 0.011166984818016906
330346 0.04041083871560357
229054 -0.10815295536884402
332749 -0.05706286044857725
332746 -0.055906704254319865
123586 -0.014073114610853648
332680 -0.06594573618593218
436169 -0.050651580784557865
124456 -0.06325207996992462
331792 -0.031763649381815445
331750 0.0009755359488085798
331147 -0.04429888443746507
019613 -0.05883574910519775
435641 -0.04810127530834866
018956 -0.02730213260495818
019409 -0.031395819436444344
227530 -0.05350625653207493
018902 -0.032480608376245654
434105 -0.026684303400259183
435857 -0.07977560705634773
436010 -0.03847764339161407
019625 -0.050776403067874266
227752 -0.12580083254487054
435947 -0.03551599977485898
434909 0.04299356807484297
331183 -0.04165484243861641
018536 -0.06984310332341127
435812 -0.06984869214370533
123481 -0.01718707351858883
434594 -0.0687060728159994
018716 -0.11958614130932753
124129 -0.040158933268916744
123589 -0.01046402966344239
434207 -0.07035820678100178
228190 -0.0827157101474644
019589 -0.05589433405510765
123388 -0.052880602470581364
332365 -0.04686754206310093
019616 -0.050394131290350835
434075 7.057852461618784e-05
124030 -0.07330837064593766
434882 -0.01867083556881624
436001 -0.03791811097031895
227755 -0.13171081804923193
125179 -0.03434464240831042
435218 -0.0583496013000998
226861 -0.016138003472306067
436259 -0.07478749118254394
018554 -0.10197451153803733
435743 -0.06890233832912794
227458 -0.0743429837849719
124741 -0.049771592608774146
229348 -0.08440831109638201
125062 -0.008933653325443353
331363 -0.0027977478499626317
017621 -0.0670861521927344
227239 -0.04342295824405372
227152 0.015314366109771157
018863 -0.016265313719123542
124360 0.01871754910096749
020057 -0.10562317646921626
331711 -0.03618126380187209
330292 0.03172700621888416
018017 -0.1178992552770552
435923 -0.037933217488551024
332788 -0.0656871791375345
124156 -0.04316116021024116
123580 -0.01691907331360776
331156 -0.07473012006253696
331024 -0.034146161143115715
123262 0.02433374079597119
017705 0.015764989233463506
018731 -0.05538329673191858
123607 -0.0257904796189751
330208 -0.016244185218322386
020024 -0.05599180729851104
019184 0.033727255836018766
227560 -0.038734076042529854
331600 0.00034485878848654176
332644 -0.06204649204522319
434123 0.010781049737425587
124816 -0.06090484245678113
436196 -0.06061288981382467
330136 -0.037309702427384406
227821 -0.11532932614523268
228508 0.004474455577403066
124795 -0.067900588916989
227638 -0.04106453109951658
228043 0.011612499404085532
228238 -0.10763382649062105
227296 -0.02645537991077251
125524 -0.06835983954885261
331624 -0.03969350901290649
123235 -0.008643016862988783
330730 -0.09577109893136519
124903 -0.06535686533482457
124018 -0.055239575279994575
434822 -0.03630177508748354
125251 -0.05172068508744734
433880 -0.026197026687948693
433721 -0.01855768530624607
332185 -0.04838409115996013
124864 -0.060274667604259716
018188 -0.03934871436626717
124873 -0.07365346054112876
123982 -0.07681915491086518
125479 -0.028941186818908473
228757 -0.041563581028155695
228442 -0.0375316400863462
228124 -0.052585645775886654
434378 -0.050381784315064626
227185 -0.041828232811692075
330646 -0.03892796008322051
125233 -0.017405217251792678
020171 -0.08994173756907853
124780 -0.0649374916689467
330490 -0.03332984008049644
124243 -0.00806051932765727
123721 -0.06890385057677624
125308 -0.02897480833659212
228892 -0.03556268933246744
123823 -0.09535393270797499
227437 -0.06025558859255883
332803 -0.06494064509309933
434441 -0.05961343679585803
434630 0.010362841364892534
435497 -0.06740978203321758
434045 0.015348421006231587
227497 -0.08306077182559742
124789 -0.06745396030282136
226759 -0.04469218035100552
435938 -0.039141085442557316
019964 -0.06854902974173539
228820 -0.05917973793454291
331693 -0.07513571697931028
434786 -0.04255689549551718
435866 -0.07382592553005636
331123 -0.06495193497805166
331636 -0.016181425492762684
433766 -0.016433594358044312
227230 -0.037960914308886345
018164 -0.05530989788878583
229066 -0.04546050962599346
018752 -0.021847974042449418
123646 -0.010040332610855232
331174 -0.07935758435703774
332806 -0.06450508304464825
228769 -0.03854114825222768
331834 0.004884526152423427
125758 -0.03516301826486996
019049 -0.12119013246559135
125563 -0.040948600926816056
123844 -0.11770715364481629
228928 -0.08137979908101389
124924 -0.04891150757920784
435566 -0.07181819966158358
435974 -0.03351893667425285
124906 -0.05353108221003333
434384 -0.04797997694239873
228028 0.0026069389531495585
331414 -0.005617980175078534
123745 -0.06092266673958527
018878 -0.024984476049619033
330736 -0.08799647083441885
020009 -0.0459137273933083
331138 -0.03873897185286166
330505 0.005286301926828232
018203 -0.05322823182753043
436139 -0.053181100991055344
124918 -0.0469181957398372
435320 -0.0643229595849986
125239 -0.043444500497691094
330304 0.020258587729993952
331585 0.01522862682895572
228898 -0.01555212696047443
019103 -0.07819284481899991
017747 -0.07646923548997914
331030 -0.07065026177430843
331261 -0.04442783717125181
330598 -0.043548903224313505
434447 -0.05818738892374467
123757 -0.012751742278722895
124606 -0.027888971654962413
330979 -0.05402295224378354
435878 -0.04526798317039341
331462 0.0017639854447879615
331675 -0.023631010666713678
229201 0.010763116905960036
435410 -0.07407921512543209
436064 -0.04965831643772704
435962 -0.05449422739886381
124771 -0.06156619845799347
017864 -0.04607364795244972
433871 -0.03242166872485673
332278 -0.03305486426059183
226795 -0.009789886358532184
124525 -0.08727356489240475
125371 -0.05640413937972563
435512 -0.08106342592703739
229267 -0.06696212188614759
124831 -0.059928900561856235
123625 -0.06199983212040626
125614 -0.13300689954738437
227362 -0.016139839481982485
229291 -0.07274620977927927
123910 0.014147547572601232
330901 -0.09732218306546804
019151 -0.02202091012117448
018500 -0.07782263752830167
435029 -0.06220419941612605
330571 -0.03658964237405194
226951 -0.006907565068043945
227017 -0.009641294712023166
332146 -0.040496374410263505
435299 -0.04322652312520394
332761 -0.06331124695751182
227242 -0.04547409164378614
124357 0.028228302738049833
331714 -0.0031480450914517597
229363 -0.08312827407637115
332740 -0.06089621932059617
228136 -0.03743478008031705
125608 -0.12243006054638889
434675 -0.029638290208972642
331627 -0.050071542347652216
228883 -0.021708681453126658
331525 0.03614404542631153
125689 -0.019979399193058807
331330 -0.03315535451279205
330139 -0.03152593921256583
226924 -0.020280302255882062
018713 -0.11924276798879889
228142 -0.030634350458703892
332794 -0.0653081736086618
332254 -0.029832983099925166
124852 -0.06353948421889988
436031 -0.04423046112291201
332143 -0.04024243498880626
434273 -0.018834841317317042
018710 -0.12214975352811452
434348 -0.05047783394581815
018092 -0.05136574411772269
229408 -0.02840576441023912
434132 0.0371785890064185
020177 -0.06531336296986738
330763 -0.06057722253034254
330229 0.04346077894686564
123424 -0.04986875523886388
227011 -0.011062675204063056
331918 -0.022350330747185086
228001 -0.09068395960352651
332275 -0.03438633278164927
124993 -0.017008136724615135
124267 0.03608231904598956
434228 -0.05409782399110689
331969 -0.05297230443634784
019214 -0.005673555117030529
123979 -0.07569951546984058
124426 -0.04564916270843296
228058 0.008733967817654786
123367 -0.021428458070923324
124234 -0.02423065778698402
123619 -0.0851388611864227
125029 -0.013068906694118101
124939 -0.06858442938314274
226870 -0.03289077027655735
331810 -0.010821148446404926
332107 -0.051167120227783615
330916 -0.07356869385612184
434087 -0.006988326917530217
330511 0.003416923896193519
435005 -0.026895674581250754
331357 -0.0032741738105542
435752 -0.07053835828691767
020174 -0.05933956513639356
020180 -0.06672596698665778
017879 -0.0415153949896272
018005 -0.11915885805043723
019115 -0.061355873673050496
227929 -0.12590169277092184
435428 -0.06558998723149029
330460 -0.07035791914696558
124339 -0.03083901161878653
123148 0.014221858544757488
229261 -0.0563343088168784
331141 -0.030915223110786462
330445 -0.05461740111989096
019010 -0.04181554741624507
433697 -0.01965509135525891
434210 -0.07144280407632975
228448 -0.04190160028400894
332179 -0.050765300587226135
125215 0.012146856349969062
229252 -0.017318083270114002
331288 -0.07774703409490358
229159 -0.06396038644938742
434081 -0.002291201908048741
227251 -0.056609328686806556
125041 -0.013589069565957788
332659 -0.06368661325951455
125701 -0.040375275707726935
124639 -0.006618101139533431
019526 -0.05518090038246556
228841 -0.0650422176589763
434918 0.023184622040562434
433787 -0.00551796489359786
331645 -0.0271565133121588
019592 -0.07100276406307872
228580 -0.03533366449336629
227602 -0.03442671738710443
435452 -0.04177872240890393
228943 -0.0801625057422123
330394 -0.0548620444393953
125482 -0.032560232360289876
018050 -0.051274512899206356
330592 -0.03798613132865296
436112 -0.043881358345559875
017876 -0.04174831879318209
330349 0.03859173130214235
436325 -0.08627187725923897
434804 -0.06504743890551176
331759 0.032875821487997385
227107 -0.00040635331141408487
331789 -0.03974861490499182
227317 -0.029999793747249384
227320 -0.029819392893012067
018545 -0.09050109787880235
436292 -0.07041218989265502
436193 -0.05817721995953031
330427 -0.04847830034484645
019988 -0.08626586250247464
125356 -0.10016794887535563
330931 -0.12198519481667648
434465 -0.05921426293719413
332791 -0.06656278015004762
434366 -0.04441419500926331
019166 0.030639747857416754
124378 -0.016368324167609298
123487 0.0030212834643189627
124054 -0.0666264855178257
020147 -0.031020406912771616
123385 -0.0578689277878949
331297 -0.053761016630441416
435860 -0.07928965580306348
125020 -0.029145504733223526
125605 -0.12055232858434653
330868 -0.09817185622343273
124720 -0.058458015309875294
435572 -0.06944159500579881
331555 0.015606623050149811
434021 -0.04808975714186307
228409 0.013905955274935497
330337 0.004246546701462408
330163 -0.021389645617069193
330202 -0.025869508875449792
227374 0.0020262567928478596
331051 -0.06480986588014126
019382 -0.08121030579083799
019319 -0.07133391623230971
331384 0.0028475747987704277
228790 -0.035465875791422276
331480 -0.015384245157683052
124846 -0.06577656689788076
018896 -0.024880493183432363
020156 -0.041118490790563914
435950 -0.03316454736308694
017774 -0.05749068882520026
435911 -0.03322216483547485
227464 -0.07963099628499322
228901 -0.007932420762879186
018995 0.002157547938657647
433859 -0.044680948420025804
018884 -0.04557353934823611
226996 -0.008686591333072483
435344 -0.07662279425654912
330475 -0.04283334383956951
332428 -0.048358862943816604
125137 -0.0355719367428683
123178 -0.03377777962506972
229342 -0.09504021506329863
017585 -0.05224440068325551
331921 -0.009825296184003294
228439 -0.03837284056134298
124582 -0.027222801577194488
331186 -0.02366557709092685
018977 0.029501171829895926
123358 -0.04084148391305529
332023 -0.07658649062494793
331786 -0.03538239350528559
227158 0.02210526983661862
227440 -0.06322225264720299
228274 0.016792674198449042
331771 -0.031590546593931824
018107 -0.08168636877619581
124198 -0.039484158470106515
330469 -0.0046728959205966855
228283 0.005399378859889668
123592 -0.011612124435101946
017777 -0.04327360864634123
332356 -0.05041403781299787
434468 -0.0581247527185398
227059 0.00310900219876081
435680 -0.06580549710385686
227446 -0.06655993187817548
227674 -0.07019790382489093
019085 -0.06055237852760564
020030 -0.06773943189117644
017765 -0.09278747906299487
019529 -0.014915075463677496
434780 -0.028389612348157362
228292 -0.015785942954184028
125026 -0.016652246741961512
228103 -0.017832853437651276
019022 -0.058561993892623246
123493 0.007434021532919109
436256 -0.07018372779723829
332359 -0.05138142751727919
228229 -0.11206692486676396
435443 -0.03775306809785601
019046 -0.1234292333141904
331960 -0.04924024018919802
435887 -0.03601486584133232
434528 -0.07228179291459637
331420 -4.763552368170209e-05
435638 -0.04470127547862637
436286 -0.08210987254005005
229297 -0.07218999999285845
332173 -0.05478273086443115
434978 -0.02869809745453753
330181 -0.03337504496155082
123760 -0.051489790516531166
125713 -0.07129139638960331
331564 0.019282179467327035
124729 -0.055100262000401974
227461 -0.07832552997170567
227407 -0.02826929322195546
226957 -0.011658106270045522
227731 -0.06477185415093434
435998 -0.03753394441652995
019820 -0.010369492950464422
331015 -0.04992558286004454
227881 -0.11900555365824361
228316 -0.04501852607702635
436037 -0.04446226298866416
018746 -0.017379056194032513
123778 -0.018445406587369803
124867 -0.06232109672786057
124858 -0.06086033377528967
331264 -0.05489045894299095
019145 -0.029854923605447736
228466 -0.05085821290040364
330835 -0.0477298958996307
124483 -0.06121124213849995
123232 -0.008520902552686921
434927 0.0358662666359292
229330 -0.0832650062298552
435653 -0.06220084622608123
227029 -0.008190544631042114
436304 -0.06404642704234143
124945 -0.05543687851750376
018503 -0.06953708150429914
331522 0.04193957915339417
330664 -0.03919353990619513
330214 -0.0024727472023894363
435323 -0.060996401998153316
435605 -0.09954085922812807
020006 -0.035310393403216477
018899 -0.03741374768697156
434750 -0.025035471093260136
123988 -0.0806694845843601
331222 0.016064401583562867
229270 -0.07352484547753788
124174 -0.029170437547184472
227332 -0.041759727233114344
125218 0.008603413888947505
018590 -0.08235879945706397
228139 -0.031078073141717788
434930 0.029261855012866073
330829 -0.06563123405339007
435080 -0.07583062228334599
332227 -0.034402780460132405
330160 -0.03147826471928653
435329 -0.0687194556268742
125806 -0.07550573781162603
017972 -0.1119187012653245
018764 -0.047893008403677155
433889 -0.028911962652978112
228193 -0.08346753342801526
228490 0.005534599155324019
227179 -0.005272219075087288
331657 -0.02310933520488405
435659 -0.06474805326064563
125035 -0.016468123401017495
228463 -0.04273627116150543
228670 -0.00679085980089516
435392 -0.05603341059553139
123781 -0.01800910148291637
226720 -0.015635959989262684
124951 -0.05036379944079768
434246 0.003807284662140665
124102 -0.05227767213386862
436130 -0.04888427887776709
226945 -0.00163749307530247
124492 -0.0697580720881873
020186 -0.06594200010894821
124384 -0.015774890194591294
123994 -0.06659129760030051
330766 -0.052727583456933576
017618 -0.07259633894026521
018887 -0.06323502320331403
435515 -0.08117881106340853
124753 -0.05563004986524318
123838 -0.11770299083966665
436367 -0.08516618578304343
123916 0.0177620857962043
018176 -0.05548469146928254
229357 -0.08679201072183947
227167 0.03757001198182062
435503 -0.07243908332758676
125425 -0.05694826520318387
229096 -0.06998425415244391
124069 -0.02434747430331599
018269 -0.09169725711144694
434807 -0.06721642805255414
020216 0.01607302095738431
019460 -0.08165251865308472
125686 -0.02108049066920018
435023 -0.0707373804186618
019391 -0.06187978097292084
331717 -0.023761610859540098
330814 -0.08285515326967602
227995 -0.08145162734196744
227584 -0.028559011790211503
330817 -0.08088087939318393
433847 -0.04644723238796957
331855 -0.014711002003028155
332182 -0.049871451524103376
435062 -0.0607236786354848
123187 -0.036600063551178987
434969 -0.015933741067772532
330628 -0.02576880574727761
226807 -0.01534064708280312
331678 -0.014820005125281753
228145 -0.0455706148435405
018668 -0.03537807665734624
434597 -0.057545136899913064
123430 -0.012750371268375688
331558 0.017177026081410158
017945 -0.0689870522009136
123694 -0.024005486358482753
434171 -0.09421711278738534
017999 -0.08052503734758823
434777 -0.030779310842621574
019148 -0.023260224807405524
435686 -0.06613824886847108
330547 -0.050589765151830904
124135 0.0011039370705015602
435509 -0.0794869727901707
330442 -0.05309208778074572
332623 -0.06609717716580717
227266 -0.06713395271699278
433907 -0.0112474309212507
229204 0.008088717873230525
124687 -0.0034892047306373493
331423 0.0006621566581646382
227758 -0.1307830334040103
433763 -0.01925399353462379
125128 -0.04077325051533427
125461 -0.05011280531983718
331498 -0.044862249040941285
124978 -0.02004626037828204
435401 -0.07143788234291634
228106 -0.03532950698560444
434762 -0.02408165500074352
125740 -0.08070654986989749
123637 -0.040557492203457585
125296 -0.03351927554493347
229273 -0.07467473391113746
227740 -0.07536510235444313
123496 -0.01137098961770623
330556 -0.042664303367479874
435989 -0.037566541664170616
435422 -0.07029710540060043
435068 -0.06709801630808357
020048 -0.08221443175336386
332239 -0.030822988272656237
227728 -0.04782817353933921
332140 -0.04026323006512858
125017 -0.026544018563899128
018215 -0.07254766575947186
435434 -0.05496384185255367
331060 -0.044571842490550136
436058 -0.0511384200400756
330871 -0.10495917914234547
434018 -0.043084708996246945
018476 -0.0306475964281009
123814 -0.05627049544639804
434291 -0.025885751711421316
017576 -0.019280664018521035
018806 0.0008264193092928291
228013 -0.09236846104512687
434261 0.010515100114954492
330808 -0.09224106888560471
434705 -0.0175935931225282
020117 -0.015539273903294966
331660 -0.02293928247872342
125230 -0.008114553413284736
435716 -0.06976506722990197
331702 -0.08160383849359486
227794 -0.12514675711348697
125272 -0.03205706671620783
434165 -0.10569921862977981
125320 -0.049576281960791634
330790 -0.08906547173092709
227272 -0.07433088392526523
229360 -0.08802260988371448
123976 -0.05079077623846722
227509 -0.08066963791838468
123913 0.004640199956301538
331753 0.015917998389082425
123970 -0.04663085722281106
435413 -0.07699989933729848
331672 -0.026471068653842536
332785 -0.06556079793900586
435302 -0.04665079109963612
018524 -0.012087312324967967
124762 -0.058878794238168
019910 0.058259289015644145
331411 -0.006943412692373018
018542 -0.08621585612219411
124486 -0.06389627641908041
434702 -0.018599956337303603
331162 -0.07884427436398528
330667 -0.06180270843065314
434141 0.023338488447486292
436310 -0.06731758636742685
018437 -0.07510900522480492
018032 -0.10364701899153998
228853 -0.027912807519220137
124507 -0.07285345905650556
020003 -0.03134681129716133
226990 -0.0014876000472487613
123307 -0.0047962369095867615
228961 -0.0832600879507
125269 -0.028886298651872686
330577 -0.04273344272598255
124543 -0.08544122547858041
124462 -0.051080474449064675
124165 -0.03484867827775308
124690 -0.013181525616202778
227422 -0.03945354555105424
332122 -0.04943421413324925
330610 -0.034758718948050445
019856 0.06174937455815322
227551 -0.03300340007469428
020144 -0.035624447831558805
017963 -0.10653626795625945
434387 -0.04758495548509416
436316 -0.07561656435790524
433685 -0.03270444037186365
435977 -0.03887282389746596
124270 0.03687026552059146
124039 -0.0807001452631904
124435 -0.0664145563568301
226798 -0.010313389389544072
123193 -0.03733808179689252
331114 -0.06071596789695646
226717 -0.04252066498335556
435359 -0.05857425019313959
018167 -0.061280211065181354
227248 -0.052610586922413397
123931 0.014103192910093888
227314 -0.02788663541513776
434723 -0.022814802738183374
019070 -0.07905349757290142
019040 -0.12207323048563909
330397 -0.0430464836122034
018497 -0.0777172635035346
435071 -0.0732990783030274
331594 0.005120164370158358
436166 -0.05054610931520857
332242 -0.03159954569936236
330640 -0.032493888421705294
330892 -0.07029322986892274
330958 -0.08022258825854682
019586 -0.04121572527573436
228157 -0.07872977443963289
228436 -0.030588657114620405
434831 -0.045311905380134625
228934 -0.08969513854977852
331390 -0.008059940253248077
434849 -0.08757408793637414
124573 -0.024017062507382426
228970 -0.08123004746683718
123709 -0.0565099124383637
227971 -0.1128298209652493
018149 -0.057930938886376696
019967 -0.07812274550988925
228454 -0.012974261374435058
435710 -0.05661014070052404
434015 -0.03084441677606248
228196 -0.08813617671569585
434771 -0.027847909975734095
226885 -0.04296848884866488
228538 -0.027493373467017117
124792 -0.06811438688622533
330751 -0.053425002785630005
436103 -0.044755376279531425
331066 -0.038076756847799625
125509 -0.07901402077457782
331885 -0.036141298816703395
331828 -0.01458963910224794
435407 -0.07672436662152073
229219 -0.017606057332523805
123250 0.006293877912956207
020042 -0.09201339027885606
123733 -0.029680763199988174
332668 -0.06290407330998937
330604 -0.04016001352481273
227275 -0.07211122613477856
229264 -0.061990623713848385
229063 -0.05888769549064747
331582 0.014697515640129034
125629 -0.13612007391904674
227287 -0.037782095856136746
330538 -0.04251061908997364
434036 -0.009551712005822314
436172 -0.04959508243442609
332758 -0.0614694206159727
227290 -0.033717024907935246
331252 -0.019953425864944627
227911 -0.11398746186671146
332440 -0.04865268432368784
435689 -0.06696009257256111
435065 -0.06030921817390645
019778 -0.08010486772439551
436208 -0.06223487223419129
018932 -0.06284274416068182
332707 -0.061971290715967985
331468 -0.0030655678030753514
017633 -0.08011196726744835
019859 0.09941718494673218
124840 -0.06367033234824304
124264 0.03560485585803168
123142 0.0156531512109358
123550 0.05642936650815501
018206 -0.0603004815700176
435722 -0.08298783200892079
228067 0.005086792960778681
018221 -0.08262734206777717
227863 -0.12930414384826383
226810 -0.015635028714622815
331663 -0.026975358498899208
331942 -0.03808354638140953
227803 -0.1159881651114029
331609 -0.02389363585930721
331546 0.014000311179548384
123220 -0.019278946992410017
125611 -0.12945372238012368
124609 -0.03274316679939183
330148 -0.02261002358857286
435740 -0.06700495787862026
331198 -0.04903757794988767
124555 -0.08036357406195183
123376 -0.057332966725031534
123316 -0.03264499127433301
123337 -0.017277588061461797
123163 -0.07709364656709199
125311 -0.024554857802391757
124471 -0.045851587627026076
017699 0.014057169729340617
227536 -0.048381941856570375
434168 -0.0973096061595694
330568 -0.021717068201658887
331021 0.010849599169675634
124153 -0.05358313185065444
435350 -0.07430295367001108
017588 -0.07023842632395098
123217 -0.02734272399099496
330544 -0.04900028294716833
018905 -0.0365114936815778
332155 -0.03945585765527618
435053 -0.0569062394390744
019373 -0.0810374062368375
332449 -0.045691741722267844
123703 -0.04624665392404945
436214 -0.061363015731086865
434120 0.01934021419593612
018674 -0.06633312475818187
226822 -0.015061834184313165
330559 -0.04473296747170022
434342 -0.048053089511963604
228727 -0.05898061353509465
330454 -0.06391011162068057
124699 -0.03406939401336499
018683 -0.031306420178673224
018422 0.0008472504641489206
019478 -0.06883763550450561
019394 -0.04784111972683338
434252 0.00788275594994967
228112 -0.04626934738421286
227329 -0.04009766344238181
332752 -0.05753507830490427
125209 0.004224824210965234
332842 -0.07552588265232603
018011 -0.12576793507334885
331312 -0.02468258015999631
124750 -0.04895716829720829
227488 -0.08115413178556169
018071 -0.023708964537384473
331366 0.0011195154310022482
020039 -0.07701582679794569
436073 -0.06133786051712122
124060 0.002809342317436951
332164 -0.04574923866160926
125098 -0.010538067276939555
433883 -0.03422438375757738
125485 -0.037634264000023974
017870 -0.044404227121312013
332206 -0.04118748750124694
330940 -0.12010804963490321
435614 -0.10986560138810948
435278 -0.03439238581905275
330343 0.027531662958803202
227716 -0.05358006889560292
434231 -0.04363147998185751
434966 -0.001181682039420728
018965 -0.016929335064358182
332425 -0.049705071061778565
228322 -0.07352254112605548
436280 -0.08409292681101892
017642 -0.044875414164924105
018443 -0.06775479016672956
330637 -0.027986641823376582
123373 -0.047901267941069414
435491 -0.056103144245933774
331303 -0.013142168083904423
017687 -0.0012904335232246525
330595 -0.042179790614727077
434915 0.03432903356426623
018794 -0.017124385228946774
123457 -0.023774142986347422
018506 -0.059505375336482313
227701 -0.06999285428479746
124216 -0.054558787252184465
332404 -0.05687782983767742
435560 -0.070580425533176
019160 0.007315082583423258
124627 -0.011903950540359505
124546 -0.08699646950489984
228991 -0.08732835420944114
435854 -0.07851900684960966
123115 -0.039708051302018606
123403 -0.07361063525812434
125224 0.008612938828453945
331879 -0.04053530668987641
331348 -0.012139221789624823
331447 0.0039935432169364675
228886 -0.03083337029219434
331591 0.008957357485996766
435530 -0.07066781270458215
124459 -0.05818576533661481
125080 0.006899860907889456
332245 -0.030460309850491946
017597 -0.08769820331045307
123610 -0.049260514721270944
019007 -0.046541933060953854
123874 -0.02424982577960297
435056 -0.05992567958608111
331219 0.04089019546586523
228160 -0.07928175178392778
435371 -0.04658652497605834
228808 -0.04141988933805007
228214 -0.09823775542176434
228133 -0.0457366342735215
227047 -0.00410844429976431
332389 -0.05635284948751469
124498 -0.07307041980761049
332167 -0.049163285632280875
436283 -0.08458799125144684
228889 -0.036652244465452406
019379 -0.08093937546558323
331570 0.015826603609741564
124717 -0.059188874359315795
435611 -0.1087569544493843
124987 -0.02694778215500853
125341 -0.054547946023010704
228829 -0.06573472380478539
227005 -0.01348749316412378
019433 -0.07348216444890866
435356 -0.0631755869949688
019976 -0.052057559083919666
331825 -5.239541796430555e-05
332266 -0.027326425998432772
226783 -0.014013220077298529
229153 -0.06483921846979003
435077 -0.07715185487262424
434117 0.0066274186921498135
227986 -0.09471142471159343
018254 -0.09058328989246281
226813 -0.01707802736514637
433865 -0.03794182176054748
435848 -0.07862579084807689
227218 -0.026044666910174107
229051 -0.10437744375383237
019100 -0.07849739907048485
330862 -0.10110110566722053
434435 -0.05506020814369254
123259 0.029442881604501234
226816 -0.01732600944797414
124132 -0.018670244952533627
435797 -0.0642554956926731
435380 -0.06343249669453455
229177 -0.058693128442436834
227086 -0.01475802103449027
435353 -0.0707993467549234
123997 -0.048362188535577784
018014 -0.1276443109610352
229378 -0.014475470589887764
019421 -0.015019537314742879
018227 -0.05882076984424247
227677 -0.06937476759418434
435701 -0.06699086599339163
018566 -0.07703979715820103
020207 -0.008202252801133212
435599 -0.08918905749082492
434717 -0.022291296214673566
331648 -0.0454363697686213
229105 -0.01599734353640723
017942 -0.06422719030138166
227662 -0.0644067404712352
020297 0.02733119671956478
018947 -0.03927162352371339
123379 -0.0646213483752203
436085 -0.04778569207772497
434753 -0.023594482966505504
435416 -0.07504592007792607
125323 -0.042831912774514015
228712 -0.02288558817252652
018638 -0.0038139472341189727
228427 -0.014394900158558077
018539 -0.07782866205651963
434921 0.03654464665622938
434957 0.031148032336444646
332677 -0.0651186018311753
435929 -0.03997450840331411
020213 0.014045668077385344
123478 -0.03003925486191949
017696 0.0064659390705162365
229396 -0.037364086448788705
228754 -0.04612718191474278
018572 -0.06163493206082911
434183 -0.04901649727447696
019193 0.03690180836970424
018881 -0.037454719555498374
017582 -0.04146005275522739
123682 -0.06449477938825095
124909 -0.045787906977000505
226903 -0.03452593716724081
435893 -0.03510219787923828
019784 -0.08359506807141713
228562 -0.05396158862034281
435446 -0.03442807623463818
434843 -0.06141462772631718
123772 -0.02982180435270383
019376 -0.08227646685516087
123805 -0.07135967134658483
227425 -0.0416258939142384
435935 -0.0390188772762953
020153 -0.036297461248579486
018257 -0.10083466743367259
228739 -0.060537630307698195
434873 -0.005965536342453309
434066 0.027680465971244055
436184 -0.06158460790390078
331780 -0.030460458347190335
018791 -0.04409660554121411
124057 -0.06982293221691704
434096 -0.028265435467766834
332371 -0.04810703071263062
435368 -0.04926640074111418
124597 -0.015077528807906214
123691 -0.03400708197785033
436079 -0.05489262326998296
124330 -0.037528009522136155
228469 -0.05461769119367427
433862 -0.03974032541433792
125248 -0.048689774840386876
434681 -0.02898613355620198
434351 -0.05022240706758492
435470 -0.07521140314773316
228964 -0.0834788090471152
330316 0.01298132124888838
435965 -0.049488142787713164
226774 -0.020315975345317656
124732 -0.055525522917684395
435959 -0.054623869364531744
435755 -0.06899818830397471
228994 -0.08993890469401569
331597 0.00521391283072115
331309 -0.022843457792527094
330865 -0.10200023355768326
331972 -0.05389605182449483
017984 -0.11935287282761453
019646 0.013846069394072137
435116 -0.08346001827986882
229309 -0.07138455965095943
125221 0.00010915723078789114
226939 -0.0012813589757997364
331402 -0.006308285690764121
123730 -0.04212373762079869
435569 -0.0706684049805516
125275 -0.02544175217521667
330457 -0.07098708194554391
123124 -0.006664369809638292
124915 -0.035958305357308436
123925 0.012207500191815282
125710 -0.06301854795416038
124648 -0.0020179644977435943
332821 -0.06905082756636284
228526 -0.03177963467678882
123775 -0.01736483708972788
330307 0.023122676590989134
019094 -0.07452937750008269
331945 -0.04353789553344074
019427 -0.05594370820658884
123946 0.019931379324031853
330400 -0.03673133299684918
435941 -0.03775544798903909
331822 0.011359800983974822
434924 0.03607425709460358
227089 -0.018800887781741635
125335 -0.021850494680543356
125050 -0.015188041226295891
436247 -0.06392471048786147
228088 0.010590453413052925
228445 -0.027007833593477165
019088 -0.06133005504131871
018680 -0.05315828790598122
125578 -0.03297972256286963
123433 -0.0091479796726337
227035 -0.013143980399554943
332851 -0.0692362592410138
227587 -0.03148053141934725
435902 -0.032354754063331444
435695 -0.06683424660543195
018494 -0.0745278197353355
330802 -0.06432890492591961
124765 -0.06349399902886924
227533 -0.051687307711963754
332197 -0.04806087962067659
019733 -0.12632124386136495
436298 -0.05550692187463413
332374 -0.04785064575900444
332407 -0.057989555511461746
017648 -0.024720863949336546
123169 -0.05651577894216176
017756 -0.060031178126794635
434390 -0.043588063117392634
125065 -0.003987349364544391
019637 -0.07809281363622686
435779 -0.06077038400417177
435761 -0.07158149578981533
227689 -0.05696420611447739
434585 -0.07686159050242933
124201 -0.05265399992140697
125527 -0.06758392082285278
018395 -0.04927723497108602
018593 -0.08778245650134886
018158 -0.042940163957899895
228868 -0.048365991894561464
433751 -0.02145329045528783
125767 -0.06979125091932122
123502 -0.03143790094940751
330424 -0.04909511581288364
330661 -0.034019909623955694
332191 -0.05035496378152215
228244 -0.062294875280215954
435914 -0.03524298766951626
227434 -0.05577566723472702
124042 -0.08636437824364178
330187 -0.02777277192104235
331129 -0.06617892258803865
331225 0.004299680748431297
124351 0.027139945635719902
019808 -0.019417810247975398
124870 -0.06479222295522068
125110 -0.005594282241705832
229135 -0.039738642005467485
227920 -0.12179922654739721
435863 -0.07783816457758098
124021 -0.06680358768482837
436268 -0.07962008756418816
123655 -0.003752130088291957
226714 -0.04507113838412053
227704 -0.06830132668287055
229327 -0.07591315909525825
330391 -0.06611956346459368
227506 -0.08116230492084586
124900 -0.07757562115565311
332128 -0.04631261003115832
125746 -0.07026697191701421
125173 -0.04723895827544039
228166 -0.08099667667273079
020150 -0.03401164817003876
436097 -0.04709716732100914
019178 0.035504814985578746
228301 -0.02486652865809231
331486 -0.03109399103860568
228685 -0.007575457671891649
332743 -0.05823086254650863
124162 -0.03939681363611157
019607 -0.05719651476967902
018920 -0.07830697715783928
123601 -0.014067813381906841
434414 -0.0438111269722255
227746 -0.10107452700195191
227614 -0.02404412082863371
018761 -0.037622640968707474
228922 -0.05269407369231198
019223 -0.004403731153864953
332317 -0.046058860328989405
436361 -0.08746796101236763
228232 -0.11139388935092692
330874 -0.10599979846212057
017987 -0.12317838798390122
123595 -0.011085983726754378
435458 -0.054481664111960926
228565 -0.05175122540206326
331699 -0.08255210780490263
434819 -0.04408776267181995
435032 -0.051653858304818105
435713 -0.058049959098308734
018935 -0.05425482486547803
332614 -0.06708387863111992
019415 -0.015622350067592604
331477 -0.013980826630266422
227056 0.007180451091042286
435089 -0.07403678711129244
227563 -0.03158075854623793
434960 0.021269740516785787
017603 -0.08042134770585171
125092 -0.006087200292006084
017744 -0.09003818293296957
227599 -0.031131296667547114
227500 -0.07777646577565839
018401 -0.06160647986781975
330478 -0.045411799922561766
228532 -0.0034744335535680237
125287 -0.053170317158456944
123865 -0.04038185547046898
125038 -0.01808362627192859
227404 -0.030088839643947457
020270 0.038752460066015626
229393 -0.02301264674982762
019196 0.039914342502785444
227872 -0.12798340063032929
123523 0.004458543333909847
019043 -0.13130385403852307
331153 -0.06742699999929519
229381 -0.011338071422315427
017789 -0.017530260647261646
434279 -0.020280627569196272
434693 -0.021161174975005158
019139 -0.028307412150337316
434195 -0.0636589086182937
019958 -0.06828227138714107
228583 -0.02843993432513101
330550 -0.047070072929433354
435596 -0.08315658794793203
019430 -0.07184837869993078
124108 -0.057361959855749
228502 0.01690129957915772
123157 -0.0026283288770874553
123349 -0.03874237490400381
227491 -0.08505185572873977
331126 -0.06383020104224776
018860 -0.014937980844920427
018170 -0.06442428321119338
017993 -0.08855890504336261
124705 -0.03411532106512356
435776 -0.06145452199213339
332632 -0.07277200012414714
019538 -0.03817568049168129
227401 -0.027487995945181268
330928 -0.12064262288216535
435707 -0.05866332634007287
435254 -0.040516929100350804
331567 0.017404539151696263
125770 -0.07242993679258862
124510 -0.07948913923717775
019919 0.06682697394946675
227260 -0.06276991512104046
018812 -0.04562703777844453
018821 -0.05043687471803072
434267 -0.00830876987842996
330172 -0.03101008169833656
228877 -0.026175204918506206
434276 -0.019571425656459952
434090 -0.009267916058079896
331723 -0.06246333155924579
227371 -0.007374322390638531
434192 -0.06441540717875695
125548 -0.04344034553395307
330991 -0.05745677512789531
229210 0.02073427049604947
331324 -0.04010098136144288
227665 -0.060942417253104474
227377 0.003893233959537614
331009 -0.07785339357169613
124126 -0.0519995748234339
228814 -0.05201495333108823
125107 -0.006624707824371293
124777 -0.06436253904838289
436013 -0.03953623991072637
019130 -0.047353012223709696
124804 -0.057020972000484546
228472 -0.05872074620388533
226960 -0.00866094789563427
019463 -0.0820647881222028
228520 -0.04379371442576994
229132 -0.04279067093111273
019172 0.03383308478555307
227983 -0.10288984666741083
017828 -0.061246847477351984
435581 -0.07132485231000281
332314 -0.04060972800399209
435176 -0.056370840638649715
227767 -0.10712594125230131
229111 -0.06562631624739446
330226 0.038665245588303226
125584 -0.052131056071896
332635 -0.06819572842802873
434984 -0.030762521733150253
228046 0.009307355575618289
227398 -0.023652980457536284
434684 -0.028121616733020847
229231 -0.04506597998014238
434981 -0.03313944784220041
020162 -0.08450565262446329
124036 -0.05203174485660259
017624 -0.06969362407007462
018911 -0.05095401969966005
018509 -0.04696255001636012
227470 -0.08066881023447871
434429 -0.051425988739184386
018263 -0.10522738652394702
019325 -0.0712776753341721
018917 -0.060152260820871446
331381 0.005592575201382083
228295 -0.02586696621012043
124849 -0.062417602145789945
228481 -0.057080033794890184
435917 -0.03631874711068146
125068 -0.0025600898119773207
227212 -0.039290463425007985
331603 -0.005934941471298802
020249 -0.020768079791785927
227713 -0.06333051425405245
229168 -0.001669447237215528
125314 -0.02076598890306567
331249 -0.010945910353119632
435332 -0.07107671862082389
435257 -0.03853427773552312
123121 -0.012311909697248227
123277 -0.017433871517371448
124528 -0.08514378143389764
434381 -0.04973665175169525
331483 -0.024694794898106196
019499 -0.06372845739031595
123922 0.0005606976468078033
330532 -0.028014657521146992
435662 -0.06635060555921146
019283 -0.052008365557577596
018845 -0.012996024851503139
019295 -0.05049141202860815
019073 -0.07522040616057327
018224 -0.08169536451423315
227068 -0.006693468275150551
125131 -0.0375976946768645
124723 -0.05671404860784056
331378 0.009575809737117162
330718 -0.07909415821425637
228547 -0.06286681906037964
123895 -0.04297313351690034
228247 -0.05415906187422017
123928 0.005146148473305801
125401 -0.07012409977023563
018575 -0.05262514133596882
018098 -0.022921462613334154
227170 0.029628041036728104
125731 -0.055908136548643586
227182 -0.027628191023190626
436022 -0.04177430489344648
434108 -0.023880414519380163
331459 0.003547897640904436
125191 -0.025215088610684576
125185 -0.027573745166769532
435725 -0.08343116631583562
330373 -0.050797514892653675
227566 -0.021731507857518505
434654 -0.022305104487095773
332719 -0.06908391383254463
435449 -0.0371947342194666
435806 -0.06692687564346465
331258 -0.04210092231203734
434420 -0.046289751037036
125008 -0.027680436701920403
435992 -0.03757656452643178
018047 -0.05430850346020126
331519 0.046502507296071714
017594 -0.08424599032064418
229195 -0.01698916921256925
018758 -0.038236105406414575
020240 -0.0358551999046689
226987 -0.004594086178305266
017816 -0.08276469223974808
018695 -0.11307134176475529
125566 -0.037142264731331795
124372 -0.010283534780216675
019307 -0.056932329061635784
227416 -0.036422644625011734
435296 -0.043360759404985835
435899 -0.03316935607830235
017819 -0.08971717901397169
020198 -0.04252853674591017
331897 -0.03115377159662961
018857 -0.016645796161286492
330166 -0.02431759679705898
332236 -0.0325659594573612
435518 -0.07739943088753248
436136 -0.05086682052670649
434900 0.01954588493781186
229351 -0.08392378239979997
435203 -0.0475507582172806
125725 -0.05193976494987856
124087 -0.043724985273549566
434810 -0.06693775657406681
125344 -0.06892649232465194
434180 -0.04032716938932766
434198 -0.06680854341162891
330937 -0.12167375371569678
020012 -0.04505989474520073
123961 -0.01291257900159337
019406 -0.04257671430804954
331240 -0.0227554436716584
124798 -0.06673780241071145
227281 -0.06077270559505076
435668 -0.06671552396286513
332380 -0.05627305921957739
330613 -0.0221510193520346
019175 0.03369426234505019
229108 -0.05378442131372507
124213 -0.06120424745019012
331858 -0.02476068292297883
228154 -0.08132526418921679
229147 -0.06364836269962423
123763 -0.06416592058034899
435389 -0.058127665771348695
434576 -0.08784926658263358
330742 -0.08645750743117007
123151 0.004118286858045351
331540 0.024046606628566856
124936 -0.0690054437728286
229057 -0.09954006683997753
436205 -0.06071307119495464
435749 -0.06920043346433152
019517 -0.05626021791938099
019280 -0.04746320367470022
332641 -0.05974592824335118
229288 -0.07402970665709326
227125 0.009666723327383634
330184 -0.03127013388624488
435437 -0.051437243169752296
227209 -0.05752324493639783
020303 0.01784495688804829
332233 -0.032135105017548175
124123 -0.05779857357973775
332338 -0.04850136216288693
017717 -0.010542073219020587
330565 -0.029956751561073625
434582 -0.08384115809237325
125668 -0.04366767709689584
229099 -0.05087717749643743
017615 -0.07916185835195129
330436 -0.056409679437710844
018569 -0.06763082585138747
227113 0.014819430037659424
124996 -0.023188953381943888
019238 -0.016964849576856837
436337 -0.08908777450753547
125104 -0.006830445365280121
017783 -0.017377962174802253
019235 -0.014308315512063848
434222 -0.06476866750778473
227215 -0.021578714586143112
330886 -0.09438006980227334
227515 -0.07202218494451597
123673 -0.04526744655897544
435545 -0.07088589166575536
331438 0.013936060759886673
434450 -0.06049449179738588
435083 -0.07079556315261003
331813 -0.00014335298058729901
123643 -0.021100174862838533
124981 -0.020392910270242898
227812 -0.08354072425160682
123904 -0.028907567123159623
226900 -0.0351682179555227
330421 -0.042609047656644465
124489 -0.06397182125623534
227572 0.001228458764847154
434093 -0.016827180702104892
330541 -0.04738508649093664
435926 -0.03851566190745182
125443 -0.034796210882434855
018344 -0.1346815052907092
229282 -0.07344266254771645
330535 -0.032002386386062606
435644 -0.05134386349970629
436265 -0.0800484177469156
020075 -0.11331931030319098
018824 -0.03707843520167131
124300 0.04892484244956967
125773 -0.06165357795916893
123421 -0.060881569065888944
227797 -0.12822474003922693
229384 -0.009912376533133385
124447 -0.08007381135105641
227227 -0.03797968335456742
332152 -0.0413430153035264
331093 -0.043246465637570335
332701 -0.06149357861843241
125125 -0.03762315952953901
434570 -0.09937032409684103
123529 -0.005499100760982463
124189 -0.025510563367547076
331774 -0.029615712905675252
433748 -0.027783679704729503
227146 0.010203077210527952
229060 -0.08128762825230981
018491 -0.06937540794128853
331201 -0.025535347662150036
228544 -0.04872222942870559
433895 -0.0200449588605837
330760 -0.06359103377705827
228721 -0.03670624276676796
330385 -0.08252376192403905
226975 0.007780948792418862
017831 -0.04940453506601584
019712 -0.09131294250946997
227224 -0.03533096723138792
125749 -0.05420081658905474
228148 -0.0654708837503415
228037 0.02429608354148755
018974 0.0274614525347495
124819 -0.061132723516359656
331237 -0.005406750583643032
018560 -0.09284996687464006
228772 -0.037608255794768015
433667 -0.05311071193620551
018818 -0.055776435848779504
436244 -0.06309756756372682
019610 -0.06210940686483231
330889 -0.08953073232489407
019550 -0.026388009977615586
125071 0.004918031472157479
433700 -0.020982235201767514
226849 -0.011188856537035876
124672 -0.017200079889842106
332419 -0.0482745654690781
331177 -0.07015583547368019
435602 -0.09368301311855601
019259 -0.046622445627495096
227968 -0.10822159966627169
228553 -0.06353943339051525
125782 -0.06518275847602988
226711 -0.04694992873498524
435563 -0.07041766669927114
123289 -0.014154608144450643
124192 -0.02510762016312415
018959 -0.030297253546970236
435290 -0.0395324658443414
229144 -0.06487009332192188
123613 -0.06067214329586583
331213 0.043848987003143214
331084 -0.037006388896356816
227368 -0.012062350097649256
125620 -0.13249914918844344
435461 -0.06281854428712061
434288 -0.026180796407617522
331321 -0.034017547848406604
018788 -0.05812220198147554
124480 -0.05796294453610955
019457 -0.08077506745039088
332224 -0.03398289717127209
331216 0.043990396813784735
019082 -0.05851134133432522
019658 -0.10425096776488064
331975 -0.05616993925092992
125188 -0.029323979435545024
436217 -0.06018613814083135
227641 -0.05062697619684661
125059 -0.013625350637015136
123817 -0.06293465917527379
435803 -0.0649171226450596
434999 -0.02158677513026663
332830 -0.07269000899828941
433898 0.002673027639554559
125389 -0.10867949313317299
436100 -0.045790087910805466
227548 -0.045655288130002795
019286 -0.05347188033871908
436094 -0.047496302612146435
331456 0.002653795227178726
017579 -0.026182359241502688
434300 -0.023187221762951103
331387 -0.0014629613194895059
124660 -0.005359465061454339
017753 -0.054690079719502745
435488 -0.06950218035174856
229339 -0.0954027921289121
330847 -0.04908311009316938
436277 -0.08447223386257596
229045 -0.08947148845093375
435773 -0.06420607792657433
123145 0.020699224433699006
330772 -0.0536576134754945
227485 -0.06090923993192764
331435 0.009064302275571121
332248 -0.03048889322005534
435650 -0.0583756157631796
019019 -0.057361850749503104
125143 -0.025606566410947336
125056 -0.013119702421816249
435326 -0.0656494135982131
123223 -0.011688319558404544
124579 -0.0300091441861863
330679 -0.09329316893734606
018866 -0.015108120423675946
330298 0.025037584172380136
018950 -0.029149186603123576
332413 -0.05010866147062093
019568 -0.019573154224623707
332401 -0.05436980845261249
017873 -0.04093676485275902
331273 -0.07099585742257125
330727 -0.08535784339958287
123445 -0.056962697494951225
435629 -0.07799965672724031
436082 -0.046702682000001244
330493 -0.021556165019790872
229189 -0.04168578251220816
435782 -0.06181082629891069
330514 0.0005431648175922138
227203 -0.08236656570943876
125101 -0.012952705211773875
020237 -0.03364748147035402
434240 -0.012072330133388808
228517 -0.03407881135935338
331984 -0.05603690243975789
435314 -0.05646197873767188
229399 -0.04052240805602627
123229 -0.01293044226246155
436004 -0.03773459245999237
434048 0.019685441736506406
332431 -0.047552917520402756
435287 -0.03703975165195623
020201 -0.042499648812061315
330781 -0.08942325352832485
227194 -0.09037951611165189
228916 -0.035061686479061084
123658 -0.017898107068938896
331096 -0.04555185538717014
018755 -0.032106969415295
434765 -0.03258673940772844
332620 -0.06674018160565803
018548 -0.09581155684611989
124891 -0.08746708576209908
435587 -0.07367722456048603
436076 -0.06009480762337249
228541 -0.024744040172006966
434006 -0.008357360562725857
228484 -0.04478701066379801
226906 -0.03383995163179417
018008 -0.12668317885475056
125737 -0.0539798587324387
123667 -0.029477202023936683
332221 -0.03460301727126133
227263 -0.06245566634388713
229174 -0.05200634506460372
331492 -0.043148937794919816
228421 0.005666573498992356
227512 -0.0770538893147361
124006 -0.027730656076254145
434417 -0.04630520711654507
228457 -0.036083455898074976
331708 -0.06279386255060768
017822 -0.08431720647310455
017600 -0.08577349562039654
226927 -0.021105178501140145
227482 -0.04955664972089686
435338 -0.07766246822621674
229027 -0.06680810647695236
124051 -0.07172712263956361
020267 0.03583771651578499
434972 -0.023063520052292792
228268 0.007069443133809383
330799 -0.06000392843637839
331228 -0.008683819586299569
332689 -0.06300668066678304
017792 -0.026957440928739754
435284 -0.03470369231332414
123412 -0.042657376016225365
228910 -0.018827098201314486
019268 -0.04775304578494027
227386 -0.017488261089782096
330673 -0.08023968833881608
227284 -0.04672558719669975
228097 0.00020603542599510424
228223 -0.10699419198413741
228460 -0.03878564330981435
124450 -0.07745213090203261
331513 0.043636100666883046
331144 -0.028275894654431245
229048 -0.09376355153567238
229129 -0.05201455592245841
228319 -0.0509369443034568
331741 -0.018725057039246467
125791 -0.0885319655567586
227494 -0.08202988399274232
330205 -0.01683191507620297
227785 -0.1110668375818889
331819 0.0005425077903654658
331045 -0.07291845345512739
227053 0.005987697246554436
435869 -0.06851375501202578
332710 -0.06152622736327564
228571 -0.039662139881090894
228346 -0.11563146322683701
228424 -0.010907492869591025
229198 -0.0051037626282807455
332416 -0.048032681399319536
436025 -0.04166767046604738
228919 -0.041975874041704955
125623 -0.13481297225542663
017882 -0.04325920961303795
123598 -0.012465597248981964
332818 -0.06850046532558285
229138 -0.037633232148837084
434054 0.018388624957247572
226726 -0.05409531233174202
434852 -0.08062600691376016
228751 -0.05119760082822185
124756 -0.05438003648305661
018074 -0.02889599512294619
226879 -0.04109694765156215
331930 -0.031843030579101414
228550 -0.06779638329609045
436088 -0.05106745865126793
229387 -0.015183148972399824
019361 -0.07655676986993225
124885 -0.08138837194056127
330988 -0.05215562111505031
018842 -0.020523959258471978
331996 -0.05548639833892481
331576 0.023379356484796218
330319 0.0076429391510627375
125803 -0.08308103841717257
331417 -0.0009536548626756245
125716 -0.08055814551014834
435197 -0.053808773439631946
123670 -0.03164314634491567
125794 -0.0856072048090449
226855 -0.012696659921920848
332323 -0.04520934497793042
331354 -0.0033078218816865435
434255 0.018992996264965565
228109 -0.039007262994337155
435161 -0.05055280854337416
331516 0.05116351623133865
331840 -0.036853174693713124
332824 -0.07037028002763683
436226 -0.06083575236428296
332782 -0.06518110242171461
433754 -0.024298645042987288
123475 -0.012930953040518889
123958 -0.0018456335827888818
435671 -0.06657287970310609
227131 0.0132398489692575
125635 -0.13379041381751222
123886 -0.05932724782862167
019121 -0.036548086894160725
124495 -0.06912781262861328
229165 -0.03565198918876155
227578 -0.003395796206797547
434072 0.008058617173690483
332683 -0.06434098454165056
124810 -0.0592702914680792
123253 0.016733972081475135
331939 -0.03277437529740209
435272 -0.030108731672530614
123826 -0.10581880531476588
123712 -0.06461282238443061
331633 -0.04933010685484469
229216 -0.0010002984987669374
228796 -0.027442355750283025
226981 -0.0007750068671459236
124663 -0.00588702806556469
020258 -0.012491817913437427
125227 -0.004361304827738415
435986 -0.03693900037042771
124828 -0.05729613484803194
435794 -0.06420373027399981
435293 -0.04208880360397945
123361 -0.020104962936247275
123652 -0.004315080771259227
435608 -0.10379038335053951
229372 -0.042591357769692466
123439 -0.037004065251562385
018029 -0.1063227527538184
124585 -0.012490661114572092
330325 -0.007105555975269338
435365 -0.04977837223443926
227137 0.02419480129400718
229285 -0.07517198593239655
226780 -0.015304366588874596
123766 -0.058383309389293654
330745 -0.0808375870160376
125032 -0.015025047441105617
125122 -0.0297519350200081
228094 0.006476478552805044
020165 -0.09169096376457649
331072 -0.03207184014666043
435059 -0.058352435616510774
434879 -0.01639987858978336
330925 -0.11917169950368141
229228 -0.049583242167344145
124921 -0.04503512462292301
125158 -0.020276620321050567
123664 -0.02959370830053773
331630 -0.047401182664394616
123118 -0.01478412354309506
330199 -0.02297688830122459
330364 -0.00018451102527474797
435269 -0.03437722265816707
330574 -0.042585357863864144
332779 -0.06667005626600218
436355 -0.08896030061045819
226732 -0.025588251912811485
435044 -0.04710022801313141
228286 -0.009777662656949144
436346 -0.09040351362785236
228130 -0.05008761537027859
330622 -0.03636183891579222
331375 0.007017746637350807
332797 -0.06538238758610479
124645 -0.0027903682456939067
433904 0.0014695442193112382
123409 -0.054598446544955236
019346 -0.07671907356145113
227989 -0.07577742536845887
228250 -0.07393228167176773
227338 -0.056819259688863526
019322 -0.072009616520373
228025 -0.029623641862467784
330919 -0.09760910428539268
332137 -0.040071069466736164
123649 -0.01021894114693302
434027 -0.0496023462244345
018512 -0.035580907010596935
123526 -0.01850064475426105
330142 -0.03433214054033591
227917 -0.11221723311658154
436187 -0.06160115532260398
227308 -0.020574404401203082
228709 -0.015349417690014446
228220 -0.10091652704068102
227542 -0.052037910887662825
125317 -0.031852959105085135
331807 -0.017000713662180325
435521 -0.07489097368885908
331504 -0.02963478075476113
332161 -0.04179435956664926
435617 -0.10971350413822412
436319 -0.07993102969689067
435842 -0.08587406275445505
229018 -0.030998534850765223
434369 -0.048506069648768066
331159 -0.07788501843185994
123241 -0.007440164438539839
019181 0.0376487015322097
332755 -0.06142414960110459
332800 -0.06448709415254138
435002 -0.030356598768627334
019505 -0.06380976386015005
330634 -0.023798268108604404
227707 -0.06508221191142533
331831 -0.02818520751184916
124642 -0.0021499160248255934
018212 -0.0624067274895696
226891 -0.046836432505294366
227695 -0.07113099458324669
332113 -0.05032770092560411
434876 -0.017636508183729187
331300 -0.03457538087048564
331111 -0.05705926613929944
017804 -0.04466953882225887
331081 -0.03824083818015554
124561 -0.07055223791296471
434708 -0.01966990576956294
434423 -0.04998455551179393
125152 -0.018271453276306544
332212 -0.03871131508886494
124210 -0.0593207905586493
434663 -0.0271858527075427
019424 -0.03302753210085379
018200 -0.04951049893621414
125473 -0.04714382995384186
330676 -0.0856430702281609
019079 -0.05996930992773016
227698 -0.07027775507443812
332377 -0.05304380854500664
123577 -0.015592462576275988
228211 -0.09738261038960194
017693 -0.004881885715193065
229015 -0.04243590914722764
331846 -0.061013991696096864
124825 -0.0606603168641163
018026 -0.10725217334586876
332362 -0.04838180619010751
434936 0.006905083716807527
435845 -0.08239420319864046
123898 -0.027387109178199007
332665 -0.06186814846788054
330757 -0.06089798223519337
228823 -0.060482390843806015
332200 -0.04943963929539887
124063 -0.012057058110484775
228811 -0.04531617269281859
227149 0.007749970725985381
330439 -0.054854819717345966
226954 -0.010306054909584457
227800 -0.12809628342237625
125170 -0.03611463545625076
227725 -0.02472853748259239
125254 -0.05076349078832263
434057 0.023429713459602382
125464 -0.05528629545181516
125800 -0.08557630814868915
125719 -0.06701129195351159
123352 -0.05687716478093206
434588 -0.07794916466335744
332653 -0.06296814775104245
434138 0.026441125614859035
435440 -0.04309508324542762
123469 0.0026889509410727625
227749 -0.11602747723479188
228874 -0.0362878189953827
124633 -0.005100391877292528
227095 -0.020654854562743952
330682 -0.09906863178613107
228181 -0.07850424219791516
124033 -0.05733202508714266
018953 -0.0373030767183072
226915 -0.027542377946563577
332134 -0.04117774958929061
124375 -0.011661788939568974
330694 -0.10219463547894285
332344 -0.045196352544391145
435920 -0.0380893085407661
436157 -0.05082056865032732
226909 -0.033962226673857905
226741 -0.026874611362349792
331078 -0.03506074630330125
019565 -0.022456201387194924
434063 0.01569660163815305
227977 -0.10057952361001193
436070 -0.05873958452863902
019523 -0.07583178899550069
018179 -0.04645015306695774
227236 -0.0388224448202429
226993 -0.0055453543915618825
330775 -0.07040169998366078
330520 -0.004593146568809854
434462 -0.06255801323579425
435020 -0.06745150974062804
125338 -0.04292025412939093
331621 -0.034372901111555346
434147 -0.012370638120533116
018848 -0.015022051819803418
123832 -0.11930496313851394
331804 -0.04252992742789456
229276 -0.07189174523607413
330331 -0.016859606969946723
229126 -0.05808548746853464
435263 -0.032235004661788226
436178 -0.04984734394393969
433877 -0.031387047157561104
331168 -0.07201506641176011
227839 -0.1373527016448854
228079 0.013037706105994088
124567 -0.04593482875822199
434051 0.02965902001799206
433673 -0.0465346081646415
018578 -0.06048781911153641
123943 0.035026717630012964
331255 -0.03203743296719733
125266 -0.032824278993084266
229036 -0.06264670684020963
124843 -0.06099945450240294
018089 -0.05931107258724224
019397 -0.031585996447337505
434951 0.016619319980485662
226750 -0.05238887361070857
434846 -0.06889773714929842
018413 -0.056848930609193736
436181 -0.055619781206817924
435734 -0.07682549469215404
436295 -0.060075254727322024
018797 -0.0021383451926861126
226786 -0.013238687472112487
331666 -0.02894783273166671
124537 -0.08900299211883966
018041 -0.07953520240812355
434888 0.02729904707816858
229237 -0.027067970606017573
017867 -0.045720775686980325
019454 -0.07923658610661043
435236 -0.057072837399607425
330157 -0.05085228648879174
123286 -0.017264512152373263
020168 -0.09395746797216883
331315 -0.040795308271027154
229171 -0.022177369691005474
123310 -0.01189098804703885
123907 0.004074269687319712
434201 -0.06607509901377849
019718 -0.12234802199839707
435362 -0.05085133667830582
330739 -0.08702421230800317
123727 -0.05910564750733818
434213 -0.07022967758507657
330352 0.04654627983319813
435395 -0.05852526548210545
330472 -0.03176467934286683
228676 -0.0128308660582447
018035 -0.09778526941407635
124417 -0.03502809124999968
125167 -0.0385098482587882
228253 -0.07071009086293667
123181 -0.044007269489611985
331981 -0.05354695406471197
227176 0.009496843671780244
229024 -0.08106219646634609
017771 -0.0675771388856441
019310 -0.06127788319654645
018083 -0.04950589398967156
435593 -0.07743855841578128
435983 -0.03799894719017022
125704 -0.048732427942256136
227008 -0.008412814858427375
227692 -0.0672001838684082
123631 -0.03322350815068787
228262 -0.03267493192358635
433853 -0.04984984195848095
228574 -0.03454332280946495
124564 -0.06468685942435254
124636 -0.0066149738746652705
019274 -0.04635854959242969
435665 -0.06605843483557618
227629 -0.028156480304778568
330898 -0.0768963355035329
434126 0.015011764295123695
227869 -0.13511616237834673
125545 -0.03880109064755464
124348 0.010294308905441371
228973 -0.0666767240484832
331999 -0.05385192358563005
018266 -0.1042777138873092
019943 0.043234446165777964
433856 -0.050120774265877945
020246 -0.022828612008083143
332326 -0.04565385393538749
124228 -0.03866611182945017
124369 6.781140976021695e-05
331195 -0.06260557958108184
123688 -0.043181769199519854
124591 -0.0011636909593771532
227134 0.022846143912863486
017750 -0.06192461547715748
433901 -0.0037265597345872577
331090 -0.03810572271087623
226963 0.0019239143630641945
019256 -0.04258226240188008
436241 -0.06376211780093861
433772 -0.02501287895512841
018983 0.05345987061403193
435014 -0.047923140472358315
434483 -0.06027552122761828
228280 0.00900835406108019
017894 -0.04601083237921324
227719 -0.03582516616991067
434432 -0.053264276034030264
435590 -0.0762580521388587
125284 -0.04867520696361769
434990 -0.022896606115072594
434156 -0.10560019543754973
330463 -0.05893115293308298
229225 -0.04325266118895825
019643 -0.03438344319876941
123370 -0.034374074245288835
123397 -0.06199374424268414
123784 -0.018837099825093965
435683 -0.06629410323219291
332341 -0.046010685547862536
331669 -0.03370331803374958
017951 -0.07466475436138728
018749 -0.020838559836216797
331150 -0.056253874610191955
123949 0.010099182969383239
229000 -0.09509877813552056
019025 -0.06544118009946279
017924 -0.036796993865929224
330481 -0.042859938459062934
124141 -0.022516100129627046
019217 -0.012778978122501861
433676 -0.035708397036722635
227650 -0.04945643831090998
331180 -0.05894245452084891
228937 -0.086057491434945
227527 -0.05187924657525262
123556 0.06544080836292382
019721 -0.08905177060238105
332209 -0.03901068026190082
124759 -0.05059269481314905
330850 -0.061389766973361626
124231 -0.028062749917964102
229156 -0.0592518010753335
018665 -0.02005453376006533
332731 -0.07105117019077667
229249 -0.007067178831460803
228742 -0.05983276051141708
330412 -0.03648786138066905
227473 -0.07598000797976422
125752 -0.05154382647039078
123322 -0.03752749631636301
436040 -0.043434438246578874
331069 -0.03803907671522409
018914 -0.05769034773111344
434756 -0.015735160223682643
227065 -0.0003282423961528463
332722 -0.07149820634330159
331426 0.016718047677338997
018923 -0.0743617143121383
227278 -0.06745810291420457
331027 -0.06186259327512798
228310 -0.03980119065466225
434204 -0.06090161573319208
435767 -0.06715075078759916
124558 -0.08479725635163186
436334 -0.08949351194689574
434993 -0.009831026278188907
332170 -0.05314210950168095
124894 -0.0870115414981462
435815 -0.07263799763861158
019136 -0.03247737013950073
436028 -0.042046244741735066
330355 0.038716187357088205
332728 -0.07685442830155584
436154 -0.05050824518312131
125203 -0.0019504412874445185
018740 -0.01698164420950445
123325 -0.029553938020825
226864 -0.023105380946091547
123448 -0.012617126589389177
435746 -0.06877373600592633
227206 -0.07177641835925773
018692 -0.10775795993543573
123265 0.013856044639121125
436061 -0.050036425307724404
123226 -0.003150973087424857
228556 -0.05672282985851451
436118 -0.044335920477746794
330388 -0.07409276813814492
330403 -0.03322315637266569
123313 -0.017786510346854335
017810 -0.059850055782921206
124726 -0.056326333368434914
019985 -0.09612654493872913
123634 -0.04333912450823858
229102 -0.017000676098289754
435851 -0.0771839539538521
123133 -0.053427210131847355
019037 -0.10554273121538219
228205 -0.09448603599790543
125212 0.0030411094027970563
330499 -0.003497119707904197
123136 -0.03620900566787775
435995 -0.03896258657907708
125788 -0.08508813281527751
331102 -0.049296614457461155
434747 -0.02810191780903439
124090 -0.05410801125522671
019055 -0.10481323622792214
435956 -0.048066096496426916
123247 0.0037841660334365763
229030 -0.059980861683327995
434024 -0.046298294636172965
227326 -0.03917909139871747
332203 -0.04915965234562948
228985 -0.06791083797548446
019157 -0.008179693781383453
228511 0.004026479132118678
331654 -0.028616724440976713
330310 0.016937670901943376
019388 -0.07453519043839663
330406 -0.03597169685469381
229084 -0.0843502380147345
125347 -0.07872233031821042
330169 -0.024873873389695947
435932 -0.04032101329913747
436331 -0.08957678727639642
331204 -0.007080525917352334
331783 -0.03664869860597
228568 -0.0463821635666442
018044 -0.0620724906128409
226876 -0.04165069596517207
229033 -0.053356098624133555
229120 -0.0657163519068846
435539 -0.07071726183981784
331474 -0.014918071826550207
125206 0.005146661697434913
228433 -0.03106679811212542
434345 -0.04582328895828249
017786 -0.012025229658038266
332131 -0.04314000023494939
330517 -0.004660364403467792
019187 0.03659104658762876
017681 0.00879080393830505
330652 -0.0513953834383514
124888 -0.08507495820175112
123835 -0.1168651600499769
124081 -0.027948104522338015
020294 0.026788794156151714
330721 -0.05605735315200795
436253 -0.068630015779858
123331 -0.03537299579996008
435500 -0.0651344089388912
227098 -0.019436409765452568
019067 -0.08515392342151999
228988 -0.08082525164432873
332104 -0.05008835563095956
125734 -0.04963287510247312
228115 -0.049210857309159264
226873 -0.03780809440444905
228049 0.012069627509827792
433715 -0.02369367103968665
019511 -0.010900860280605648
228529 -0.024995198539914273
020210 -0.027860059498631844
331369 0.004420365747845501
124684 0.0020569896583922226
018086 -0.05882879567002371
020273 0.039055904784421294
330523 -0.010079456383691114
436313 -0.07316539600016339
227668 -0.046607972316504646
332629 -0.07362655593936604
124225 -0.04247900145022776
228478 -0.06245022657413127
330823 -0.07147748499868682
330769 -0.047832322503827414
330178 -0.033587767550446186
331642 -0.0333727080873351
125044 -0.010961122665014728
330322 -0.0008375026220460717
124150 -0.04809874344985908
020078 -0.1118074027089444
019142 -0.030556266828863147
019991 -0.06780576902254724
123700 -0.020060102575657053
436148 -0.051665309810784474
330883 -0.10118053132843528
125458 -0.030853300135726562
124138 0.0009996161623345623
331528 0.030501520859917135
331612 -0.03179039069881255
226858 -0.014132980998039377
228022 -0.0545731935040684
331048 -0.07001051099062414
330844 -0.03802387673545928
227950 -0.10929962936290635
226936 -0.00243054430343364
435953 -0.04060306648361203
125053 -0.012242956292647015
331501 -0.039374862709758277
228418 0.012922897805991537
435473 -0.07865610871114391
434402 -0.04360101100149528
018551 -0.10102667736713335
123511 -0.019300810373575193
436151 -0.051287341595092295
332608 -0.06263559697116658
123754 0.0028666680146612407
017954 -0.08038628403664036
228298 -0.028430606219503617
434186 -0.06378610756969269
018941 -0.046688812364906795
124621 -0.037649828826396614
332437 -0.048596121572341826
331561 0.01814769558859317
229207 0.023507296994055828
330832 -0.06888777919149229
228946 -0.08148386335170825
332443 -0.04871435762063372
436175 -0.048404950222730135
125593 -0.0876374453376364
124324 -0.025552540123256997
017711 0.017585436800439877
331327 -0.037462090223936206
124612 -0.036954714284005194
434738 -0.02860774291576293
434375 -0.050453848837290184
018872 -0.01922858465158321
018671 -0.05221916263791943
018815 -0.05308203730010572
227827 -0.13096562198351494
125089 0.010800808763275695
330382 -0.0874828702881881
227452 -0.07075149156996198
124744 -0.046660863693173855
434567 -0.09961080083523198
436322 -0.08252905640175322
228004 -0.09849908098633035
330805 -0.08552066867107577
435839 -0.08750135046999111
123955 0.016514140032070537
435248 -0.060957477656512264
123553 0.07358717404112203
332674 -0.06444271194290777
331966 -0.05302306246899423
331936 -0.031172717340140883
124015 -0.0673830152924021
332269 -0.031571556608435795
019328 -0.06933104307089347
228925 -0.07200790315381131
332368 -0.04790443431611695
332725 -0.07683963859160634
433742 -0.023007313779299633
123484 -0.003935491589375676
436145 -0.05184388553558936
434741 -0.02807554505351268
330841 -0.03356101437182692
331816 -0.0033287186388068655
019316 -0.06639796319231735
018617 -0.08207003891955436
433670 -0.054094467250215654
124180 -0.027474643349952164
227545 -0.05215790095847143
331573 0.019387732032680353
019448 -0.06408211807415208
125095 -0.007783241270935828
228475 -0.06521760707311862
330175 -0.02738595499584149
435305 -0.04899287703910864
017678 -0.007525380397395533
436223 -0.060789290233576196
123301 -0.004712608792263815
434456 -0.058256237280234345
124879 -0.07875336243122086
229240 -0.01777286100511782
332020 -0.07522010502085706
124774 -0.06191475603976812
227311 -0.024793131571014922
331294 -0.07020924834766747
019418 -0.0121011976407536
123811 -0.040559054664704455
123298 -0.003505611636256096
434891 0.03710786083231614
435494 -0.061228752197105885
227974 -0.10591735861706138
228958 -0.07851793454101556
018272 -0.04305450837533396
125395 -0.11792818150192338
228514 -0.021331531736076926
124768 -0.0682370824481454
017606 -0.0880674984899496
226729 -0.03980225535367182
435266 -0.03187212951938509
123154 -0.016183226674734003
124963 -0.031670156676630166
435026 -0.07097654839952436
436232 -0.06302354757781542
434678 -0.030004251064254
331120 -0.06852525473794778
228736 -0.06379938002757848
124681 -0.0011513597192629543
125176 -0.04186842478688372
433712 -0.0296056304353967
435896 -0.0322653164996984
017627 -0.07561831686664981
331270 -0.06560006373042568
227104 -0.012803551706462376
331393 -0.00476361615489228
331843 -0.05121236709397833
018908 -0.0410307444293576
330376 -0.0601511623243951
019436 -0.06747693918189224
228904 -0.006511095067197817
434294 -0.025979251920829966
019367 -0.0766676813322042
332263 -0.02788156105858653
017969 -0.1079838049324019
123802 -0.0804308995659098
435035 -0.04293842689206199
018095 -0.022165882802675015
435635 -0.05248930801708512
229180 -0.06360921544522896
017957 -0.0851264616799733
227443 -0.06587905207192088
332716 -0.06822874052418285
019997 -0.04398240380296931
332446 -0.04687156177224809
227164 0.030104955558299146
435809 -0.0685555941191437
124600 -0.01860252653244857
123415 -0.033634655302614315
227419 -0.037985327754235014
330589 -0.03364230901783095
123724 -0.06698253827247186
435524 -0.06950489875508592
227380 -0.01292452980945226
228178 -0.07307998593025353
226897 -0.04036384708156653
124501 -0.07754303215344867
018725 -0.06819565804203065
123328 -0.026595649553106088
020045 -0.08797865701015138
125140 -0.033187047076920065
434459 -0.05799340940419514
226768 -0.03239866820090002
331768 -0.023820557170027432
228952 -0.08386755698916429
124657 -0.0024534197942770483
124669 -0.019480812222113116
123808 -0.04360879615239989
331399 -0.004372076542491436
330295 0.022946219845032843
125755 -0.05013550767595519
331924 -0.012020510413176406
228766 -0.03933434773443407
018707 -0.12247588799629375
124786 -0.06588172383329721
331339 -0.03055400070661519
435425 -0.06872524771112504
434084 -0.005820886548516782
019946 0.02086670231968601
434912 0.037243288693126694
434372 -0.05010655502996454
125302 -0.00853523572269188
020027 -0.073707410655364
433892 -0.005885130325069379
227479 -0.05896475789288848
124984 -0.021902886850089173
228505 0.011525215313683971
229093 -0.07738477309859158
228202 -0.09463932737563868
330976 -0.05755623630234056
435833 -0.09090412306663495
017609 -0.077910785888701
227410 -0.03215479569254951
434828 -0.040685584543705994
228187 -0.08451288968797714
018062 -0.024872064199275876
228265 -0.016265493698242785
228031 0.029333897119038086
019106 -0.07255583594647226
125590 -0.07620306929015311
020036 -0.07098542653635408
124195 -0.027487990546476215
123292 -0.011268625910949941
332770 -0.06726897320705308
332848 -0.07234667985685037
019247 -0.033949681062098835
019034 -0.09282680343553978
227221 -0.034617759191380826
125362 -0.10627613058865591
331087 -0.03792847232906018
435791 -0.06262493353999626
124441 -0.08357592956480439
123238 -0.003944035652812595
123334 -0.021091838277400996
228979 -0.0011410940386842531
332353 -0.050359639373478426
331489 -0.03902902596759415
435971 -0.035388529779956594
019250 -0.03293878322934348
018467 -0.08638980919954271
331495 -0.04059081645101851
228352 -0.11823189424720791
227710 -0.06373374277762708
123406 -0.06620214016689244
332713 -0.06553501568306243
331108 -0.05219293653380459
124576 -0.0260524187485377
434837 -0.04874513700770169
123628 -0.03858227312091797
434135 0.03807485366630048
331231 0.008734250530077505
436301 -0.06545928295785138
229402 -0.019297824801645717
124045 -0.06569775864120841
019112 -0.06969806427453248
435260 -0.030381398157851656
019031 -0.07470418857716836
330754 -0.045762117451266536
124912 -0.04057277844686547
331429 0.01818488832374771
017813 -0.07243086692303588
332410 -0.0540537674573463
434099 -0.024094028100521105
332764 -0.06423241553896575
125488 -0.017794904160121132
435719 -0.07771421544880633
019493 -0.06776827829868669
125182 -0.03629585460528431
434159 -0.10804484409996491
435386 -0.060206937433224354
226984 -0.003041984271921349
435335 -0.07344073854114956
123742 -0.04484544076439009
435884 -0.03599367028971474
331291 -0.07410748573273133
331870 -0.0004561256885046706
331342 -0.01961682601460495
125674 -0.04266226083050908
228499 0.021006922820360662
227071 -0.008412666602270141
227161 0.02215868243095967
435377 -0.05840844415531273
434060 0.023807546367991265
228016 -0.08413122771799192
017741 -0.09286413325833029
019544 -0.03699206643634372
226969 0.013939610455682223
017768 -0.07840215205200134
228208 -0.1004453156227456
434162 -0.1101108032140652
330670 -0.07363953768053678
017885 -0.04065249243908396
331915 -0.03408639068664817
125596 -0.09873710527144981
227953 -0.0837513564655241
228019 -0.06984612004589676
434963 0.00907120642701635
331510 0.013916869901042597
123574 -0.015386792903653437
019229 -0.011537846222315016
331003 -0.0737143356470067
123271 -0.0045642975003148
123568 0.028183271186841972
331000 -0.06480105056555405
124465 -0.05233306292952069
331756 0.022298820874047654
018260 -0.1049822435274229
227038 -0.01293160266484856
229255 -0.03558208620579409
019400 -0.03840872855160161
125797 -0.08591231697823887
