335422 0.0639461631737393
404428 0.026277188164590334
405418 0.014278890756549506
229733 0.052684607486876235
229703 0.04717337450923208
335887 0.04307151924654554
229235 0.04342859853444988
227873 0.0633982564794566
337900 0.03644752405048196
229079 0.019415272482324355
015299 0.033952955272747894
336145 0.03783698309301289
228257 0.049090609965180575
123050 0.04137954750707353
405907 0.02248799434664736
229202 0.03849399803031203
404587 0.041971719423685695
335824 0.04016158764430147
335323 0.0514465550854335
015461 0.06927727520037993
404041 0.0255117709524357
336190 0.027033921807468945
335713 0.05395104569626822
014363 0.018060901206293146
405331 0.03889129048628304
404650 0.046919700215217186
337894 0.04557328989697644
337879 0.05629993519262446
121562 0.07530322757662919
405319 0.03961156810678187
014411 0.04974866163492038
337519 0.011612518637978872
405958 0.035396254776447006
120812 0.003644794531785696
228347 0.04759192281235908
122372 -0.0042055328656996965
403864 0.04283280880541409
120917 0.03764257647578515
405655 0.037265363766633974
336841 0.05268408657810468
229721 0.05394846032591872
229196 0.04052872770888433
337678 0.03899386889115097
229340 0.052876286128210645
405292 0.019900535680217185
229631 0.06640522500007277
228149 0.030252016741939895
228176 0.028585993133981386
122795 0.04697685910944353
405619 0.04916266137218214
227807 0.05016243435532884
336499 0.05948429140779707
120824 0.052580449797307284
121895 0.008078425517104899
014648 0.045754537501143694
123101 0.024099789249149742
405661 0.03753331934333479
120863 0.05451377292623496
122912 -0.011586646948541916
405985 0.029954122691704686
337921 0.023700290006858363
405706 0.01631491272310913
336748 0.051454925540739514
227762 0.05933129350644972
228536 0.06122619716740044
405934 0.029811608465148083
121037 0.022839317070772237
405994 0.02808891958883163
405877 0.01816701407516375
014489 0.023789321578231822
404395 0.028177281199729422
336913 0.061795350294430666
227867 0.06599729790395036
121313 0.02074177526022031
229598 0.06263668590509945
121889 0.01596716446643034
014345 0.05178317563985687
404875 0.057853238571496976
014495 0.019186697963076947
403906 0.04867950880464423
014060 0.022056635011706436
228566 0.07351649269225106
121400 -0.014012998702034122
335266 0.03557807608373308
336862 0.0649898315903802
014492 0.017795057448129807
403723 0.03430283320692432
122732 0.06682502439860472
229106 0.04365276808247847
123128 0.01889463117271116
336781 0.040978305693978916
120692 0.003639480027551842
228065 0.010987453665889326
015284 0.039111672120897896
229748 0.06862433055438517
014612 0.03072560376950829
335992 0.03878258894144002
335446 0.04485167895178075
121814 0.022983051103258892
120839 0.052924001400779346
336553 0.03432534537260137
335926 0.03442753003601738
228878 0.06368788660363607
015491 0.029572900885472913
122792 0.04980074659747223
405271 0.023178087068200313
230171 0.032782534340889916
405349 0.030969439324285926
228578 0.078130190032966
336667 0.06701461264361704
122963 0.012527216810431865
335737 0.05408025499150269
403531 0.04698244055628261
229835 0.02005308196895579
404239 0.02071182546956245
121205 0.05860488427196322
122924 0.0026993215023316877
336715 0.06250856098831092
405376 0.03062859761568911
404287 0.007839367534231463
123020 0.013900815011004403
120689 -0.0009026732330464479
122756 0.0655425592051521
228488 0.03271532230010706
336658 0.0713462414608409
121085 0.018600236596764182
227930 0.027584465515383787
227984 0.028033492890881313
229601 0.06403812669066623
229157 0.04559065819265251
122789 0.0516030495676268
121529 0.0280155954209585
123146 nan
336301 0.05735856529902434
404569 0.03215859442462609
230240 0.030991540066559974
228332 0.04832414008964854
337396 0.047958014243854694
404398 0.028561009395577694
405160 0.050753679629119614
228683 0.08113973530563849
122462 -0.018193187373492292
405811 0.036557350179199165
405766 0.027592428824980114
336424 0.06373682988383782
120815 0.03253776127007415
228140 0.03324287924418689
121079 0.020185117900877257
335674 0.03865202456937127
404746 0.018371003745237893
120830 0.054551549051811456
122933 0.004488569603088523
336343 0.03463075222504745
229886 0.03167122500620842
405484 0.05119884302833927
121643 0.041146950560085174
227798 0.05176320489206727
015488 0.026038801367320712
404788 0.06046573914787321
230189 0.008658083229792068
228218 0.053042141891532855
404305 0.006569803972943319
229712 0.06134304603928779
337504 0.013834751270785886
229661 0.10542490011026688
337876 0.05825942448838048
014933 0.017292708904865138
228233 0.053920914160602296
337366 0.032400501586203084
227819 0.05185854170057509
336100 0.0799413441426957
014483 0.01862485827575607
336652 0.073781333334459
403525 0.04440442968540158
229241 0.04756648300816773
405220 0.02266814105451977
015308 0.05046212389355615
122807 0.03543535098117016
335506 0.009835749640953318
228200 0.04582442251633026
404146 0.02748609817240627
227627 0.03381714184110831
014477 0.01742106713537513
014381 0.032468288046808555
014549 0.018182457412451572
123086 0.02659267461142981
404314 0.006584851334475338
121784 0.009700235323334026
337369 0.03211004058560838
405871 0.022260129699485064
337711 0.06707060358091217
405799 0.038539700526901664
121727 0.04352075234403352
227900 0.06933111240164803
405151 0.053935880573897636
122543 0.05565355139869644
335956 0.03679131919662514
405850 0.025175174024523662
403540 0.049705794073537216
335710 0.05108184704872985
122417 0.028129829047591315
405685 0.020250369499977484
229139 0.04250859120278532
229688 0.06244708849646535
229664 0.11190173374199719
336043 0.07586346283345427
405784 0.03769172166849112
227894 0.06821523450091384
335860 0.03919764472508682
335881 0.04275904962682793
120980 0.02937196681348034
405076 0.03716005810006333
121460 0.03257349749599959
228419 0.042481772812598184
015356 0.04326072099584843
336838 0.05096581738588558
404248 0.0263322384648714
014240 0.014337756814569813
012842 0.013372251309701717
229832 0.027700578753910365
228836 0.05668462807442241
227711 0.05740172401486265
230198 -0.0009119974284710928
228401 0.05016388336574027
121865 0.014483956725521599
228437 0.04152273155088243
229088 0.02319942024042247
122402 0.026486385094833514
014534 0.04089893729896173
404194 0.02350015453883703
336517 0.036762389599803894
229646 0.08743639335323129
405499 0.08143087781454007
014606 0.03141093203043665
336304 0.05724976986744832
405571 0.04452722309313198
336352 0.016788536009248803
228554 0.07206711094948848
228980 0.061867609459489964
335989 0.044285695207615106
405247 0.024512072812771214
013133 0.05818819757912314
122636 0.06131763001010844
123125 0.03142859130451797
336916 0.05958615420539135
405112 0.05584403505059788
228491 0.03694443033163779
405427 0.028957759097309136
404107 0.0419384857367632
120749 0.038707594812652214
013448 0.05742051930269166
228428 0.04342736027091386
335398 0.06532373425688992
337360 0.023380574156585277
228449 0.03908559341368517
403714 0.029586526748056882
405274 0.024360212052081606
403672 0.05631667429070915
336034 0.06570613218066353
403726 0.03414986279881684
228659 0.09758166904768582
228638 0.09265426130928046
335437 0.0644971198734986
404599 0.03792470194254813
403696 0.018521005377651226
404185 0.025715984130392274
335707 0.049969727226607426
228605 0.0796519400458076
228374 0.048267290473153625
229448 0.07981936843970865
405613 0.0529593950689592
337708 0.06771479523371136
122432 0.02572419320903539
336298 0.056903747012854014
229574 0.05645631167514265
335677 0.037538919183943
122438 0.016970033849584218
405040 0.038402162665121434
405667 0.03486357706420628
336097 0.08156056140070898
229727 0.04570146934529992
404647 0.04714067398555695
337918 0.023264169466322062
336526 0.025866868384647808
228872 0.06269720722874429
403975 0.023554530849341407
121832 0.022112875718116303
121331 0.019780306492617368
336400 0.07625705635492702
404899 0.06100498899740845
121907 0.01695696042604465
122990 -9.366390308215538e-06
121220 0.04498505586335356
405772 0.029229207139797306
405841 0.024734888685572137
228245 0.04899511024331239
405385 0.026131578715498753
123017 0.009405100569737526
227750 0.060469780210194404
335911 0.030856443199581945
229040 0.03800341534074393
228854 0.06102292827451661
013640 0.06452050338797018
228008 0.04966269832679981
404629 0.040902385403604705
121553 0.057727650546709884
405853 0.024769647557485217
228014 0.05113806441069622
404572 0.03742587655315616
404659 0.04491517975560859
228983 0.055876441559087824
228857 0.06063714308912659
227714 0.05749842366342079
120806 0.03442984858640995
014771 0.0359230741621956
336139 0.05154597818537993
404887 0.06296216992730058
228293 0.041415534036510375
405625 0.0507036860763881
227891 0.06832167013892701
121715 0.03908645352171656
121691 0.03684031591284438
015317 0.0556301131851688
014714 0.037298385459140805
120602 0.01004843601722098
122909 -0.014979729932159286
014807 0.058109161264501726
120674 -0.013535419124406577
122978 0.0037705940297288
405847 0.025025545143598938
405460 0.012953375114988945
013466 0.07951666808128358
404536 0.023515101548088047
335428 0.0695309456835657
228038 0.04914705790669387
404053 0.033858599241011623
014072 0.03389715110712398
335512 0.012560133457065043
228842 0.04447790499971066
121049 0.024976801364747128
014516 0.03678068428185534
403867 0.04983781309144626
404644 0.044714520920763966
337486 0.01913023091301194
121799 0.005889891536037812
120737 0.03242939237564329
405679 0.01381741234062382
227975 0.026282645480405126
015548 0.02897851311349174
123149 0.06733038160536023
405442 0.034152683877979546
335419 0.06629043135671715
227729 0.06067165493334412
228146 0.029082538490572046
121817 0.02424903276445034
015464 0.0657153837805162
014834 0.032083369707034015
013034 0.029761904761904764
228833 0.057426737556381835
229802 0.0504650598245788
015449 0.0442208435988455
404017 0.017970380183395744
122678 0.053878415542591526
404425 0.02856754017278257
405121 0.05478977585046865
228863 0.06206883080360894
121433 0.010930424230247973
014021 0.027237902448026843
405883 0.018648880954424837
014531 0.04082284893497033
403981 0.024700758071611578
403687 0.021926665792129808
337555 0.0017826396669966941
404077 0.045657557790495955
404284 0.010151503325536321
403849 0.0607234840106247
227753 0.05974816507038657
228989 0.04246485867583717
404458 0.023333177081948327
337501 0.019518253774759745
403639 0.025438364771392816
405979 0.03101850140493808
228017 0.05028015989684771
014420 0.03871962959028544
337288 0.024237393424624488
404140 0.025549143236713943
229298 0.052417542374788406
121295 0.0023336798503895253
120647 -0.01657319260292313
013739 -0.0011105478460695316
228029 0.06167980568566542
015530 0.0537246726566535
015335 0.049546062262212545
123092 0.0288871152849838
227648 0.035303758425100806
405235 0.026017619296555005
405592 0.04253469113037162
335368 0.06485817060439215
405184 0.03353953197837149
228239 0.05058135295493015
228194 0.03922367307639678
405100 0.03346963074742531
121505 0.046603156866129834
122690 0.0568997724282022
122969 0.009414199270026498
015521 0.0543818491791922
229178 0.045893825076558425
120707 0.004797400301005563
122714 0.02184551562872249
121601 0.04668450553761408
405298 0.02291546782601177
014273 0.038251497229123445
335257 0.038371902665721554
404710 0.04774589378186815
336046 0.07776734034095685
228089 0.02192296090277911
229229 0.04430423093724273
014459 0.05046339996207258
405259 0.02373025648554758
406000 0.032401884921488044
335842 0.040988826474986806
336358 0.021336078954847206
228383 0.047738049856017026
405832 0.018549978941205948
122942 0.007772666920648643
120992 0.033659478162595395
013190 -0.0011371203831263947
229595 0.06453220643338996
121868 0.0171185816780343
403927 0.0354022909826255
122735 0.0708039185550555
121358 0.02395759752990536
335965 0.044174665415436194
122816 0.011156900445298901
121805 0.009893307527654414
229004 0.04699077983460729
121826 0.02007886380676944
121673 0.042121563598699806
406006 0.03349665879925159
229115 0.04369231644588562
228506 0.05018638053125543
121700 0.040748627865372075
336319 0.055384393237701376
013634 0.06222775545284499
404179 0.024481917025152605
227885 0.06863778224889783
335770 0.09202178659776414
120695 0.011306919161319977
228743 0.04953429721128635
123266 0.05307604636011736
336853 0.05807519256635498
404215 0.03007492660708328
404893 0.06163923206571924
122540 0.047027792220737226
121124 0.023467311278950326
403576 0.027996393340057716
121808 0.01568722080597963
335767 0.09273886572304785
336442 0.06010025362146159
336763 0.028993499587042317
405763 0.02346040519393452
405187 0.028173638698648692
120842 0.05453259055576627
405913 0.018524086968332257
015413 0.012699684047915227
228470 0.0332064640087516
405535 0.045864777724765854
405562 0.046538210697615934
405757 0.024033216284960753
404440 0.025332228183621575
335929 0.035088598639789456
335494 0.016011699655454247
121109 0.019002636879738778
228221 0.05551078786422348
122210 0.06151537490742547
229199 0.040328088890403395
336559 0.037079590375349976
336478 0.06149472285830785
404434 0.026341983777217616
230147 0.050868818061791964
121514 0.03838526883032797
230267 0.06874593472694762
336535 0.030026999998836137
228851 0.059885016127702945
405289 0.016815822745935637
404134 0.03013735629601412
229301 0.054195514394202914
121178 0.044756339222544635
404230 0.028567284722189345
120986 0.03921984330285102
335320 0.049038982195781886
229187 0.04169601426368366
123080 0.022196716313216635
120854 0.05375350289033624
121361 0.02210998076573362
122456 -0.0052303311735831465
230285 0.058006350691932135
336382 0.07120246208671067
228353 0.047345121667668084
335416 0.06385967881207305
404881 0.0650283022020979
336832 0.04409923778405588
227738 0.06022781161215436
228344 0.04881835438666123
405550 0.0432351868380573
120872 0.056553438498170634
336514 0.04600042123117565
228407 0.04756873792735421
405211 0.018771591157272664
404809 0.052578534717448284
123062 0.020029522832557222
229772 0.04929546681130308
336493 0.061078144665117615
121676 0.04156099279867133
335440 0.061533817960365216
015479 0.041236991904132755
121841 0.02377538249306247
227981 0.029351381874909748
336625 0.0839197457547616
404722 0.05257179966466118
228128 0.034884112824900164
121481 0.03992688290790353
229892 0.035073728165046836
405787 0.039148742195470244
121592 0.05658026892586906
015398 0.017811535670815778
405007 0.0409814199011029
230222 0.008788659651668704
120752 0.03831828208196731
230141 0.050054800190631105
229634 0.06787981098483067
336943 0.027692028580519255
229667 0.11364087642627034
337042 0.06378909519740514
335452 0.04456173108075738
228416 0.04156568445484636
404749 0.011325325975086698
228563 0.07495313143041672
404665 0.04068199052123268
403996 0.02365221757405715
228077 0.014027239864691532
335518 0.020517212664973344
336289 0.059806851735190736
122762 0.06086492265477454
336982 0.007782191435496013
122411 0.02860286000159541
405397 0.01646007419406594
121154 0.021900617486922985
012968 0.036144710722423735
229016 0.04835890333627854
229052 0.03349747939116375
120725 0.030428298479278342
015419 0.02615915024393445
228692 0.084834667958171
012944 0.022582993756075833
405130 0.05027575391441375
228860 0.062095917182911346
229979 0.036867069182634986
336334 0.050276392245078634
337315 0.058326203371728065
120845 0.05576842434273215
014507 0.024580698418792405
404359 0.01543019465195439
229628 0.06373049757009289
337462 0.033474041508578425
120665 -0.015965979626942507
405700 0.0167454232425286
336973 0.015217528262952706
014570 0.00566010901900117
336103 0.07892523714931009
405541 0.053006034351338424
336610 0.09948415699803297
228044 0.03473861701183938
228848 0.059378920815021136
121217 0.045899498213993625
228296 0.03718690407046878
404605 0.043060167756660904
405736 0.023057317796152766
229823 0.03755331597470583
405721 0.011718949917292639
404698 0.048123704006914556
121862 0.012309163684470013
121742 0.03778688910254173
405925 0.02625311400939886
403561 0.02124194862169801
403843 0.06305661063589203
228773 0.04536685872151371
336889 0.06641305007081943
228797 0.050067494743925765
404524 0.014945413835290428
336865 0.06755516485460805
335290 0.05392106973508414
122888 -0.01431796364773428
335719 0.05461416003111297
335491 0.01074866485431995
014984 0.029575935725508064
405556 0.042637523773231045
229589 0.06212501326846348
336106 0.07784002524271455
336565 0.03907435159451744
014414 0.04791461549354801
405964 0.03560204610083277
406021 0.03208249151964724
013118 0.06275455110622216
121157 0.025589110722068462
121130 0.02033239559838942
123023 0.01766430604798129
335485 0.015238242637945147
404731 0.04560216201644407
336616 0.0909557944116681
122885 -0.013389907075279029
405595 0.05078871364782179
228398 0.050153308524041325
123002 0.017807624818830744
228806 0.05301256804398193
404197 0.022064422915744574
121616 0.049649570202093374
227756 0.061678255843202245
336178 0.05165281421116421
405511 0.06261429035635423
014765 0.03460369665155966
228782 0.04611371964872858
121118 0.030540993612762454
337969 0.008949388782513716
121679 0.03863718815276314
229130 0.038578385634224215
336175 0.0762118410825665
403648 0.04864582954562065
335533 0.03233165483591067
227732 0.06068114857134216
336112 0.07658879632565382
014813 0.06819785145855455
015503 0.02093380270043762
228827 0.05644051809366902
121490 0.05118522672752375
336607 0.10233719197530594
122705 0.050064359208331605
227924 0.03244915851504125
014351 0.03110830808275072
404377 0.01684041937349646
335623 0.038786464954342605
405325 0.03591557270605541
014249 0.017802414830429603
337471 0.028163761230804434
122999 0.016855077463483054
229799 0.05311676503821224
335653 0.05595231714434468
335365 0.05966087598512165
121499 0.047285659540267214
335908 0.032019432663933714
404446 0.023246034336309968
013523 0.05684648173442785
228452 0.041763969120183875
336418 0.0662927851430687
336886 0.0679680398016265
120701 0.0099722701821435
405976 0.03008779550960571
015332 0.043037251904119854
229262 0.05062695868117425
227942 0.0286169473380913
335605 0.05025452603695769
336247 0.06779774963540376
337492 0.020012538879539386
015512 0.05503581865737428
229724 0.050522700689899856
123038 0.02714444329741528
120944 0.03281229957046506
230204 0.0029569319797658317
014297 6.701819676157547e-05
122453 0.00306917583889708
335749 0.08533955948957944
121781 0.012525997894666928
120953 0.043091417841922504
122972 0.009156622920150508
228107 0.027008603778506404
121316 0.023764188245216512
121223 0.0376683660490228
404092 0.0419585816784714
336835 0.047018442436259335
014084 0.03392290700909723
403636 0.02022500416040695
337345 0.02131872382564069
405229 0.023462234948206668
227957 0.01731557091637824
404578 0.03662238070262282
336655 0.07294515444766071
015476 0.050300927959902514
228749 0.04981796160237208
122984 6.740011144639931e-05
014582 0.05474076023069808
121682 0.038761495358653246
403669 0.05792557672487668
015395 0.02059712887756408
335746 0.07802846261625784
229856 0.015859898855864463
337348 0.024948109969946387
229997 0.03863527994533196
337807 0.06413564909072149
405946 0.03739025887879169
015311 0.049020735108110385
014006 0.05980031480514463
336463 0.059187529705188896
404500 0.021425894867693456
335998 0.058002283302862896
405955 0.03606496684733448
336634 0.07706690316436421
337705 0.06775954328937295
403954 0.02010857071054421
405034 0.04031651823188472
335317 0.045930148336280355
123095 0.03441727205073877
121655 0.04268973929633755
121931 0.039424423187498066
405004 0.04472966537661896
227660 0.043098131691104886
013958 0.06676984319881517
404311 0.006720981289887724
335782 0.08963382124554013
405703 0.015829154807712097
404806 0.056036934168021434
123071 0.027028149088079923
122300 -0.001438383347250301
120671 -0.013727599512490016
336766 0.02553216298371835
404596 0.04194920893871423
122444 0.0141246698372393
403609 0.01776297531121751
228362 0.048183886928751286
013838 0.06636060482610472
336931 0.04777053588325665
123026 0.01771698300028295
121502 0.050686673741893395
120836 0.053029514757203466
336331 0.05308886807651644
121625 0.04250685612220473
230249 0.03341574320823389
405748 0.02849552044077239
336076 0.0793587056745865
335803 0.05055387051560734
120629 -0.013183367840469473
120968 0.03078070300567186
122783 0.056481197801216576
121061 0.0273366330900351
122927 -0.00014898433498992825
123032 0.021815341659438558
120656 -0.015269592478851741
336934 0.04311751010420598
122966 0.009421846275635484
403594 0.024395941718681313
335560 0.048756971998399734
337336 0.059301033064171116
403549 0.030691324774068055
015440 0.036352580640681836
013148 0.05658189280463414
229049 0.03366762898954865
403993 0.02181736845657509
404302 0.007546452087245899
014795 -0.004323732285272507
337864 0.06224751552613844
335866 0.04042810319117634
336970 0.011664100699186712
123296 0.003686728365150598
405481 0.049309669530984965
121796 0.00837121713664441
121685 0.03873372980042462
336001 0.05940274714206302
014630 0.05374311040602335
336793 0.04268907714520813
122906 -0.013418455880348238
122204 0.06193888487251105
335635 0.05706989533497303
014369 0.04606307395226029
336925 0.054782940045235644
404278 0.013225375115099655
337927 0.017675841487293082
403741 0.036379430427487536
335278 0.04887602017430297
405175 0.04997360237296888
122246 0.01650654408580024
405601 0.05152986233678889
120893 0.0554361497393306
403957 0.021715705302437348
123098 0.029877304145538342
229421 0.11914742237649971
121073 0.025557479671362023
121706 0.03965604427209817
121142 0.01710361511845116
122408 0.028050635164391987
405085 0.03826711213168049
123299 0.041907814105060656
227888 0.06770049164522976
405361 0.032010270947379696
337450 0.043677935686571474
014498 0.018853428510301286
228203 0.048265874367136
229649 0.09299155232995059
015341 0.05294628895501068
337465 0.03231240929930118
121925 0.012722446577889578
121064 0.02896309866668644
336880 0.0669871745854079
404056 0.035504711470399034
404170 0.02408430499967399
404203 0.027471026895534587
404521 0.013603415036371122
122828 0.023711105572513706
013517 0.0583868581620215
336271 0.06675792875744047
015485 0.028927520973972547
014360 0.022333084252407077
228152 0.028057405878092353
403522 0.04527438386151242
121214 0.0418924914290142
013364 0.05586777196262345
335449 0.044143091792210945
120770 0.04158012881328581
013154 0.053222888827406174
337633 0.04876917956640474
013151 0.0553387096949986
014003 0.060442617961338596
336622 0.0878779127084915
121820 0.02011293526935726
405424 0.023336631859425156
337867 0.059700399594217496
336976 0.005981177410634077
405367 0.030192104295455952
404038 0.023123661378154216
404188 0.02440108178547057
335647 0.053446322507266754
337804 0.06414341764385198
336013 0.05893341888298009
229592 0.06364230042322062
015410 0.01809593499022186
404815 0.0474122936145919
335839 0.03983460048669118
229625 0.06334536742578813
122318 -0.013600309910053884
229583 0.057267556391037464
403753 0.02844069153349811
404560 0.022643779570502117
335464 0.039061262612768766
404089 0.04284024652273231
228275 0.05021659624394145
122882 -0.015020408944180457
013415 0.04831187572404294
405838 0.021147457478990262
405328 0.03722236534654356
404878 0.06298331099158805
014513 0.027956957313358028
122447 0.007076549791084324
335311 0.04058584606386359
404431 0.025032894768439434
121112 0.024834159437207782
230165 0.03787902527753901
336157 0.03211324449367239
404695 0.047118989997868344
121790 0.009947376838510932
228311 0.04603417760038608
403558 0.02228995670026422
403891 0.05286000347628064
336646 0.07921996546740734
404266 0.020645491509440086
336649 0.07532636913252465
337591 0.028668992784812594
335578 0.0409797733332835
228458 0.042120895127468465
404392 0.024883208227105987
335554 0.04581840196831494
405673 0.026015994405451624
122687 0.056543375757767814
404275 0.014947038382727597
228689 0.07929378164057828
336193 0.026408661862084022
405136 0.06446559383886889
335740 0.06057269903222269
335731 0.045840265514775165
405517 0.04804367763997493
228080 0.011978351144255979
337822 0.06320797114565681
404020 0.022053355874016783
228869 0.0627063114680941
229010 0.046865932586368945
336799 0.04042673952537992
121343 0.015518418479507289
120998 0.0314803631010215
121649 0.04291523713034077
121004 0.026872972052801883
122813 0.013329201274447974
335830 0.03520525269384918
121115 0.02896115841228618
015143 nan
229184 0.042865959460846925
404113 0.04174188316587005
121760 0.02749001524846822
405967 0.03515386150615639
122822 0.013381584081839626
120635 -0.01651695316176245
230207 0.0042322043936275635
013247 0.04594797228643727
335356 0.0638773518757056
121478 0.03221703711010161
336115 0.07378094943414602
121730 0.04078321925907179
337483 0.019754894425809518
013388 0.0483267922123904
123029 0.020814193507435706
227960 0.017828846332359666
122435 0.018568321611883744
230288 0.05714525898797131
121535 0.026424906347125254
230156 0.04031857706064251
013454 0.06452025655612027
336037 0.06888281224327467
405208 0.019266392207685543
403873 0.05103181587578078
404680 0.04733193408921959
122366 0.00013983360649756264
122420 0.029439699270739958
230282 0.05811691951958598
121088 0.022792796184462043
015542 0.03806409209930271
404296 0.008306099654038104
336871 0.06924526854532538
227909 0.06418836099177105
405775 0.03144053930072302
123272 0.05448203800978354
229763 0.06134481252577375
228284 0.04861930553119421
228305 0.03651285692865566
122483 -0.02067037257970563
228935 0.0664971954342516
337324 0.05800684818296244
336007 0.059858155405311614
122375 0.006042768212932127
015407 0.01193923931273203
015551 0.027450448453768574
121337 0.015084732896656659
121871 0.02069131406526717
015278 0.04423689637493101
337447 0.04351985865341121
229637 0.06936740447587497
335764 0.09260497967802703
228569 0.0771845358879288
405886 0.01753174057932956
229805 0.04814625364408515
336130 0.06364885636408794
405823 0.029866368574073224
230078 0.03409470156329707
335845 0.037405847790105765
404212 0.028689118871843045
121916 0.017013382807006632
014054 0.01975216735240468
228053 0.0235914629413968
405379 0.02844980272704143
405652 0.03843141700408814
121172 0.04383287643679806
403717 0.03404105713367027
336730 0.05956726130553066
229037 0.04149621320967897
336961 0.0019926889384477
336826 0.03713476644602448
403660 0.05797695493396885
227882 0.06750546864100865
012887 -0.0032756328582763668
405028 0.04147915969044087
013610 0.047953842538644764
228440 0.04004613055789429
228086 0.020383590964552122
229028 0.04559635801240665
228932 0.06627808022222924
120860 0.05434137346918834
403588 0.023865340916140388
404293 0.0074868083856354595
335686 0.04439123846862419
228188 0.035134765946341184
336121 0.06547067894667026
121928 0.02516985570312177
229043 0.03227753993316051
121745 0.03259766513777819
228185 0.03335693298732284
404497 0.022862056526138798
228113 0.030530465634539657
404479 0.02604847347298386
404407 0.029228492749288106
121763 0.026194162334534404
121211 0.04278701686096287
122696 0.0544105031858741
014234 0.014837392649937154
228302 0.035615798476466266
404365 0.015871331840976693
227849 0.06278469185934388
405523 0.04693166928876418
121322 0.021983076005227982
335995 0.04622758366070672
337840 0.05996497472127278
404959 0.07851140071002263
121664 0.04462815657636986
015380 0.02147393228200378
403924 0.03944938328539773
405670 0.03300882555424233
229709 0.05935336742151231
122243 0.0256075975851732
121547 0.04893302694594272
337888 0.054017861580005
230237 0.028296323203277178
015392 0.023926878056558624
336094 0.08133636300767526
405544 0.04832248666914352
403621 0.02827807614280304
228533 0.06299050427839649
228719 0.010380077740502735
404317 0.006805241333816324
013121 0.06235686421248794
405778 0.031438659462031435
336064 0.07284153782771738
404755 0.042400320467457675
014939 0.013868029912312823
336325 0.056067544333848335
405793 0.0391904946469567
336922 0.06067181716652633
120929 0.031964441303910976
229127 0.039272450539924605
335281 0.050672454793556414
121232 0.032340598324889586
120962 0.039023596749980224
229691 0.061474345638947804
337861 0.057235441056508865
229904 0.051681692735868284
227654 0.037679555838489295
403999 0.0211773574398714
013085 0.06518825652107359
403642 0.03259004239488725
120743 0.03670290383591029
228392 0.05028603989312177
404161 0.02706213385583831
336487 0.06226548599049205
123293 0.06336168119483125
336484 0.06227118662155134
335425 0.06516828415885804
403585 0.026725142967500205
405067 0.0351731584422172
404782 0.0594286931541575
228035 0.0550800568212277
404653 0.048438556610591835
336142 0.04435340845410092
121076 0.023629056056274144
403513 0.048692099405360366
405751 0.025552007763606863
122951 0.01089300464911015
404632 0.04385594921967207
227987 0.03277040874041309
336940 0.035726784531626414
014015 0.05177169312317563
121484 0.04556627504034271
228395 0.04954293279736797
228389 0.0488451201352482
230129 0.04338017249956871
228497 0.04487284704851366
335503 0.018117756980422152
336385 0.0759193792239294
403666 0.05723895637847989
336346 0.021806735565638617
335275 0.04520561050319072
122297 0.004851243872962582
404242 0.022830910328819478
122996 0.014432843711685971
404491 0.02531466176579565
014501 0.02096609025486061
229046 0.03010317079252579
229643 0.08061762305115314
228680 0.08308844837482278
404044 0.028392679200465655
227831 0.059696859331111234
404719 0.04553773684748719
014030 0.004403357941006858
335473 0.032920329620539666
405286 0.023342333180798123
121448 0.024168619296228114
014252 0.03580847400566528
403966 0.023659100096731906
335905 0.03260310798811278
014468 0.038458421185412914
404176 0.023066443410091366
227588 0.0318328899275779
013331 0.0561105929264406
121034 0.021570599738538924
014600 0.028398754626058783
014537 0.04065563891122734
336808 0.03385899917097905
336895 0.06554074642399305
014915 0.08615193064250644
336571 0.03992418970301394
015329 0.04049628530029341
404791 0.06036767432929347
121235 0.037079783388486394
405340 0.032913623770842955
336868 0.06953981619691844
014591 0.00695835364162731
335896 0.039434232768355476
335539 0.024884978068842434
121052 0.025134259483230524
120662 -0.01464067375849164
229742 0.06678727422556435
405166 0.0496505787203843
229103 0.043825774533181955
121556 0.06212541016321334
227972 0.026095722976055592
404464 0.023305079653663893
336562 0.03714060384614502
405559 0.04641062496428353
404776 0.058156801489505396
335836 0.03857150116612785
405586 0.041613916877235604
335269 0.034342969883055914
404674 0.0452694363787374
228173 0.027340490557353412
014519 0.04492954824131406
337882 0.05557846453396237
120653 -0.015624560519497144
336805 0.03613453031678149
122639 0.07080123145509877
013898 0.06773441556900267
405316 0.03530211445448649
336133 0.06387421370351806
015446 0.04082827596269416
336544 0.027628127713330754
013196 -0.007763998849051339
336316 0.05711693983520489
337855 0.05464714397171469
120896 0.053738812009315
122288 0.009837589212731028
120620 -0.009145872016679518
227864 0.06619203837593098
335974 0.05097075537402742
405691 0.023751099545762006
120677 -0.014288172151463786
337966 0.006695620061039673
335572 0.047518300882868084
337528 0.009879443076801457
337000 0.06996677224598234
404218 0.02925000861719885
404080 0.04644880334084653
121250 0.03290103601555459
404413 0.02843346759140422
406018 0.032652857795051664
228542 0.05974023309140172
335389 0.07166254403217034
228881 0.06349248030829052
404713 0.05012137883460551
015566 0.056624858259057685
120905 0.04887574385320262
015416 0.012267605904381224
121901 0.014753254566837007
404245 0.024717545483641683
405196 0.021488247311185527
405505 0.08254233573781493
403978 0.02549953027434029
335821 0.04086962983994106
404626 0.0385688224864626
336550 0.0358907709543966
012863 0.024120569573164333
014618 0.030916198936393503
336187 0.03305183788645037
121025 0.021433376307285954
014270 0.0439505340347627
122711 0.03963864509158076
121169 0.039931953319419636
228068 0.012436772229100106
230039 0.029367563199174954
405658 0.03883753693675276
405439 0.03387882426572585
228725 0.03585049311319987
228455 0.0392123533839508
405394 0.017761258589584935
229868 0.019361447734269926
405808 0.03500438786930896
229781 0.044024746551428344
227783 0.056753167841169565
335848 0.03983666256279058
014486 0.023952038741714064
403570 0.027956884982925194
014237 0.015366594469736492
403945 0.021313533489507718
015371 0.02670532421137167
337903 0.034758355728252574
227852 0.06357527896040775
229787 0.045959276469139956
228818 0.05483829426386999
405205 0.017164648594327744
405856 0.02440119179849682
121307 0.019707376263929953
405037 0.038960145123911764
336349 0.015558693987269898
405094 0.036246938888419296
403750 0.02067310480621794
336163 0.028731007746564282
404323 0.007999344741643589
405451 0.025638914284993868
122423 0.02370971621291768
123122 0.03355540982437924
013661 0.05416430425585699
121067 0.027940516697953575
123089 0.027599889255654365
405061 0.03331989680973603
014456 0.05393178850157648
405115 0.06257879124940748
228992 0.042516141217930424
404065 0.041660164571388436
228224 0.057636451137456114
013160 0.048473112596921934
228809 0.05323843009547242
335431 0.06920077479685263
335716 0.054249070059870556
014009 0.05911204279685507
336745 0.055533515688370096
336784 0.04121361970489613
229013 0.047316650584829305
014858 0.03351851304372152
405103 0.033553857013538954
335272 0.03788503544361492
229154 0.04667208093072706
012950 0.024247678499373176
336283 0.06310958496477238
335689 0.04565602395900342
405709 0.018372576646714597
336451 0.05944645890735444
014261 0.03550457672295288
121286 0.009165213795566058
337312 0.058756677727950235
336166 0.023958012253805786
405430 0.030292099666582948
121472 0.0308599370371097
230120 0.04124822564033109
229700 0.05262926375305414
228263 0.049769860590864086
403855 0.05514753926400059
405448 0.031928348440290466
015077 0.10088804271959124
337453 0.040162854177126436
228752 0.04869820177738439
229244 0.046558776211884416
229484 0.092100027896443
014999 0.030229642884874196
229406 0.0931404432361789
014690 0.0312711954061168
335758 0.08934350529665161
121538 0.033095472411873085
228074 0.01322668794759367
403573 0.028782825958523467
228740 0.04715673432932322
404002 0.023789856357250137
336829 0.03845056874886857
121544 0.042220837132984655
403732 0.03960687948334995
405628 0.05067518267857271
335791 0.0713725127746995
228005 0.048541263330529154
230279 0.05751733480558339
336985 0.027726005319029894
230174 0.027058981217349076
405580 0.0430198548283575
228572 0.07913745466050914
228368 0.048625009740655846
015500 0.026260574722494146
229217 0.03541276866232443
123056 0.022955865574719184
120719 0.03722509753175025
404371 0.016810227932008336
405781 0.03587577731886205
122945 0.008948373253501597
404884 0.0637699053190793
405091 0.03787732917356346
015296 0.030898489900899266
404707 0.04892555362482622
336643 0.07713375173548542
228287 0.04703678623008922
014036 0.009518412295176852
403564 0.019014295856982156
123107 0.02495198175098821
405217 0.023449009829196916
227861 0.06671359580316585
228794 0.048943062582206855
015536 0.04488109667675416
122273 0.01888819039314226
405313 0.024343931617559295
405895 0.0214762259077385
228665 0.09760728682403902
336496 0.060332665613473654
335377 0.07735280652988194
404254 0.02443145829687196
121652 0.043343159559542536
405769 0.028709171786090844
120827 0.05360942281229272
228425 0.04204451616089797
335620 0.03996448739535634
121043 0.023375862499346416
404662 0.04318289953287085
228341 0.04791173463962351
335524 0.023586276586211298
404281 0.011621091118806388
405682 0.015925956811783378
228824 0.05576179817183378
230201 -0.0009295632181393824
121913 0.013516556648981002
015377 0.018954944287431587
123230 0.05037139569010053
337975 0.0050498910363175826
405802 0.037340176772470084
228581 0.07606594278088485
336574 0.03928270452385412
337321 0.057151679387168274
405961 0.03516967574492033
121583 0.06849678663636355
014018 0.0416185860785227
336439 0.0599508074272642
121304 0.013806693319581512
336859 0.06425301582518339
228545 0.06097683079096443
404326 0.008978542277327395
013040 0.014829724808163507
405529 0.044971337534851816
403651 0.056546753843818465
122993 0.009648609646300974
122276 0.01756010701216283
230126 0.04327784662132148
121301 0.007221055146457867
336184 0.03180168977704104
404167 0.023768959298085295
335815 0.04284098986925783
335722 0.0506841475263013
336733 0.06171128927361301
336370 0.06504317442130864
013679 0.09597161868617628
336421 0.06415441841044753
229133 0.03929587354244046
121565 0.07954138552599746
335587 0.04261678129634961
229811 0.04549382287190817
403600 0.025253191077719738
405733 0.02239003589950406
404110 0.04254630861087425
404350 0.010287195464505634
404011 0.02044776697673708
335854 0.04207123608395747
335557 0.04928713500542637
122936 0.0036065443765151074
335548 0.0391110169307123
015323 0.04939967241779685
405988 0.028504552389537485
403744 0.023338952320117737
120683 -0.013289681927285447
403879 0.049144902659283826
405724 0.0125343669286538
337729 0.06527485126441183
121193 0.05268050807510569
121622 0.045281536229523585
123041 0.030360713094033032
229619 0.061590559696639846
404341 0.00972876399205735
337663 0.03399253658191156
228137 0.03563090833710212
014879 0.059793332897166096
405760 0.02588892288835038
335884 0.04456384846343828
227813 0.02520429552587775
121640 0.04060026221624938
227780 0.05665321836276541
121766 0.026978974091710087
336373 0.07041857670714304
336964 0.006601566564999412
336004 0.06020020338200518
121070 0.027420321604003827
121430 0.0006420000229861799
121466 0.03304827052991776
014372 0.057973964688833236
120617 -0.009422910582258512
404206 0.02783837637340624
337339 0.04256997597430809
121748 0.03182612043516021
014471 0.02788643592204886
228179 0.028672774159185756
335329 0.05631406208195893
121022 0.023241396336726776
405835 0.015934951478461037
228515 0.06028841202827462
405715 0.015686198410388166
121838 0.02429919882345284
227951 0.024510783421757148
120668 -0.012289708528243595
121139 0.018027979748860806
013205 0.03483481451113652
336709 0.0610539751309148
015374 0.020603720363540596
121007 0.027878405380067035
121247 0.0354023167476562
013955 0.0677952283904666
015473 0.0531034945979431
405493 0.06550951215798627
230012 0.03352864811826731
122960 0.011155615745772264
122294 0.007355809926414946
404062 0.039112348372874986
336031 0.06411360435884053
404269 0.019594500507690977
403969 0.023650139713183606
337621 0.016534470270841043
336556 0.03744715186479485
123317 0.03817780780143479
405073 0.03774955879509931
014633 0.05519206405463132
228446 0.040557460611985785
228611 0.08401544908944196
336415 0.06688020869108437
015515 0.05487724453709804
121454 0.027117960931864797
403786 0.05497110739548229
014987 0.028002784757191323
229793 0.051733669214601256
230075 0.032755154930907034
336757 0.032516870543849066
121688 0.03902314497406027
404443 0.025626564429103122
404683 0.04700063870493962
014450 0.06105561767305648
335698 0.04941229106867915
405391 0.017347538812689876
121619 0.04588701178256731
227747 0.06041976748558817
227744 0.059969304905857224
123035 0.025417057967480314
122480 -0.01716607180661309
228920 0.06558744778186817
122252 0.01033371927598756
229214 0.034783776243632325
122867 -0.019330954078644044
335392 0.06943566312476032
122285 0.012887047269968173
405169 0.04856874814454355
227921 0.033662657396588885
335752 0.08697616615422095
404872 0.05820580726876892
337444 0.03951168485502259
013844 0.0662512154806228
015383 0.015779275332429163
404593 0.040428610766472535
403729 0.03434374894326911
230162 0.03800393202635654
120680 -0.013824182693030722
405268 0.02595778576503444
337507 0.010386103501140446
229757 0.0667026321968742
336169 0.02651303141114039
120989 0.035653548434791384
228728 0.03917068868379375
123008 0.012166844361621744
120899 0.05207577977752379
014462 0.049235785398934195
227945 0.026754752946140284
228191 0.03671032472702163
335701 0.05034252988045626
013328 0.020806076235966038
014528 0.039247249815613845
013520 0.058610498895996385
228485 0.025455210244818668
404737 0.02713704814313663
229778 0.04612505018934058
122987 -0.00010576063590450107
012938 0.020793842599796584
120995 0.033483691050292815
120716 0.03735257675490776
121202 0.05921264882695898
122264 0.025245808511880272
403918 0.044392347299833795
404032 0.021079875055913463
014738 0.030461125723448827
121094 0.021284876437302296
229760 0.06509773853594664
336172 0.07423967874046361
121340 0.010886247385115852
228995 0.04191526701385872
404221 0.03155656264168876
014096 0.01213381831241887
337516 0.01236247458933375
335833 0.039299970035269645
122891 -0.013965693752065017
121241 0.03080015828433124
120809 -0.0024303082116385933
229439 0.09038266113826209
337264 0.09787677998305952
405634 0.04626263630985607
228821 0.055871314791534295
014567 0.00967501101898285
336127 0.06073540812060313
228248 0.047168451286293
228050 0.02540297113416092
405817 0.033617613129831136
014543 0.02960321263903019
404014 0.018572074417097777
229844 0.011681879692838211
122486 -0.018189241968633866
121298 0.002727772638846044
405178 0.04523215544050529
405415 0.011550495775556386
122258 0.01829856383244468
015365 0.024400123837545563
229109 0.044599885884395826
405919 0.02354649341127023
336523 0.029085475981720094
405490 0.06175445073003467
229898 0.038737993487406905
337954 -0.009730682693540105
229337 0.05161092597391922
404143 0.027330370393545095
229841 0.012464477568447423
404251 0.02568633039044703
336472 0.060205801721020934
015281 0.044563914229786075
120911 0.04438689472581709
228884 0.0635757694718048
015545 0.03269005278568892
229616 0.06331474617451689
336520 0.02503846813491683
404623 0.03755665447165907
404116 0.041568594111978864
123068 0.02543488827755359
336217 0.03992050523723001
406012 0.032995224686504926
337936 0.008347266493056484
405829 0.02462099118169271
336181 0.043752081414437816
121244 0.027800161410515587
228251 0.04752375208722266
403921 0.041025020079637965
120731 0.028823287572462785
229697 0.05097440892641144
336907 0.060804550656126395
403915 0.045855432701367674
120638 -0.014456783022199358
403771 0.045123304972240236
121658 0.04312301251957285
228164 0.02482196200343672
121421 -0.0031625167272143553
122354 -0.024304644015718514
121355 0.023869152696980287
121724 0.04381062469849867
337351 0.028186989345559903
403963 0.023696018990759637
404641 0.04428529558385792
335626 0.03807817234748951
405295 0.022326117779022103
229814 0.04336493272605501
120851 0.05412130592666524
336058 0.07365668126884191
013124 0.061891104304601284
121097 0.021812526912900372
337891 0.05085704843362385
229745 0.06871025258594339
120710 0.0158979425547974
404356 0.01559057452315537
015443 0.03725566425768273
405463 0.01619000212646768
229562 0.0664218653062856
121016 0.023481170085226988
229025 0.047356303515936914
121634 0.038550679976977996
015029 0.055463278296004816
405277 0.024693555268237
335608 0.04601327070924292
404182 0.0245473096891576
404758 0.05080322839343359
120626 -0.012730388123182734
229259 0.04551011449980952
335611 0.0456484368685039
123074 0.020111491164834846
336307 0.056629737039429445
014867 0.037529223179691054
335869 0.041860206539733824
229847 0.011633573190841021
014417 0.04275610081102482
120734 0.029312721772522213
120941 0.031206309246912704
121670 0.04175823178308222
121898 0.010039085499256972
405631 0.04912271806825026
405508 0.07286050890024351
405019 0.04658727701600675
121694 0.03818316898815049
228926 0.06641256698855648
228269 0.05068154832710631
404233 0.025128263718997984
228746 0.050991176737750776
229148 0.04586933593346215
404575 0.036872744917512294
121541 0.03491058858483211
227789 0.05134059867579421
228041 0.04256887211289335
121661 0.045138647196147026
229121 0.04160777306030235
228209 0.04834848364546229
229082 0.019116103464296173
404083 0.04438701846841552
228212 0.04808798237166214
336256 0.06472555123519226
229739 0.06323931401514009
336703 0.06146038221934485
335542 0.029297947865498677
123053 0.03593766428806164
229442 0.08744634782226118
015305 0.057681069869031376
121628 0.041063976852839995
404119 0.040436294176916826
405898 0.0219328870491251
014465 0.04224593040277046
405142 0.06033024938177448
404131 0.030122369003409664
230276 0.06019086215345833
120746 0.037748813053260104
405202 0.017627043744426026
336280 0.06358091580059279
014708 0.028187264164460855
120713 0.031095607934579862
015425 0.047954833331832536
121475 0.028055879174086154
122879 -0.010036961328257961
335341 0.05315667710436167
121910 0.014298675013253642
122279 0.017531776948580664
337930 0.014124022255307763
403948 0.02084272393023346
014264 0.04791586855311453
230066 0.03656264306279184
121850 0.019816465831938246
403705 0.009397561004217393
228155 0.027112587512579008
121922 0.024271882610556517
229226 0.0339632345240774
335695 0.05158530597901772
404320 0.0073308682694006215
015344 0.053479141269633976
405547 0.04554409932785895
405157 0.05163611830892859
335659 0.05294995302041167
404617 0.03865923020735139
228182 0.032740477305533026
121709 0.04011810755548681
335527 0.023278186086276836
014675 0.03728054540734442
337525 0.010276457227386338
404485 0.02704677313004631
405133 0.06657804669870558
405553 0.043844689876927884
230213 0.006092814501946566
121637 0.03831107245142089
123227 0.061017289048149466
228095 0.024737163678567112
335938 0.037794593812035995
014255 0.034539477620155926
121571 0.07131233408468045
121463 0.03271081838259046
120740 0.030894027961479442
405256 0.023135343695692753
229829 0.03503705923130858
336148 0.034493669240430666
405433 0.031309094511286155
227582 0.033274702917015744
230255 0.015656658214582557
228143 0.03062385477836979
405232 0.025548076887806727
015275 0.04441404770725318
014576 0.012614085783741054
403624 0.02811577764250298
122831 0.018789396572487408
014597 0.01931097548611827
336067 0.07796438961683452
228320 0.044794783274790584
337456 0.04002980966865615
228668 0.09558798446857111
122369 0.0020179865545389857
121610 0.04934700113282633
404410 0.02955640180868311
405502 0.08695017230351172
405070 0.03850158553905588
404989 0.09853673046510858
335386 0.0740667502851539
336661 0.06859756125039676
336529 0.029821034685037294
336754 0.0389117318570679
404023 0.02465068715114333
337885 0.05371279464196907
337924 0.02008673674610472
403882 0.04872493140054661
122834 0.011082175209481142
337387 0.03806329180683169
403933 0.030935103516104005
227558 0.04510503037055755
013238 0.04692761678544302
405991 0.02671744892836878
335656 0.05571264472317713
405928 0.026754322098328495
229706 0.04680106517783934
228230 0.055781196306240025
335872 0.043759519488002344
228662 0.098389130369297
015539 0.03856367522446567
227804 0.05199483902083328
336466 0.059677281470375945
337309 0.06018457786431388
336769 0.026126687500309255
228431 0.04477424138964727
015401 0.005445896002350661
121751 0.030867192749516215
405109 0.044449670172790244
404389 0.021862117324544787
228404 0.04960539578263205
229271 0.05243201409277672
404068 0.045236306607603
121856 0.019732638252987437
229775 0.047448885246120655
335404 0.06505480886021733
404863 0.04919905814269398
336412 0.06794039051065719
228509 0.0658306356460329
014525 0.03985835124150687
405889 0.017681773121237126
230264 0.0469998049591187
335806 0.047968553414033575
121733 0.04289354897785031
014138 0.024650742493516904
015326 0.04737542135452346
336850 0.05528034142156023
336937 0.04118860486953978
336712 0.0617529585683324
335878 0.042670991643976725
228359 0.048996950817862095
405982 0.030644052696257418
404101 0.041763087332235355
335476 0.02838018924590692
120950 0.0395289796305742
015110 0.06985951846124118
122495 -0.03170482090909907
122450 0.00035448353011886634
121877 0.019218673377889947
227855 0.06332373926563868
336085 0.08015830345282804
336613 0.0965682024917629
228677 0.08366516983565497
405904 0.024806320025655085
404260 0.02089269081931716
336928 0.05202567923791629
120857 0.05446342811698005
121133 0.02296621043303177
120644 -0.01558391758091542
014378 0.0399650395231903
405043 0.03824432773053128
405805 0.03652527866649825
404551 0.01828253441308053
122669 0.059543865815701626
404338 0.01003769291272535
335890 0.042335030699362404
336430 0.061616882501385764
121526 0.029284872287343538
335353 0.06017600235220114
014522 0.04485492371107175
405688 0.024573308958683947
229307 0.05186564464958347
336979 0.018202683711178086
403720 0.034643980692674846
229877 0.03216236487574445
121319 0.023153090547809334
015527 0.055343360927592476
013142 0.05818444135958555
404419 0.028053015297436687
229736 0.05813144398502848
228215 0.05084443266854631
335293 0.050326401434683844
404173 0.022496710841583167
123005 0.0170298306232369
014810 0.08233643902672662
120641 -0.016630027724129127
336310 0.05754112291868682
403675 0.05347296483920237
121550 0.05110490148660367
121844 0.02088680664973848
336787 0.041783231066871845
337480 0.020533752125794228
229091 0.029517136257855653
335818 0.04322533211725206
335332 0.0576245817495107
229838 0.011887870666494514
014558 0.012221527183068109
404098 0.042066469309317026
228737 0.04359717314513507
405796 0.03915092177345744
336796 0.04117674136944752
230270 0.0677833112754591
229658 0.10299763928414746
123221 0.13831147611941758
405106 0.038548814015648906
122396 0.022981615658274286
228482 0.026882466472123927
336055 0.07499904347937193
405952 0.0368704479155853
405922 0.025475921312659005
403537 0.050985387614902726
335413 0.06454589898377308
227870 0.06540943166457526
121181 0.04651034617587261
229571 0.058204655854116064
228557 0.07557512958389413
120848 0.05348009933733188
403567 0.023251903049666747
121646 0.040386176478175335
228560 0.07467575252335959
405436 0.03180002382282767
014447 0.06213530902262842
121190 0.05067511253876633
404071 0.04564631610170907
014243 0.010763675425991869
335761 0.09135166215277137
120965 0.030086265216586455
405520 0.045393820978941624
014078 0.036526781054761315
121532 0.027815259275613007
015302 0.04625421177926672
335302 0.04059996498898389
012935 0.017559850370729126
336073 0.08004091392230986
122336 -0.0159851657036247
228758 0.04469662548440085
230060 0.03158738987786429
227858 0.06598855532838381
335797 0.06626181561266885
120890 0.05599624047880111
404677 0.044732895190361756
121271 0.026030216356483615
405172 0.047682063177369616
121580 0.0676130735011456
404614 0.04132864078186297
122819 0.008945102549854332
121187 0.049723809004832
229151 0.04719914201938138
335509 0.0040853544593111545
337873 0.05874584283833726
336946 0.02795227329605497
228977 0.06269125082865865
120623 -0.012004635193910764
405865 0.024359339232050033
335920 0.02229902970209152
405697 0.016377822548854826
121574 0.06849544115587937
015428 0.05248788925063961
230132 0.04442290413643644
122702 0.05109811100455492
404155 0.027038724659216692
335380 0.07666543265318924
337540 0.0032761720960779468
403603 0.025768466658171778
404227 0.030259078854880498
404506 0.01901626467470812
014285 0.019334969907420865
229208 0.034376481700027106
405694 0.020663379986204374
337327 0.05702423309312716
404383 0.0152972269962823
404029 0.021981296493453897
122810 0.028380061367159988
405574 0.043237188609147464
336532 0.02777023343967951
228101 0.025568218574710234
014480 0.018973155996917353
405970 0.03205808027245473
227723 0.060037473353648584
403960 0.022723444804604035
121196 0.05487659294817764
336394 0.07871966514940199
335497 0.01961387699447315
337939 0.01029535192450939
336538 0.02725532217255711
337495 0.020177582165966813
405406 0.014982799178651458
404557 0.02455256575022623
228056 0.019655096796459874
336619 0.08961471507917347
121160 0.02776196414154119
121874 0.018222544254266088
229655 0.09880505644139788
122681 0.05450206482589493
229751 0.06762318937432152
121904 0.015558461915879025
230030 0.03346436727410067
336802 0.04119917907488159
405193 0.023413343281234365
405583 0.04299780745061369
404704 0.048647189333793084
336817 0.035300467849911435
403597 0.025614801048688744
014354 0.02669555865177492
227726 0.06064826170021217
122675 0.05410767324602454
121001 0.029421796203431935
336820 0.0361080071104865
230159 0.03909702190245041
015437 0.04650238896984092
228158 0.025195752877460013
336025 0.06012703475233219
230018 0.035611448455156236
228020 0.05012362177013203
335641 0.0516197279594217
335947 0.034132577724618134
120866 0.05412168281564492
015389 0.019073571603764935
015518 0.0549663861702304
121457 0.028679834615520768
123077 0.021920418692634374
336910 0.05938179678917959
122249 0.011074888989201656
121334 0.021022804220496686
335362 0.058751176383654125
404476 0.024476746553490518
228281 0.04956573316029139
335569 0.047954330518144975
337963 -0.0009640174406287398
012857 0.020947448791019504
336904 0.06374976352341208
335776 0.09283788370012955
228527 0.06682127679300587
336445 0.059713092304411394
405223 0.02162554572507871
405079 0.038337588326142626
404128 0.031419478427483896
120884 0.05713440203997003
336814 0.035979963292019385
229238 0.05037425770086525
122780 0.05887958505312954
336226 0.038317862783468465
013418 0.04915550427009831
336874 0.06907139652020208
121277 0.015754436859089355
228800 0.05182367654756243
227555 0.045074872341010756
122759 0.06187532150667477
405421 0.021613981041204242
122747 0.06851554386199467
230273 0.06446877104177809
337651 0.043759339883892835
014555 0.013246008184576273
336460 0.05915916277014692
229586 0.06091570164086549
336367 0.06588533753720822
404794 0.06010164605426861
405139 0.062273565481773555
228323 0.044780819029718304
121697 0.03903182535068233
228308 0.03927389144453498
228380 0.04709666264411438
015455 0.06170646074829633
121031 0.022038583770990203
405025 0.04147506997571265
121310 0.02150154685437494
404074 0.04642356719933993
228551 0.07212211087454752
014033 0.005361166483607776
228764 0.04479911643004785
405049 0.03572736006758788
405334 0.037911974566140864
228776 0.04600254223768277
014627 0.05446598277591355
337846 0.05582828510515414
229880 0.03241468669299059
337441 0.03653004219693711
013115 0.06368742221807608
228083 0.011249551181755368
121121 0.028350866763677294
405643 0.044504529719026936
230153 0.04591325252561955
015320 0.051873892141040504
229901 0.04799439689340112
337363 0.028706793859500798
121379 -0.01397000623302773
014441 0.061149854282346365
121568 0.073225126777232
405307 0.02203030767916802
013994 0.062059311153126386
405646 0.04444330738746409
335914 0.03174413519194949
336790 0.04365374004670576
404515 0.01031442118854818
121010 0.025553792599859217
335941 0.03888025822828333
228047 0.02982688599770598
405214 0.020378715596763314
337837 0.06445705365041367
403657 0.055058427088820215
404512 0.01353766225429451
013127 0.061012826346397195
335458 0.04335409790034993
122666 0.06233754853476099
403582 0.02457153151724281
335671 0.03833376860358317
229205 0.0366721724015431
229223 0.03515746317511821
228761 0.04446592387562816
336109 0.07963755714650057
228299 0.03477177541126616
230135 0.04879334153958924
335410 0.06486268193439396
404461 0.022614203083962052
403618 0.027834271072559556
229067 0.02800721765322973
014309 0.03058417146168058
122405 0.033378063004084586
014603 0.03196428950262252
015434 0.045441111743555286
336379 0.07134757543835968
336355 0.018648727987178416
403897 0.053531785512590295
335857 0.04276140037596023
336436 0.06127764895995572
405346 0.03149570573435262
122207 0.060861072843036955
227552 0.04542434447288343
405127 0.05120181086333209
012878 -0.02555482791214393
335614 0.046855620628088034
120971 0.030849302503679708
336481 0.06054105276651151
122684 0.055428701129550534
123284 0.05812375962970749
228329 0.044807680565245506
123059 0.021370482011322474
229610 0.06346912358803725
337318 0.05844640928601461
404059 0.0384004576548046
121082 0.02000886803257736
337489 0.019064718666713682
405472 0.03918562839877325
405352 0.026673020766195564
228734 0.04167980144172094
227999 0.04407296781645422
229070 0.026309020932929448
230150 0.048789694518404605
404716 0.05281368927522139
229715 0.06031442135669636
337354 0.026364002139618647
228521 0.06779780686427256
122900 -0.01575652973929058
403939 0.02181771027558274
229232 0.04566666738351841
120698 0.012246060218566501
121880 0.01942662841581097
405607 0.05256744820301927
230168 0.034985269771459104
122693 0.05619465511271237
336508 0.054800725864553854
120923 0.02415359630119327
227927 0.031978459707182695
014615 0.03202952557837057
335644 0.0525581542187385
228371 0.04869639707011722
227996 0.036598528250106156
228791 0.04821976128394011
336751 0.04538892969435957
406024 0.032695362146249234
404770 0.056390551965099095
121106 0.013902323599906853
335773 0.09368972252564649
335344 0.0525874769219856
014357 0.023828306876512783
228335 0.04878522165299241
335680 0.0406672063145833
404332 0.009080045239583348
122441 0.016603384509013823
014891 0.040515569152024686
404299 0.006445019349623625
336427 0.06133625856421344
336409 0.06877298985025666
015359 0.038172257422878886
122954 0.003242123472484505
228410 0.04410527788335621
122897 -0.01418320436200834
122147 -0.0008275270431268477
336844 0.052935386753632185
227822 0.0593421646316636
336511 0.05127688720242036
337498 0.02053291519371624
228266 0.04908690929517074
335488 0.012300468813431446
404902 0.06066121440641686
403807 0.05297728525289455
404209 0.027554491507256543
336238 0.06888287862141926
121103 0.014687054288420426
123113 0.031147078824167725
229580 0.05840988639557112
229982 0.03836641893725637
228479 0.021599487090208258
405124 0.049315807057826164
336457 0.05930545799801994
336670 0.06324781669588497
228326 0.044443481078383876
336403 0.07447162271771485
227846 0.06282858147121186
335602 0.04945263375920951
405598 0.05410847955502494
405940 0.034170915048869474
404743 0.0151741371292892
335482 0.014809773380088652
404122 0.03728025973129094
403543 0.04345015199884536
336547 0.03030061197804881
121349 0.02524913767887572
121586 0.0665950562816973
337960 -0.008221744947432143
404374 0.016774349816669903
335851 0.043883055113453084
121577 0.06969762295402983
229193 0.041660672185009476
229094 0.036656459918419204
404635 0.045479848926320614
229607 0.06549362700260286
405343 0.03237074795025724
403612 0.020653638080692285
123014 0.010407637229872172
015293 0.029010123938539252
015338 0.05110491111303456
336118 0.06878899611129098
404329 0.009432307319035604
227876 0.06413729879813813
404686 0.04725297605061919
122576 nan
404779 0.0589627858126953
121757 0.028541462390993453
015452 0.0602286048518732
227570 0.039319749100929176
230219 0.007513100166357528
404908 0.057860453647595865
227993 0.03509247252130854
121046 0.024970575050868152
014789 0.00817420898921906
229766 0.0573964498149099
013439 0.04897362552267466
014609 0.026116939075789217
122915 -0.010509338952648137
121589 0.0626144658118265
122459 -0.007948754333696064
229577 0.05484743709238167
014564 0.018941717643755865
227708 0.05521731885824713
335692 0.0488569141522705
122948 0.01009975187362187
405610 0.053174685490429335
403684 0.028693453516514554
229190 0.04104038075078529
121370 0.013039452521370336
336892 0.06657887322055761
122930 0.0007244942751306735
406015 0.032441093736846796
335521 0.02146704612553181
227939 0.028990360412044804
228377 0.04806430403434856
229256 0.04341522819523056
404800 0.05877479855976408
335260 0.03759965562889243
335575 0.04555638358196261
229019 0.049450956911888326
405526 0.04596577755775034
121391 -0.011783653966635155
227828 0.06121664461725513
405538 0.05211833428853039
121058 0.02787995069472301
121352 0.02586527637792234
227948 0.02576848469801006
404404 0.029333887826756902
227645 0.036667856294418495
015431 0.048288452038570254
227684 0.05114637251907579
228290 0.0430735471358719
227966 0.02073163009076346
227720 0.05919371813819522
404224 0.032154953017810406
013310 0.04488756941130858
404437 0.025778408431360738
121151 0.02257216382043921
335536 0.028260884025566684
230183 0.01149377233189902
227969 0.0222695428880221
228518 0.0698390385049882
336079 0.07988093169927046
228032 0.06001995940988146
337681 0.042100337619331955
335755 0.08900880547673508
014267 0.050978146640542774
228104 0.02663750818755749
227912 0.05529877120464292
403681 0.03244454202213682
012932 0.017910413755826967
335986 0.0467784904148399
229784 0.04390316676457284
227903 0.06845670453612766
404734 0.03814337352686368
013073 nan
228116 0.033751619887099696
403579 0.027819789800694376
404563 0.026377756823590996
229694 0.05945216146480102
121520 0.03177533434278654
337039 nan
229076 0.020628276809283766
336313 0.05757289763432381
120881 0.0596861868728826
335959 0.03894163885154112
014828 0.04436717714582171
404488 0.026137848464328872
227918 0.03947061651305514
228023 0.054759968909162335
336856 0.06111102589639276
013145 0.05888963241372472
404773 0.05792366365907055
405649 0.037717482037482604
228965 0.06438836045366116
405910 0.018114576707885195
335284 0.05285760767639127
404554 0.021129380694920753
405148 0.055908662629505945
335662 0.053765056684284454
121778 0.01651631227149001
230252 0.032758016984929486
229142 0.04554229660312106
014276 0.033123154572547026
015353 0.04967990375700451
404761 0.05286159728211191
229064 0.02781558592457681
014552 0.015666693128873584
120935 0.028679221606775173
121100 0.01678833634970416
229166 0.04474921640784569
014846 0.03452181059216696
405616 0.0509672474743391
228524 0.0663050677529838
403876 0.050167698305820733
014621 0.03350923970452257
123065 0.023571136067840222
405868 0.02302869077790599
013139 0.05851930952407669
230186 0.010703498537504796
403903 0.050982768851564164
403987 0.02644603811917134
228473 0.0234469840931644
229679 0.1307183388769852
335455 0.04293675982169262
403894 0.05304855717204334
405880 0.017778721880029748
336877 0.06812347669294128
121493 0.05198722907475063
013157 0.050507709799924694
336022 0.0586235186994688
336040 0.07586065951831879
404611 0.039083452979134244
228167 0.026172698845436975
403990 0.026735159530426187
404386 0.01768766000929916
228071 0.013165413833129845
015089 0.0906981290490539
336202 0.03487489370584365
335977 0.049616223444252205
122237 0.0394952936800124
336475 0.060884202756578965
120755 0.040123258829628236
121028 0.022561650008264215
120818 0.046917759248515614
228119 0.034594625553113496
121769 0.023806927541007668
121436 0.014609012507614993
405058 0.03502143935551719
403606 0.01866342946862881
122753 0.06529074027424767
337459 0.03759558070318324
336154 0.02774309125281838
122255 0.012000115584950096
013229 0.04336450540779078
335338 0.055217547814874014
405022 0.04401111588227734
336082 0.08013710233448411
121718 0.038382484252700945
121346 0.024754455542665723
121886 0.015591934529317689
336502 0.059808077259830256
336019 0.060085306781655516
122786 0.05305023688661185
228254 0.048080874525181075
336490 0.061628964596561024
229250 0.05681504884818199
122957 0.009890884840341898
229889 0.034373554070948296
227564 0.042746786588828224
122291 0.009167716723279401
014075 0.03746263075515319
013667 0.031816301342220986
121148 0.018588176020356364
015113 0.05993810385413061
227651 0.03798094136615383
405412 0.013901812801704818
014426 0.03235662606923702
404671 0.047387291612980956
121892 0.012726870010300251
337909 0.030259197790426285
230192 0.006165232958727602
122849 -0.00501360322512586
335563 0.049168842468637175
121367 0.017380016333228946
405844 0.025753953131272125
403831 0.053481961576363
335983 0.0468236672972876
404638 0.04716110219788542
227768 0.05791419257551054
229895 0.03873295869738872
121988 0.06069775275545785
337642 0.0530536491485897
229175 0.04651279108179337
403912 0.047502517490224126
015152 nan
122894 -0.015475308851955397
014432 0.03159857791586719
335401 0.06524970458256774
404608 0.041181551438363155
122399 0.027882188211673153
228434 0.043230401228720974
405814 0.035192906027695176
015347 0.050004090365368764
228272 0.051030621795427236
122225 0.05740844609859986
120956 0.04313674204879337
014594 0.016216656958409983
015524 0.05642330772662288
403633 0.022913178109334905
228059 0.01608551738115379
228548 0.06705367326571911
335581 0.0402487834146057
014720 0.043016084813146574
122384 0.007388226041362744
404467 0.026101675948844594
404005 0.020468672654102144
405097 0.0345003305839067
229874 0.0304461459548251
122501 -0.027805066215054155
405241 0.024967946529235098
229073 0.02530121136964444
404290 0.009167748919547107
405622 0.04778492850940219
335962 0.04319358864905836
337330 0.059234837746642434
405664 0.0351279411607067
229808 0.04759688898064625
336061 0.0722747271581855
335566 0.046992220878601075
405244 0.02589905126789822
404347 0.008673789554843634
335599 0.047972867919946045
121136 0.021888596475420553
335359 0.06058302342976364
405730 0.015550069749460048
405253 0.022951998722219806
404035 0.021707258546045636
404368 0.015919318582076104
120887 0.057630896486028295
227561 0.04631188571561664
230123 0.04361607347215925
405283 0.024525389638835632
336028 0.062280072781646365
335893 0.041798272901058614
228338 0.04870988652714455
405457 0.012682985348660379
403630 0.023983596910556047
228476 0.022861933706829613
228866 0.06269447912395985
336010 0.05944610122384247
405388 0.02187645933858058
404725 0.0500299347876246
015560 0.029900960319656042
336328 0.055248310768039675
227717 0.058711454093668666
015017 0.08508815984315957
122414 0.026395140359065126
228779 0.0459194787455474
405016 0.04511636874032399
121604 0.046668252700554705
227906 0.06698305451971853
404530 0.018079169115526636
228002 0.04264103141930703
335734 0.04883187406158369
404149 0.028359350068125608
229409 0.10882678181883523
228815 0.05464604242271925
405145 0.057448862505427654
335953 0.03539241098603992
404590 0.04094324633275216
405565 0.04686758759815651
229487 0.08802336747024103
120977 0.02994799723900441
227816 0.0379497051470713
405943 0.036607042534921815
403951 0.019715785482787712
230177 0.023326034099318462
015041 0.04185548533952942
335968 0.04637240639116029
335665 0.05182837859624146
405052 0.0339925991975261
336721 0.06242570951851724
123044 0.03715719613365829
120932 0.03288997538814697
120878 0.05756950789898763
336778 0.038842645728199704
014942 0.026486269200469904
230117 0.03991797235276964
405859 0.024842878109222144
121787 0.0116152347618129
405013 0.04448097957044853
405820 0.03218147845970953
336823 0.03735308087243703
122708 0.0467075364724614
337978 -0.0005655863649237752
229145 0.04641965530454363
229853 0.01368028436607182
404905 0.06072376674599178
013550 0.06626984850229199
229817 0.04214438100309738
335395 0.06768004742323185
404566 0.028782962733083315
335500 0.01922664513850525
229820 0.042185345666554616
337942 0.008018624476897412
335950 0.035089888954355844
014453 0.05774406059552887
335650 0.05540797095002128
403738 0.03879151967906228
121184 0.04728438817687997
405358 0.02633160243591609
123116 0.029724655547360326
121829 0.02050914445667292
228788 0.0490706399759403
404137 0.02786889082527043
336898 0.0654962220992854
336760 0.03238937935941992
120920 0.03322255262875209
335617 0.04279652041872265
228812 0.05432431277736403
229100 0.041963900107234116
013307 0.05106532195257762
404911 0.05878982590431125
337945 0.00666993266404277
015254 0.03663534905459723
405577 0.04356721901696906
229685 0.12125828291489009
120785 0.046463714888690374
014027 -0.00017071099343836274
405382 0.025442625038207517
335305 0.04115581564753481
229169 0.045053467513339454
405739 0.02375032933491897
230210 0.004225781992433461
230231 0.016095061260739927
228707 0.01308707365286429
335350 0.05673785685260165
229055 0.03270562863578231
121013 0.024369780717888912
121517 0.03524397408444281
405364 0.03685575997659856
122876 -0.01597802960198247
121175 0.04544680882788077
122825 0.017985048383922106
229112 0.044001063365024046
229961 0.05123471006069308
121835 0.022619265365921234
228011 0.04864583548706314
403735 0.037700927916636824
403654 0.05576076110204061
228620 0.08539683995680937
337714 0.06695437431335449
121226 0.03288076073525306
335971 0.04922135207043729
403528 0.04668208764894795
405727 0.01586326345248816
336772 0.028790417614688157
013277 0.05230612255278087
404533 0.020076006364012102
229730 0.04697941077599001
228998 0.04239113593793137
337933 0.013471784277539332
335683 0.0412371809246846
014561 0.012621110429455348
227579 0.03388197864661237
336454 0.05834035326392104
228197 0.04282837332408732
335728 0.0509436585168132
404668 0.04263109911229124
336151 0.025210398520646573
336664 0.06817331219014852
335632 0.04686311455390967
228845 0.05905333486010806
229160 0.04354348311615795
335383 0.07591813692417063
404797 0.0596098995926306
336406 0.07251321037842749
013790 0.015154962028775898
229034 0.04170764296676342
229031 0.04366372992698547
337972 0.0069800468392249545
123287 0.03534151645474424
335785 0.08288614745260912
336736 0.060223940495361165
336199 0.03282469239557759
229769 0.05472790150606945
405916 0.02009291351933182
336901 0.06356271731177841
335788 0.07585211162138317
335470 0.03417720325197704
015404 0.004682583815605495
121289 0.007223865189813895
336253 0.06604079012469058
121736 0.04085707087245648
404482 0.026264983819257234
335596 0.047725156536922116
120596 0.01679724948251541
336448 0.060341310140395926
405403 0.014242884928052589
014012 0.05626930024200705
228161 0.024622542507822167
121511 0.04347028465164142
121469 0.03171411759335831
229670 0.11951938042504927
014246 0.007070569795356441
122744 0.07339821822998029
405454 0.019289404189895415
335932 0.03756141645032828
121823 0.02227429190620047
227759 0.06003913440104776
228530 0.06391778164973431
404353 0.013952811965682786
405400 0.015780965491443293
120974 0.03053905029114478
228110 0.02924026693000342
337333 0.059748106192999084
013496 0.08870905739343639
336364 0.05683609312727656
122282 0.015484620453228471
122267 0.023562777547671623
336376 0.07337644385903155
337645 0.04830447377821531
404095 0.04158596708095428
228125 0.03659707835823589
228686 0.07816628987590471
405088 0.03991236929958239
228317 0.04667803459982149
228674 0.0885005519321257
229796 0.051936021183790614
015509 0.05705137109657746
121802 0.006581620754877188
336388 0.07709829245335682
121325 0.02186850406138179
336628 0.07588660692329485
405238 0.022583460480436194
336742 0.057775128291864715
229118 0.041359701884638854
229850 0.011938488082643316
122921 0.001679199636972623
228092 0.02192968793211818
404602 0.044264286033023084
405718 0.011988065306716042
403984 0.025227664774500568
403534 0.05125263335725971
335308 0.04177334565706308
121283 0.01056179961523639
230234 0.0223167627543373
227963 0.020036165972077663
013130 0.05812320068978779
120926 0.023731648298722124
405370 0.02963146552228727
228236 0.051744527799876185
229973 0.0451548080134198
229622 0.06307117047771545
227897 0.06808763522139483
404812 0.05139354363513449
403516 0.04801565989218295
121853 0.01909756739754075
404452 0.022682098674047833
405589 0.04102864536933031
014636 0.05298372333029865
403708 0.014210996510070045
405949 0.037076702852693065
229007 0.048404526612591633
229220 0.03275479302215313
404701 0.048841549615623224
229085 0.020525540493526527
227933 0.024838759738458633
406003 0.03239839432532327
404752 0.02437869813323213
405280 0.025187555088472778
122390 0.02000852814900982
230246 0.03236092218937285
229883 0.03545122736351576
403852 0.057751648865377925
121229 0.02907521030686103
337477 0.02355602825464972
014429 0.031129063397688703
335347 0.053548933635295996
122738 0.07600292052486132
121859 0.016252842698149274
228785 0.0478809026841435
404257 0.023662624569562224
013766 0.026185243848770384
228512 0.06525790158753393
123110 0.026436083217707993
014393 0.042465997728901375
403870 0.0504483549316547
015482 0.03453435048052415
405514 0.05309526971397959
404767 0.05616519835538728
121274 0.020519805477514887
121496 0.0519524047065054
014504 0.023390833923342767
405250 0.022670037121703245
403615 0.02374304070003205
122981 0.004334087144760862
122387 0.014874789722909258
120821 0.05012229899386386
404581 0.0452692180068874
014423 0.03531876586166516
230195 0.002838856567528653
337531 0.008731513099690428
337522 0.012586756302109103
405310 0.02273668543568033
228494 0.040713770333074675
014039 0.012017774375486168
122672 0.055869482375763266
121598 0.04817653823979477
404263 0.021483890725662792
229001 0.042980584540615915
405322 0.037636653875547744
121772 0.024341019449654888
228122 0.03589853743392126
120728 0.029506124293828845
122918 -0.002146061201740926
229163 0.04350108919853984
337897 0.04360036285539329
403942 0.02281461002393309
228227 0.05734807875243917
336091 0.0808674590672349
228260 0.049450771137017645
227978 0.027405140428570115
014123 0.023509800498914296
336694 0.06356613993310795
121712 0.04133138761138339
122426 0.030419988961155744
335899 0.036695017026793106
015362 0.03034101869962538
120938 0.02970057194307505
229499 0.07115657909496409
227801 0.052289623667718485
336070 0.07874595316533753
014399 0.04421994729251516
405304 0.020658367539474906
404740 0.007119893608512458
336337 0.04736912584545748
228365 0.047791072402420094
404335 0.010260333224604134
122378 0.0016003851409961015
227735 0.06030238376864138
122741 0.07484490042840229
228770 0.04441836254134552
336295 0.05749270769802537
335461 0.03992666625111552
405055 0.03462492397853306
337357 0.025539899835342255
229253 0.05434686500540692
015470 0.05552994321315105
336049 0.07680518475157026
120704 0.004225846716251114
121280 0.012399758070009132
228500 0.05017427678771451
121508 0.04522557167779831
404518 0.012036516180030248
405031 0.04010178110538386
123275 0.04195849077096061
335530 0.030959607422643493
014579 0.027524352621414713
015467 0.06476121517567854
121445 0.019851526147733774
120959 0.04174724750743423
228356 0.04866156721754308
121145 0.015852309124263476
336637 0.07519101779230315
228644 0.09517303563731863
405931 0.02778532489413659
405637 0.04529838874454252
403552 0.029745472914021354
228131 0.03510640726249491
335434 0.06778180896374297
404158 0.026870566936275327
015497 0.0276815620361213
121613 0.04913790603999639
405163 0.05054253859630986
336727 0.061734187618426875
120632 -0.014181987993411565
335296 0.0440776114083066
335923 0.02616704618011375
403909 0.046504483775840356
014435 0.04292095424189341
120875 0.0586143982823914
403546 0.03782477636894768
121949 0.06519210780108417
121721 0.038212414056956245
228755 0.046776082876031674
121793 0.009325826712336711
337468 0.027527097491540427
403858 0.054263579748651265
337951 -0.0017065761380833007
335287 0.05470250663682442
404896 0.06113412647601516
229652 0.09855308840199122
405199 0.020995569023265808
405355 0.026293917528535955
230243 0.03203895385978984
404362 0.01555184295846668
404401 0.029855480752023714
336292 0.05744103863594622
337513 0.011959393205368733
336136 0.057242997438266725
015134 nan
229436 0.09429710330630406
336391 0.08050520503745665
405064 0.03445695012812267
405997 0.03096777840214132
122240 0.03390304998184569
335326 0.05434350459494277
014366 0.02636741801129109
336631 0.07289069507407084
336718 0.059679318385121714
013286 0.055636008150477784
336724 0.06195194294707349
404470 0.02537130820264354
404689 0.04849645735579969
404422 0.02797743500757609
123104 0.020251005376706013
121040 0.021980694830754485
014375 0.05017896573900601
404191 0.024199449291594986
122798 0.04438486687548749
015368 0.0179353424502244
405181 0.03976012719277016
230138 0.049629453780159115
335545 0.03353267137506669
228413 0.03952845000849462
227765 0.05790100701694073
121754 0.026745774874611505
335314 0.042696837911014085
403930 0.03310493324222455
014954 0.0441600469718302
228830 0.0570249446188591
229613 0.06468896697648199
335374 0.07442769161860147
336568 0.041172258330266456
121607 0.04841598442622594
122381 0.005323874138529264
122534 0.0253988434847215
121166 0.03468664533282711
122261 0.022772498533944394
403888 0.05344307508851101
403678 0.04372359291901664
405874 0.019760993360050404
120659 -0.016377860930131292
014444 0.06282269422150369
335467 0.03554541160361336
014294 0.006162879267600576
122804 0.03975100805110001
015563 0.039741435899305594
014540 0.03605512775584135
403645 0.04057387051232683
