335422 0.050818751100777805
404428 0.0441016416696119
405418 0.023610587297117094
229733 0.04388184463063246
229703 -0.05936092324459547
335887 0.09799649026935146
229235 -0.004302766154668383
227873 0.0332054417757761
337900 0.16148679410598746
229079 0.09287764074673312
015299 -0.0343395858477717
336145 0.003257792248367861
228257 0.09816668935249523
123050 0.035289919589321164
405907 0.13664313042398743
229202 0.038019274513822865
404587 0.0017428045173943864
335824 0.0032102523980752718
335323 0.038567829046560226
015461 0.026543714100810033
404041 0.05710172343622235
336190 -0.04196721539434163
335713 0.05601343257836234
014363 -0.09599364013153523
405331 0.07658075782270071
404650 -0.02461651453552136
337894 0.15450937679570156
337879 0.15963327571231492
121562 -0.0007363614319073045
405319 0.05074063321900746
014411 0.06738105246410278
337519 -0.010976015869515632
405958 0.11669224509711264
120812 -0.05253434853504798
228347 0.06939508486604536
122372 -0.03016205455760887
403864 0.16283722375816626
120917 0.137191467763252
405655 -0.021155691724314165
336841 0.017716530810387505
229721 -0.028030607936317738
229196 0.0432473704963452
337678 -0.02696184946720678
229340 0.055645252366184915
405292 0.03146808565657557
229631 0.12884736474242686
228149 0.18506928383559915
228176 0.16070667819362738
122795 0.18158439151824474
405619 0.02539968186808913
227807 0.05997840129360766
336499 0.13970297882481228
120824 -0.011496587822056923
121895 -0.08058834423628122
014648 -0.021395603857454464
123101 -0.058474500204306445
405661 -0.014199056684569477
120863 -0.01125810354474991
122912 -0.06598851761380256
405985 0.1470558800579334
337921 0.10845106479690558
405706 -0.011118911936720904
336748 0.17494343573254537
227762 0.12721311973545746
228536 -0.0032032733695803645
405934 0.13516337708565984
121037 0.006921426701832267
405994 0.1521324252233727
405877 0.11046712729448194
014489 -0.05026398698900222
404395 0.07246327309248607
336913 0.01763053985038546
227867 0.012904408679369199
121313 -0.042655760513862155
229598 0.11038980862693568
121889 -0.04590538062443095
014345 0.03806072403959422
404875 0.01110387065104343
014495 -0.07287158551179684
403906 0.15184256608650165
014060 0.06112685901678495
228566 -9.098131189901373e-05
121400 -0.05498674009932953
335266 0.030648975156953535
336862 0.03575612341833613
014492 -0.0772923409130322
403723 0.1071158241075765
122732 0.020144805050623115
229106 0.10256920312929851
123128 -0.05250272205024412
336781 0.08547115668512405
120692 -0.08467340162639063
228065 0.08167867596195832
015284 0.06137774124293663
229748 0.07026606573426636
014612 -0.006733508685059582
335992 0.04296416565296061
335446 0.0410601147658142
121814 0.0522917835800736
120839 -0.015636835486303097
336553 0.05980209877106419
335926 0.14437279345313922
228878 0.16911988552430005
015491 0.000726493153326483
122792 0.1742926499061368
405271 0.04302017816985947
230171 0.12070045354169567
405349 0.07070218769802196
228578 0.0010042311077368012
336667 0.023639365577588327
122963 0.03476223063517191
335737 0.07981200108155376
403531 0.16648769446093628
229835 0.00021677313472099916
404239 0.08234420648334512
121205 0.03894593382291235
122924 -0.016945733433122525
336715 0.12829451534511624
405376 0.08347951575419382
404287 0.07004627416352882
123020 0.013062275670540179
120689 -0.07946965533704474
122756 0.058302589300873855
228488 -0.0221731946731271
336658 0.012491122467242504
121085 0.09971722684368198
227930 0.08952533863907228
227984 0.11564458616849066
229601 0.11603190955399997
229157 0.06680632381275015
122789 0.17484215946940634
121529 -0.040248619685097346
123146 nan
336301 0.11296968906175923
404569 -0.009487584341663515
230240 -0.019559073373844296
228332 0.08248449329060328
337396 0.10958424819029379
404398 0.06909247803606601
405160 0.13159239568584968
228683 0.010237052936247054
122462 -0.05120390467114541
405811 0.02804860173255255
405766 -0.04795101748463079
336424 0.09194439531003357
120815 -0.030181776482327678
228140 0.19179977803902937
121079 0.09212202561603551
335674 0.06485002079105093
404746 0.12167526775271582
120830 -0.0147684050047146
122933 -0.0033947372950371463
336343 0.1687126110094255
229886 0.00828803362975093
405484 0.025104602320056672
121643 -0.029487085347079348
227798 0.08304351867395937
015488 -0.0013466643530224995
404788 0.12345904542503296
230189 0.09705551577752941
228218 0.11450401421096143
404305 0.0569975740680952
229712 -0.05107251345605947
337504 0.003837583740972757
229661 0.09269645854252345
337876 0.16239509115774167
014933 -0.00011097918111811227
228233 0.10680949144346204
337366 -0.034756736735838595
227819 0.03755601470926205
336100 0.025557406788847964
014483 -0.04865425575121612
336652 0.018672124036053894
403525 0.16895973067121725
229241 0.0035342137758324274
405220 0.05510440431325585
015308 0.030776659186108838
122807 0.18098646491639384
335506 0.007664995439468872
228200 0.12842223795946553
404146 -0.001431732674848559
227627 0.19141688378546326
014477 -0.0031071012118397113
014381 -0.0107287096208009
014549 0.006587793230334649
123086 -0.0661911176149115
404314 0.04946717471085755
121784 0.029452780059573688
337369 -0.024851661533256825
405871 0.11640014503289348
337711 0.16236804107719838
405799 0.015271807964120757
121727 0.014460741777936503
227900 0.05757530971370132
405151 0.10904151395110537
122543 -0.009056033677720733
335956 0.118300577204941
405850 0.11803504948304436
403540 0.15818142849146338
335710 0.05845363252457645
122417 0.11608300738331458
405685 -0.02883529925623467
229139 0.07514426627960336
229688 -0.03839390075110561
229664 0.08681969614667347
336043 0.047432561104705916
405784 -0.0029767348131677362
227894 0.0495371702861462
335860 0.04753442733354012
335881 0.0833689994411207
120980 0.009429024767697372
405076 0.06364558525068473
121460 -0.04558179690382362
228419 0.03841041281869901
015356 0.0858347451511526
336838 0.016621687466236507
404248 0.11158963922394563
014240 -0.005261450497841986
012842 0.18465918861598335
229832 0.0009082066899254178
228836 0.19047424508926586
227711 0.15862073902346174
230198 0.05112433482993046
228401 0.06788537886698146
121865 0.011703101485912467
228437 0.01926309660010995
229088 0.09691511001962105
122402 0.08042793714825161
014534 0.04887992485051652
404194 0.010325009006887174
336517 0.0778944390160697
229646 0.09703806080314123
405499 0.042955815115013
014606 -0.03726871503856007
336304 0.11291570504934854
405571 -0.0034394674597752837
336352 0.14236721354846116
228554 0.005343818145292894
228980 0.14526526226661915
335989 0.043757803164452526
405247 0.048253766214004665
013133 0.154247631366501
122636 0.13275887401603204
123125 -0.04168742003956027
336916 0.00819731559456174
405112 -0.007267962400410096
228491 -0.014429606454055588
405427 0.07202838564585702
404107 0.02226278615027463
120749 -0.026454567436187987
013448 0.021785666177302234
228428 0.033257635875705384
335398 0.05649232194470815
337360 -0.06656589908602532
228449 0.006712921268361602
403714 0.11430850891562981
405274 0.04270026219700238
403672 0.005171750871869117
336034 0.059414869562586695
403726 0.1061925924916351
228659 0.014769859183044303
228638 0.00823104848174554
335437 0.06217463330001567
404599 -0.027771658814352864
403696 0.09704867963802444
404185 0.0037008149418430794
335707 0.05805515635691446
228605 0.0010364510381197089
228374 0.0645726896512317
229448 0.034502556275206
405613 0.02490293271224167
337708 0.1587533988649883
122432 0.09423057338630354
336298 0.11183536705190392
229574 0.012780826829572245
335677 0.061808885231977466
122438 0.0556035184374899
405040 0.07209358747334417
405667 -0.010885678284491584
336097 0.02230430975056238
229727 0.010813441485440419
404647 -0.02223450232333424
337918 0.11831112964837638
336526 -0.0105002947768169
228872 0.169550411284916
403975 0.11683586699153588
121832 0.043866331404899594
121331 -0.024070797814070403
336400 0.06140573469811723
404899 0.014842164988169164
121907 -0.08374176647245038
122990 0.02545570245753679
121220 0.04925600961516415
405772 -0.030859085540243605
405841 0.11854272043971441
228245 0.09764034065958423
405385 0.0995127175780157
123017 0.01498578297079647
227750 0.14381681382656097
335911 0.11918797473481248
229040 0.1367536099208386
228854 0.1837513823555533
013640 0.16159180989341132
228008 0.12171016210052092
404629 -0.02072748816534524
121553 -0.013322182223069395
405853 0.11406199308704314
228014 0.12521372196851405
404572 0.0031954296409657003
404659 -0.028733591991241533
228983 0.11746150953710903
228857 0.18466993999560874
227714 0.15386150910367188
120806 -0.018826981316321677
014771 0.1511900639407849
336139 0.0020021141881800437
404887 0.014806322520902278
228293 0.08955587895833075
405625 0.018260897984398446
227891 0.059287598471582666
121715 -0.029213376519915027
121691 -0.03889586748191543
015317 0.002109107356509546
014714 0.006168866775961659
120602 0.05061787327534591
122909 -0.07171527987915643
014807 0.10457591188737866
120674 -0.02530994838856386
122978 0.027936722173954386
405847 0.11803579950935843
405460 0.10384173375286589
013466 0.04651668547070215
404536 -0.043990285869080194
335428 0.052997262788609265
228038 0.10782685077968586
404053 0.057158413962498406
014072 0.07929046228489871
335512 -0.004535264430567757
228842 0.1373362965678217
121049 0.021433636276795676
014516 0.0046479378746892
403867 0.15327281415777863
404644 -0.022948192698614936
337486 0.1277239447995896
121799 0.02160807902000678
120737 -0.03890491438605798
405679 -0.021178561212460353
227975 0.11950737594404096
015548 0.02966392182816524
123149 0.17143398163810608
405442 0.11252272495086921
335419 0.0462065391939849
227729 0.1446281917259176
228146 0.18497457518403826
121817 0.055065310569036574
015464 0.026517210621559557
014834 0.06264404699104985
013034 0.13759815377533122
228833 0.18746116766853937
229802 0.07376566435699321
015449 0.010023363014123106
404017 0.07224022204658472
122678 0.1839310726103386
404425 0.04446915974102852
405121 0.03544057441107305
228863 0.17684109785955984
121433 -0.05716822083374386
014021 0.191783743971342
405883 0.1023620823868897
014531 0.053843953292840294
403981 0.1079957639013481
403687 0.0039792872350831055
337555 0.020015968913737033
404077 0.030542350168899376
404284 0.07338166537675848
403849 0.12276470173172084
227753 0.14224417911756285
228989 0.08382817364295092
404458 0.040711550553487484
337501 0.021798473191004582
403639 0.01710150337968591
405979 0.13567981219627664
228017 0.12772734820390746
014420 0.05697627643691264
337288 0.027160732329837862
404140 0.0007995921233544662
229298 0.04822000404764514
121295 -0.03065819751554847
120647 -0.03556851322148122
013739 -0.016132786904182857
228029 0.12064869087152075
015530 0.04898056896181373
015335 0.012803638352579253
123092 -0.07190586373242848
227648 0.17437250695398754
405235 0.04938048914744898
405592 -0.02279333112209423
335368 0.035014959041710564
405184 0.18633290735056102
228239 0.10399706611698008
228194 0.1446619668911714
405100 -0.009741702222245295
121505 -0.02581852952909578
122690 0.18538511212605044
122969 0.030818398100364842
015521 0.06467098797124529
229178 0.06975208760850554
120707 -0.035686732615743365
122714 0.21276672133138144
121601 -0.02558567784360567
405298 0.0809465398762772
014273 0.08782273393622192
335257 0.044891905688126614
404710 -0.008939113005829308
336046 0.04626163561060284
228089 0.107518573703483
229229 -0.00631573913647479
014459 0.04027450358005638
405259 0.04923337464870203
406000 0.14431051775404263
335842 0.01879406536989381
336358 0.04419540961497053
228383 0.06406068940423637
405832 0.07182643298118833
122942 0.007313791895360668
120992 0.0034616808881897175
013190 0.04667347953433082
229595 0.0893213437344331
121868 0.020226571374422613
403927 0.15776611508149543
122735 0.026928613515667905
121358 -0.028861772231381345
335965 0.10135056489108112
122816 0.16677425128323262
121805 0.03323781164689625
229004 0.09862313582192338
121826 0.03913083388556312
121673 -0.03574334870557131
406006 0.13253983294687563
229115 0.10244892534364287
228506 -0.01393193013060887
121700 -0.0398002681113507
336319 0.11441060022656141
013634 0.11621201839530759
404179 -0.0032363665399362815
227885 0.045951605131084795
335770 0.049725778122030474
120695 -0.08218977189466883
228743 0.186521157190065
123266 0.18027180301351567
336853 0.027682723174128177
404215 0.048171305052788896
404893 0.013418842299877979
122540 -0.010491068358029121
121124 0.07984509769545543
403576 0.12843074160534612
121808 0.03828445646883885
335767 0.05258379579808749
336442 0.10347031430041483
336763 0.15369730918991759
405763 -0.05506460108576501
405187 0.1814994259983229
120842 -0.011271346561492441
405913 0.15636072876129714
015413 -0.08910122504009652
228470 -0.02975415595970701
405535 -0.02251147238983777
405562 -0.00920863838371725
405757 -0.07103662793943301
404440 0.04221379206743765
335929 0.1406205671979521
335494 0.01901911399956449
121109 0.09464340666208725
228221 0.11190355113525591
122210 0.17489945383929703
229199 0.039212777081346774
336559 0.07033210101897122
336478 0.15027760990082273
404434 0.041404794696295745
230147 0.11925819781340452
121514 -0.03319145466284777
230267 0.05161603629901147
336535 -0.026360647491498485
228851 0.18738238840042068
405289 0.020886735161871475
404134 0.0018354095157971293
229301 0.05432752456239547
121178 0.029190867973815027
404230 0.07097284988588583
120986 0.020531997477556584
335320 0.0332696022396544
229187 0.05867576288037501
123080 -0.05633548040057347
120854 -0.006013762488356762
121361 -0.03089552729292299
122456 -0.03557762282036102
230285 0.04660689073895651
336382 0.042340017143699095
228353 0.07044650972299005
335416 0.057699335509945895
404881 0.018133854185854704
336832 0.01349865720373783
227738 0.14535232136181303
228344 0.07314658366714238
405550 -0.01386681190551431
120872 0.04734139653947052
336514 0.10241542501634601
228407 0.061384434673713684
405211 0.06957721671369307
404809 0.17116062548525054
123062 -0.013108806511790482
229772 0.10514433582789784
336493 0.1413518401050063
121676 -0.033958292123890045
335440 0.066973194175837
015479 0.01015529610599469
121841 0.053702184401222895
227981 0.11395780636655209
336625 0.04344051876962692
404722 0.013286010991070981
228128 0.1823312419755241
121481 -0.0324675228535718
229892 0.00917751143809573
405787 -0.0033042386448112427
121592 -0.01608830960577997
015398 0.05060534663014597
405007 0.04972749308635518
230222 -0.03421364996303507
120752 -0.02507335550991106
230141 0.0934696727494089
229634 0.12449469337634499
336943 -0.026728017910779667
229667 0.08956504680943839
337042 0.13322438890971836
335452 0.04674511916593246
228416 0.03757398032847747
404749 0.15613072315340437
228563 0.004454832821144022
404665 -0.032705682393569614
403996 0.08634216584047394
228077 0.09086844138522177
335518 -0.012955323058315149
336289 0.11897167818886893
122762 0.08192063333341114
336982 -0.021036503806946768
122411 0.10707708664408104
405397 0.102676518031357
121154 0.05690885255140031
012968 -0.03824764887491862
229016 0.12167961992826705
229052 0.1311821210146385
120725 -0.043914997238568045
015419 -0.13556140566629077
228692 0.01826915165038684
012944 -0.05119099097997964
405130 -0.00022770955193017212
228860 0.17807510728271836
229979 -0.02516902319275507
336334 0.14977481902251594
337315 0.1581767374260962
120845 -0.013016679258878821
014507 -0.028873404298165
404359 0.0733398145153409
229628 0.13109205083929615
337462 0.1258045038884564
120665 -0.03643607901890385
405700 -0.007717699891044978
336973 -0.04445429735325974
014570 -0.0971309863043335
336103 0.026036378304098367
405541 -0.010140315040402116
336610 0.08201862114332455
228044 0.09475581763823286
228848 0.18972497939550337
121217 0.03982420708964689
228296 0.08664069431168692
404605 -0.02410239309601201
405736 -0.0347562852757592
229823 0.013546809290847527
405721 -0.01939268956640098
404698 -0.018627557022119656
121862 0.013558041589431477
121742 0.03293954265632691
405925 0.1476798512968765
403561 0.16585389733880973
403843 0.11938753087584673
228773 0.16054431699062802
336889 0.043090699822329194
228797 0.17702552087863427
404524 -0.04732984660627765
336865 0.03972340163660593
335290 0.05035443212376008
122888 -0.06803218802627252
335719 0.052015388226442104
335491 0.01708422547805239
014984 0.04285037484923281
405556 -0.015426813484204455
229589 0.07034105521521099
336106 0.02493798527700949
336565 0.07281630685364632
014414 0.07427113263777597
405964 0.12122136599947092
406021 0.13125124512984812
013118 0.15409423017486384
121157 0.05198920301058073
121130 0.07366468171612232
123023 0.02222242902869692
335485 0.0196901001574628
404731 0.015783075378819192
336616 0.06246788985874111
122885 -0.06663501818250137
405595 -0.013439190893490703
228398 0.06866860864313203
123002 0.032079243624769216
228806 0.17885966120965802
404197 0.009033691065436654
121616 -0.02187023392642837
227756 0.1469482187383651
336178 -0.004546267303587905
405511 0.010104634353374558
014765 0.17341986156645275
228782 0.1631062868448604
121118 0.10888076702190065
337969 0.05361820326385464
121679 -0.037041349446820325
229130 0.07601458555448298
336175 0.02747575045253487
403648 0.011777070771422031
335533 -0.0190396812962897
227732 0.15069547114608936
336112 0.022070937142081033
014813 0.11148921900956087
015503 -0.013787161653991237
228827 0.1871309634990655
121490 -0.022697310185828278
336607 0.09395633809266063
122705 0.19212037212906968
227924 0.06922459526063222
014351 0.015116655086450652
404377 0.07662379209124545
335623 0.11549093698792842
405325 0.07821021669798785
014249 -0.038883679417906276
337471 0.1296850558145237
122999 0.03961306497785781
229799 0.10354130241456584
335653 0.07237308816511112
335365 0.03714550814602275
121499 -0.02531993959946607
335908 0.12812189758776982
404446 0.04346587496826261
013523 0.0016632467364343473
228452 0.022782445330722365
336418 0.0810870831641153
336886 0.049418190324703064
120701 -0.06462945815976735
405976 0.13271666190984918
015332 0.014387097331433516
229262 0.01921253573071133
227942 0.16424257896989686
335605 0.10343270297303343
336247 0.1445569033345217
337492 0.12438207898529104
015512 0.07504764921796352
229724 -3.850868569555002e-06
123038 0.02604286995999542
120944 0.034038973073576256
230204 0.021531498070866743
014297 0.05395630466918444
122453 -0.009819313349167039
335749 0.06880623292623891
121781 0.017607581668282454
120953 0.024575879473255267
122972 0.030750039799881536
228107 0.13281017315837382
121316 -0.03707406362885027
121223 0.04696097160135879
404092 0.026213063841123267
336835 0.012421955956877196
014084 0.11643172026024579
403636 0.003641149326936114
337345 -0.07219996893986053
405229 0.04987730328250301
227957 0.15560064697041362
404578 -0.00497545479747003
336655 0.013885795508849866
015476 0.014726521018831517
228749 0.1831067557122067
122984 0.021128455144405846
014582 0.0015776147071985044
121682 -0.03825333965567006
403669 0.009911832080874807
015395 -0.02809944010916211
335746 0.07317474137417955
229856 0.027178195138852123
337348 -0.058397336091833875
229997 -0.03237419853106519
337807 0.17258756274268744
405946 0.1376894533236547
015311 0.033196880002274366
014006 0.185408621004416
336463 0.15168808864748246
404500 0.01134840410699434
335998 0.09042430408377879
405955 0.11539278524788514
336634 0.035415801742213565
337705 0.15904155273706613
403954 0.14734027321765678
405034 0.07307112528813861
335317 0.027097918782516276
123095 -0.06776534524710554
121655 -0.032704795994501996
121931 -0.018274809966902106
405004 0.042630590740432094
227660 0.1559715986301626
013958 0.16864662646166056
404311 0.05106922277789343
335782 0.035081664599485474
405703 -0.010522901720252137
404806 0.1695896181282638
123071 0.0038597565235937202
122300 0.01764886879537149
120671 -0.026601322279089967
336766 0.13858945458496946
404596 -0.015440554910407956
122444 0.03892577236180286
403609 0.005675038883591062
228362 0.06699069151990203
013838 0.1733199578744394
336931 -0.026998968780706515
123026 0.021856189075317976
121502 -0.021354600321277506
120836 -0.013428619509231056
336331 0.14155474499141185
121625 -0.02351174715708546
230249 -0.009950720025041031
405748 -0.06694115500967233
336076 0.02717467334365027
335803 0.019637179244478158
120629 -0.028147685420405757
120968 0.007812199477593235
122783 0.16552521418011376
121061 0.04460198922162825
122927 -0.023428313539044666
123032 0.030478248871708788
120656 -0.030976524752796115
336934 -0.030694368965013114
122966 0.030335283007045327
403594 0.10259769835855086
335560 0.05712650394523795
337336 0.1598583459854126
403549 0.1568175672371737
015440 -0.042360233957805325
013148 0.1557416645377471
229049 0.13817098095699595
403993 0.0953380505905136
404302 0.05665035680622184
014795 -0.02355036912141023
337864 0.1561819226134057
335866 0.05193975963892949
336970 -0.057681252926955986
123296 -0.056923405199221566
405481 0.03393303545502482
121796 0.02195511021456875
121685 -0.03688193023226806
336001 0.09048839261300183
014630 0.024696664349762823
336793 0.05236215327025721
122906 -0.07058449121382994
122204 0.16910516182290475
335635 0.09352319780102003
014369 -0.08038237075957042
336925 -0.011921356074586041
404278 0.08328744219365514
337927 0.10115925312348048
403741 0.13238534555399328
335278 0.03656056812237086
405175 0.17199312395380312
122246 0.17008928013486738
405601 0.006372885384219777
120893 0.11345318414327439
403957 0.1372195379707399
123098 -0.06227016515201992
229421 0.07875907664820907
121073 0.0809723028764981
121706 -0.04105935370060081
121142 0.0745553132867811
122408 0.09497764787983162
405085 0.055020933340153455
123299 0.06457432256659018
227888 0.05528351459256116
405361 0.04262241593420045
337450 0.10014338529350715
014498 -0.07163749219194361
228203 0.12402673979327283
229649 0.09917329854714568
015341 0.049953394289956675
337465 0.1250193207635438
121925 -0.05403280586161942
121064 0.05900194098647527
336880 0.05500017370255239
404056 0.057258734613530086
404170 -0.009344761119808082
404203 0.037122012147078824
404521 -0.040894194763355166
122828 0.08125203345860746
013517 -0.002831340353648385
336271 0.15305882786947583
015485 -0.00019111775216602175
014360 -0.07489285721042291
228152 0.18851434904503525
403522 0.16988309911851374
121214 0.01422647654682913
013364 0.13108371164821053
335449 0.039712405449214214
120770 0.01784757166268986
013154 0.15674736797603925
337633 0.002411848632428285
013151 0.15311745207375088
014003 0.18114228475661504
336622 0.04801783269222078
121820 0.04572612107675917
405424 0.057315502598488534
337867 0.15740831667210634
336976 -0.04236367735399801
405367 0.07496431587039998
404038 0.059698316253418614
404188 0.004701532098546753
335647 0.07086511963324106
337804 0.17249015453451072
336013 0.0746560008707999
229592 0.08006443931120683
015410 -0.06959481014355991
404815 0.18720120682836394
335839 0.01375335001406568
229625 0.12537225727951407
122318 -0.008431646624222177
229583 0.04004313058433824
403753 0.14680428711150145
404560 -0.018928554268122785
335464 0.028848876947188656
404089 0.027392760580628017
228275 0.09250848386139862
122882 -0.06853379209517411
013415 0.06986686301205665
405838 0.10025261734970974
405328 0.07922311041769156
404878 0.0182534241587759
014513 -0.010327070643705642
122447 0.014956509485306425
335311 0.017869429233410276
404431 0.04054722247128381
121112 0.09812095388456343
230165 0.12835557983354595
336157 0.008966002846973638
404695 -0.02893659283541938
121790 0.025217202587321127
228311 0.09354833785962267
403558 0.1690673091964837
403891 0.1571229727461214
336646 0.024717410060073303
404266 0.10951134092787834
336649 0.01439657997784209
337591 0.06671523427311253
335578 0.09975529534642494
228458 0.0453047940435172
404392 0.07366807458580917
335554 0.03158109077391959
405673 -0.014000389938118628
122687 0.1852999374966405
404275 0.08876426963173084
228689 0.010924930461680266
336193 -0.02848147801017259
405136 0.08528292375438225
335740 0.07856350892750673
335731 0.06319300804133106
405517 -0.0056126648380278085
228080 0.09312814622779554
337822 0.17542382901307768
404020 0.08939039176927897
228869 0.17000653100392174
229010 0.10706918782769355
336799 0.054049158369971935
121343 -0.02390059305786679
120998 0.0007639792805884093
121649 -0.02930771884288062
121004 -0.00806045732304605
122813 0.17419384103361538
335830 -0.004775690563862195
121115 0.11013266203463244
015143 nan
229184 0.06211824592714179
404113 0.018760680842145237
121760 0.018717655974827455
405967 0.12063912736259205
122822 0.13072184421593167
120635 -0.03387139275757193
230207 0.0025737191734683594
013247 0.13596818536230068
335356 0.014252530321977616
121478 -0.04042046331223988
336115 0.023456963965247046
121730 0.008235959239016854
337483 0.1246563476229471
013388 0.12248892188702941
123029 0.0294054155255794
227960 0.1570827598584051
122435 0.06101116829130605
230288 0.05633929110332217
121535 -0.040143554086152465
230156 0.1322822173998526
013454 0.03232066954555375
336037 0.05304161967854606
405208 0.074657567296678
403873 0.1439315544801173
404680 -0.027551960295703906
122366 -0.03467822477439821
122420 0.10666196738429533
230282 0.04540294463977035
121088 0.10015093250193098
015542 0.046928324454869975
404296 0.06280896964005077
336871 0.04893166507040289
227909 0.05077320487766563
405775 -0.019075313016035957
123272 0.04079162327438697
229763 0.09324020348289459
228284 0.09062451556266203
228305 0.08588658595867452
122483 -0.03729288442436634
228935 0.1443231705336543
337324 0.15924561521865652
336007 0.07934544909114655
122375 0.0002601551798679853
015407 0.03960293190819876
015551 0.002930067029203849
121337 -0.0017925086934611084
121871 0.01890122648742464
015278 0.07494283280830473
337447 0.09899860094119976
229637 0.11974103872152704
335764 0.05311413382111212
228569 0.0028936965455625316
405886 0.09769273999117054
229805 0.05898375009215119
336130 0.011260449306725876
405823 0.0563890210891958
230078 -0.03282921747727827
335845 0.01868782376376464
404212 0.04424136386676669
121916 -0.044538375575250144
014054 0.06657082334636852
228053 0.08084546471777417
405379 0.08973360329473376
405652 -0.016156242892307653
121172 0.026419583095971456
403717 0.11321385801545333
336730 0.13869975447317753
229037 0.1370511295486583
336961 -0.07002836270701318
336826 -0.002860963353352272
403660 0.015111626077370393
227882 0.05646830747753794
012887 -0.07489691070778659
405028 0.07724567464213691
013610 0.07890531522076145
228440 0.02024050895764423
228086 0.10308438309855615
229028 0.13440406927637955
228932 0.14174256269535965
120860 -0.009688506104017083
403588 0.10492256385586678
404293 0.06454094521248518
335686 0.06013659259680638
228188 0.1552356072602861
336121 0.019707152090641184
121928 -0.038813751762506184
229043 0.144898006152281
121745 0.019733300502021222
228185 0.15882710846629802
404497 0.021994535507941157
228113 0.14506520704801482
404479 0.042141725609003595
404407 0.0515469210433675
121763 0.01640962091673229
121211 0.021208212336455715
122696 0.18899183256495777
014234 0.05413692134349482
228302 0.08334478119336398
404365 0.07376351331237199
227849 0.005878245535166375
405523 -0.009018790207382018
121322 -0.0347385572535651
335995 0.05988101580885526
337840 0.15458586859324622
404959 0.03819919735311516
121664 -0.03213197030514901
015380 0.026320391073428765
403924 0.15255751423022715
405670 -0.007299401768705014
229709 -0.039947675319065165
122243 0.16581861120740518
121547 -0.017821903829623807
337888 0.15416609989220145
230237 -0.01987234747542437
015392 0.006067201934433846
336094 0.017696063189659054
405544 -0.011282955129214322
403621 0.0017146997942015262
228533 -0.0024087116954695734
228719 0.22208984304357463
404317 0.046530896236829926
013121 0.1558314522544106
405778 -0.020738246273978255
336064 0.017300062900858223
404755 0.15472099292029703
014939 -0.039322785441837614
336325 0.12775064679547588
405793 0.005739552746185136
336922 -0.0014492934294230624
120929 0.11676956188111079
229127 0.07584940072303653
335281 0.03926216388376416
121232 0.03206840231169919
120962 0.010128695147813479
229691 -0.04006682300819234
337861 0.1426382308031516
229904 0.009907704738699395
227654 0.16590898448671412
403999 0.07803355724610794
013085 0.138975806967922
403642 0.009432244305694112
120743 -0.034423212683390055
228392 0.07149211797234527
404161 -0.009257949058710416
336487 0.14519917037290428
123293 0.1418733547006733
336484 0.1452861979705136
335425 0.05058722895117205
403585 0.11544772067810329
405067 0.06025561296119891
404782 0.11955977658803443
228035 0.11195498252674971
404653 -0.024752476293508404
336142 0.0037211939853190722
121076 0.09484701850094923
403513 0.18189296300626967
405751 -0.07012804238121015
122951 0.016514945763068695
404632 -0.0216079317271892
227987 0.10927484791857907
336940 -0.02405122962462861
014015 0.1912872529059988
121484 -0.028951996899837594
228395 0.07153602485356865
228389 0.06898741344561914
230129 0.0336549300069827
228497 -0.0033523935811358213
335503 0.011993675805757564
336385 0.047272425152781565
403666 0.011344576341116887
336346 0.16743402014299733
335275 0.02733797503645886
122297 0.03210807783037039
404242 0.10136590500532401
122996 0.03366517727449372
404491 0.041006362735668954
014501 -0.060649441663550324
229046 0.14278209383575835
229643 0.10182959182467653
228680 0.013547914177149399
404044 0.057704815059269186
227831 0.03596566087875472
404719 0.008165928027269911
014030 0.1500066013968721
335473 0.016283717812802107
405286 0.01774372702541442
121448 -0.05503209842479707
014252 -0.011933303924554783
403966 0.12620141003576535
335905 0.13135577441682145
014468 0.04327893990495406
404176 -0.010847093340483338
227588 0.17963183279841216
013331 0.04662594451302116
121034 0.00292382848669899
014600 -0.06855447447952577
014537 0.05331867870746788
336808 0.024929625918019574
336895 0.042193071727597724
014915 0.051967803258744505
336571 0.09524108891689925
015329 0.014902066272177005
404791 0.1345233470674545
121235 0.03204326813169254
405340 0.07591377229943237
336868 0.04544016024133827
014591 -0.05654996928392131
335896 0.11670204788354425
335539 -0.023567998184348054
121052 0.02591238249783389
120662 -0.03426994203211186
229742 0.054698528247979925
405166 0.14484204930564845
229103 0.09890661843503817
121556 -0.0105158765401159
227972 0.12250251962568945
404464 0.04047414268679506
336562 0.07020099338905933
405559 -0.012001591617939903
404776 0.11609146391928649
335836 0.00535707691016541
405586 -0.013472810361937627
335269 0.02204311390353938
404674 -0.027344666131404974
228173 0.1673881739156629
014519 0.015273149006095298
337882 0.16046174117575066
120653 -0.03188093254891003
336805 0.036054706221011486
122639 0.07911854064723187
013898 0.16417459457639666
405316 0.03230673328224877
336133 0.013806929029351706
015446 0.006226958618977378
336544 0.03370516238887914
013196 -0.02162328220549084
336316 0.11491920232869865
337855 0.1437332067325364
120896 0.11656408507012078
122288 0.04247931263633851
120620 -0.019819949578778515
227864 0.018693732020251437
335974 0.07766510688543117
405691 -0.014964668872109349
120677 -0.026166108671805903
337966 0.04168962534928138
335572 0.07771768675776142
337528 -0.008026915994009193
337000 0.0037801237333388556
404218 0.04531493248280017
404080 0.029180833881068506
121250 0.039046592243622336
404413 0.04853671233159279
406018 0.13271072718337135
228542 -0.0018372710613783277
335389 0.03777067711831659
228881 0.16663752449883357
404713 -9.664080488091368e-05
015566 -0.0012862620054184559
120905 0.119191623170531
015416 -0.11271602206376753
121901 -0.08530412848387012
404245 0.11458870022758978
405196 0.13434749600981502
405505 0.03530238070885864
403978 0.11570317600429114
335821 0.003875420427748724
404626 -0.021367544340386815
336550 0.07454346375557015
012863 0.0409288849034752
014618 -0.010881422868698884
336187 -0.03368133864881194
121025 -0.01200429333466876
014270 0.07911768843385282
122711 0.20022808140498827
121169 0.030591027245259493
228068 0.08568732794599589
230039 -0.03726799110846219
405658 -0.012059197331040602
405439 0.10465766142735584
228725 0.20930467123513694
228455 0.0368584029766021
405394 0.0939332940877774
229868 0.01295466340234565
405808 0.02289620658028742
229781 0.12375094470410836
227783 0.10931149467589363
335848 0.032680208846336316
014486 -0.05241724665522601
403570 0.15726350864058997
014237 0.02863028964826039
403945 0.16549728173311198
015371 0.04568803659991798
337903 0.14071134937853758
227852 0.004427864761071939
229787 0.12579611112781525
228818 0.18775391143465797
405205 0.07927428349477977
405856 0.11656085938602742
121307 -0.03962167112094645
405037 0.07299301364644704
336349 0.15710056557373658
405094 0.02382252904883444
403750 0.14214527762793247
336163 0.049316291528292144
404323 0.04241101889847294
405451 0.11898445632001602
122423 0.086625553358747
123122 -0.03692680692738546
013661 -0.0274477785178011
121067 0.06268713566691539
123089 -0.06369594044206514
405061 0.06921591120448212
014456 0.03848683209475076
405115 0.01938935354319194
228992 0.08398321854699518
404065 0.04612503687690014
228224 0.11172211957510578
013160 0.15354892848029966
228809 0.18371439491510902
335431 0.056576839759297316
335716 0.05110172080539
014009 0.18744926845218507
336745 0.16437259500326576
336784 0.07813352445876447
229013 0.11875813732271326
014858 0.07645883762016499
405103 -0.02096912794412221
335272 0.018780347425682416
229154 0.06803859020479407
012950 -0.0551988233334173
336283 0.1298881456334755
335689 0.06301316623286013
405709 -0.010087396130622352
336451 0.12792759401836096
014261 0.07448648720649988
121286 -0.019846244350312247
337312 0.15677054324743642
336166 0.011889354617755844
405430 0.08248090974993395
121472 -0.04250722857379409
230120 -0.00966344582788997
229700 -0.04954383828003161
228263 0.09783847283371891
403855 0.1400832444036523
405448 0.11464796554212545
015077 0.10224456390927708
337453 0.10679902393768172
228752 0.1831155590748778
229244 0.0031252172481830752
229484 0.03283322109747185
014999 0.04446263071542328
229406 0.0849791569264057
014690 0.011104489380126795
335758 0.060602127856418705
121538 -0.03247603108335548
228074 0.08156365683977916
403573 0.14349989289570725
228740 0.19060223039967458
404002 0.0767490599378679
336829 0.0003848463279439662
121544 -0.023477724620274133
403732 0.12040474175145387
405628 0.015281991818917514
335791 0.031781880414458015
228005 0.12277762495633729
230279 0.03652772639928286
336985 0.03607617690621689
230174 0.11551486667633555
405580 0.0047619350857981135
228572 0.0025902067883193185
228368 0.06416337234763421
015500 -0.010076750232634622
229217 -0.011651576216657062
123056 0.0013038086403434734
120719 -0.03418582060362554
404371 0.07253079046092592
405781 -0.01234925454147876
122945 0.008189327778324249
404884 0.01509903390571554
405091 0.03509780625853072
015296 -0.006069045010395297
404707 -0.003630094823929354
336643 0.031134980825233378
228287 0.09450209221673944
014036 0.10512871641107349
403564 0.169307419342242
123107 -0.0397980915612208
405217 0.06653566563238975
227861 0.011384742686586806
228794 0.1819053725152008
015536 0.05452855032798054
122273 0.06509673944594939
405313 0.005301887719301143
405895 0.11243948218219899
228665 0.013697245662622145
336496 0.14496094505704818
335377 0.03280606841776348
404254 0.11620632833597845
121652 -0.030691333901945245
405769 -0.03522383153619039
120827 -0.02239150461813247
228425 0.032699808877934
335620 0.11612900539680762
121043 0.01666337699298185
404662 -0.02899741970227243
228341 0.07366517220389505
335524 -0.020851287721745593
404281 0.07661027475085866
405682 -0.03141732109277914
228824 0.18881739518934545
230201 0.037954839602157946
121913 -0.052293001186280025
015377 0.019147329031092314
123230 0.08011326714167519
337975 0.04891301690269539
405802 0.016131630693887875
228581 0.0005845300490832983
336574 0.09360290051730964
337321 0.16173767778608536
405961 0.11382294209435659
121583 -0.007150496170462296
014018 0.19286855818733337
336439 0.11033257900665959
121304 -0.039366596074768036
336859 0.029642939379976044
228545 -0.0016379572454310956
404326 0.04553225382620876
013040 0.09994991461166512
405529 -0.018189659507102923
403651 0.010210426872433832
122993 0.036540689087927083
122276 0.06047653001561546
230126 0.044043274485262005
121301 -0.03943134921393207
336184 -0.037803526776136145
404167 -0.01289167896973729
335815 0.007028321199856825
335722 0.05284322010330854
336733 0.15340677609219866
336370 0.05502149306314221
013679 0.07534850906004656
336421 0.09155514464807259
229133 0.07592413875702365
121565 0.006359035840883632
335587 0.10945321693567162
229811 0.040909332996251144
403600 0.10061455391108455
405733 -0.030216807779443064
404110 0.02153480467419957
404350 0.07415053798292837
404011 0.07305673116791558
335854 0.042287291305195505
335557 0.04591805492545504
122936 -0.007154954870707868
335548 0.011709723809366239
015323 0.0022321725397050577
405988 0.14870838723144214
403744 0.1273460544833844
120683 -0.029714972350866172
403879 0.15637964315810587
405724 -0.025192321162131492
337729 0.1656634753808043
121193 0.03870724433650895
121622 -0.021494433858227028
123041 0.02698976368799212
229619 0.1325876479811572
404341 0.05223623233223564
337663 -0.034213026157111553
228137 0.18676266048036197
014879 0.0703429412589502
405760 -0.06767080836897643
335884 0.0907194966345835
227813 0.006484628327590959
121640 -0.027130899650980284
227780 0.09848625663692955
121766 0.028397395595488314
336373 0.051899612808123906
336964 -0.06915425287075465
336004 0.08505511272636662
121070 0.06989200341493675
121430 -0.06662866052429976
121466 -0.043407237851551025
014372 -0.05891054401467572
120617 -0.01422571160857408
404206 0.0413891708782888
337339 0.05446753570372104
121748 0.0189941968765106
014471 0.023464281579129803
228179 0.16436664317379135
335329 0.041390077053376544
121022 -0.009124309358452504
405835 0.08182700944461481
228515 0.01455365946451235
405715 -0.007015241808070367
121838 0.05006421121569172
227951 0.16307733200928992
120668 -0.024508413712631252
121139 0.08745173807756747
013205 0.1592282778493657
336709 0.0925995013857345
015374 0.008182648566774536
121007 -0.007103957961548417
121247 0.020288309455329258
013955 0.16451880099281432
015473 0.015716826909963223
405493 0.02655649848109995
230012 -0.0333151744489507
122960 0.02796893446940006
122294 0.04065222910063934
404062 0.05517299319356274
336031 0.06505447569815496
404269 0.10315285346344759
403969 0.1205488776338918
337621 0.016899624892313295
336556 0.06445312028960254
123317 0.05541175444380225
405073 0.06864059499232293
014633 0.012456880996421891
228446 0.0012506932327373068
228611 0.004449894916604638
336415 0.08353652518109289
015515 0.06699499415946955
121454 -0.05096238840783167
403786 0.12531044033688174
014987 0.04108487672341215
229793 0.12069130234253445
230075 -0.031324919398381945
336757 0.1792332073106054
121688 -0.03656502897941795
404443 0.043824268434430734
404683 -0.03132484537848313
014450 0.03711284818016231
335698 0.057857332481308345
405391 0.10046809832777036
121619 -0.024543414139807374
227747 0.14245812445942904
227744 0.14111516634763374
123035 0.020470218389332825
122480 -0.03957635046825983
228920 0.14719554512763067
122252 0.1624639165071221
229214 -0.0011111476028270789
122867 -0.02630149555584741
335392 0.05123939697676791
122285 0.05019665516086721
405169 0.1380704936884557
227921 0.06298104140563687
335752 0.0660290601083613
404872 0.013306468821237727
337444 0.10559869527436869
013844 0.17477826845078243
015383 0.004302421339293655
404593 -0.01854587401808109
403729 0.10645591574839006
230162 0.13394822914946677
120680 -0.03185984627952162
405268 0.05503597223090802
337507 -0.00977046439540095
229757 0.0807623646074888
336169 -0.004830447894411489
120989 0.005542967474190624
228728 0.20483698225249047
123008 0.021025347901468927
120899 0.11698930513946917
014462 0.0493046571518198
227945 0.1669114176091141
228191 0.150060040371576
335701 0.05733957163461626
013328 0.0012827915985895862
014528 0.05281569446576993
013520 0.007080395906212921
228485 -0.04156459238924913
404737 0.005176695209741879
229778 0.11934149532850345
122987 0.022140666124088725
012938 -0.04569168987437192
120995 -0.0009727130229741725
120716 -0.02976149001097947
121202 0.039172177628069065
122264 0.08738605950547602
403918 0.14840773823950332
404032 0.06473542610641839
014738 0.012791821565577592
121094 0.10131322942877798
229760 0.0850305857040264
336172 0.02198892191017368
121340 -0.0010718406613331381
228995 0.0822773754666792
404221 0.053390176836649574
014096 0.08095086648371015
337516 -0.007779861777654294
335833 0.00786930799009821
122891 -0.0651383859530192
121241 0.004507482918782827
120809 -0.0573938872931643
229439 0.035790249094288185
337264 0.057591891813693265
405634 0.016954189886584353
228821 0.18674412525463427
014567 -0.07984866518114389
336127 0.008039113171675076
228248 0.09863066345977457
228050 0.09037056894336042
405817 0.05369963247215308
014543 0.037110640151025893
404014 0.0705855771838583
229844 0.01611305113140139
122486 -0.030480088076254432
121298 -0.03156698139136648
405178 0.17765676745649464
405415 0.026953033443590017
122258 0.1260839328262657
015365 0.07928184487844075
229109 0.10469940474139564
405919 0.16386682226956498
336523 0.04176522120458417
405490 0.02736154578690493
229898 0.0061404116123526704
337954 0.005141637145132609
229337 0.052651839540629665
404143 -0.001828841777819379
229841 0.013381076881499771
404251 0.11354380759744878
336472 0.15362403811989248
015281 0.07877624878935238
120911 0.12644402839884522
228884 0.17094613952753915
015545 0.04633642453700304
229616 0.1258630258871907
336520 0.0493506120986679
404623 -0.022819418823367615
404116 0.018100801015286553
123068 0.01149951322982301
336217 -0.017927338468577254
406012 0.1333104848089096
337936 0.03420915746024757
405829 0.06939213129119727
336181 -0.02461611592008338
121244 0.002777077514215907
228251 0.1005367172584892
403921 0.15074373242175676
120731 -0.04471235261218605
229697 -0.05649599033869912
336907 0.018863129571261083
403915 0.14353537163069194
120638 -0.024106891037258008
403771 0.13460531589062907
121658 -0.034211382834739935
228164 0.18234385927502825
121421 -0.06191187229193034
122354 -0.08627642493717853
121355 -0.03209379738071791
121724 0.016584226532329167
337351 -0.042059178868129744
403963 0.13048003406323133
404641 -0.021845420242754484
335626 0.1106931224120096
405295 0.06108906232308817
229814 0.031444480093747645
120851 -0.011878697553537954
336058 0.02465744943372787
013124 0.1536767508491637
121097 0.10094539768873605
337891 0.1535726773457682
229745 0.06335902676156355
120710 -0.0325420725671569
404356 0.07653310108792737
015443 -0.017031852980116034
405463 0.09418130743180284
229562 0.005569758540272631
121016 -0.008047151784356091
229025 0.12637571929640012
121634 -0.028964450364075012
015029 -0.047364387642506105
405277 0.0399179448640404
335608 0.10570503503326645
404182 0.00023846665067021362
404758 0.14370116846145145
120626 -0.027666511428349933
229259 0.005683964158467343
335611 0.10856237139556496
123074 -0.025625829849046742
336307 0.11126126767456375
014867 0.08576761856280939
335869 0.060368541324618906
229847 0.01928017353041095
014417 0.06017377792579998
120734 -0.04418251432720227
120941 0.03941140341873906
121670 -0.035450411037627895
121898 -0.08825638822964595
405631 0.016978955566924952
405508 0.021385151328899142
405019 0.07697817028743652
121694 -0.038363700467796205
228926 0.14483839746505495
228269 0.09486731465812531
404233 0.07735666383739247
228746 0.18267633187338847
229148 0.06872981513702844
404575 0.006866595220825147
121541 -0.030899532388472154
227789 0.08349503131722065
228041 0.103807285576406
121661 -0.03134717832003682
229121 0.0912079218180154
228209 0.11825087182325286
229082 0.09487339143445238
404083 0.027456155851923292
228212 0.11535365396147333
336256 0.16220319390226853
229739 0.059383239888486025
336703 0.08327218858653276
335542 -0.015319899277959768
123053 0.022292249492867282
229442 0.036407728796138385
015305 -0.0020538374024971842
121628 -0.024897598831173342
404119 0.014164814310926822
405898 0.11477990243036378
014465 0.0398823196760375
405142 0.1008286188124214
404131 0.006776541853676335
230276 0.03445445029078452
120746 -0.028642605056920657
405202 0.08691134696831446
336280 0.13067964096950072
014708 0.0031011084629515725
120713 -0.0315062970686119
015425 -0.09823161390633268
121475 -0.04651452534977554
122879 -0.05118900462590828
335341 0.017448949773871025
121910 -0.08326710225757122
122279 0.061266122369434045
337930 0.08072554403836861
403948 0.1555355603665181
014264 0.06963721251795216
230066 -0.02991389900773436
121850 0.036763246867503103
403705 0.12965159730627826
228155 0.18981289394556908
121922 -0.03652728003379109
229226 -0.03395308450246177
335695 0.061422495612540505
404320 0.04262243367849835
015344 0.07015776487430828
405547 -0.011446520966567456
405157 0.12097465005321027
335659 0.07335008219771619
404617 -0.0215080048019988
228182 0.16079402364735632
121709 -0.03753029164813814
335527 -0.03148776138334704
014675 0.020616349453727402
337525 -0.009847661940931045
404485 0.045019220924915226
405133 0.09127587539197468
405553 -0.014262411909929829
230213 -0.022875238569862538
121637 -0.030562500056664048
123227 -0.0060905591244735414
228095 0.11990049543068403
335938 0.13895193517867505
014255 0.02272840356023463
121571 -0.0022048180587447013
121463 -0.044393131525516036
120740 -0.03768049188877055
405256 0.04976856334130268
229829 0.00883146895353351
336148 -0.007232106026880908
405433 0.09089738404528694
227582 0.17495070972612928
230255 -0.02031131993580622
228143 0.1888185862012973
405232 0.053953803437479776
015275 0.07549830169191343
014576 -0.10014275492534155
403624 -0.004190696729327621
122831 0.057051444139104575
014597 -0.08544796307881675
336067 0.027139231085154383
228320 0.08537766376787718
337456 0.1029379681686833
228668 0.019303018001862515
122369 -0.022984775242402486
121610 -0.02524940312775985
404410 0.0513372547014553
405502 0.04455384571734819
405070 0.06920861081471517
404989 0.04501446257801609
335386 0.046745348352805034
336661 0.021034304622837365
336529 -0.009910552045432322
336754 0.17590862838171356
404023 0.09344218221275717
337885 0.15545280496910135
337924 0.1016186437438866
403882 0.1519611357056852
122834 0.0354364707419783
337387 0.05311627824646128
403933 0.16198883533140138
227558 0.14788242593223666
013238 0.14084598087129138
405991 0.1454220976148333
335656 0.0740655406560532
405928 0.14705422305860696
229706 -0.06294184608210433
228230 0.10751161707335964
335872 0.07457408458107093
228662 0.017993363152053857
015539 0.0465264192964665
227804 0.07162712551646588
336466 0.1480749693191147
337309 0.1536450086447297
336769 0.12321474231938631
228431 0.0271904626061903
015401 0.02060246490526223
121751 0.0228596262538613
405109 -0.025411660802861395
404389 0.08069872912373728
228404 0.06514747828610482
229271 0.027891635819687653
404068 0.04229833377899773
121856 0.02899564485898924
229775 0.1165501369342931
335404 0.06164319481807404
404863 0.03513479968911529
336412 0.07942456942009696
228509 -0.0011476591308280902
014525 0.04200235115497407
405889 0.09896522695346484
230264 0.02060419416371547
335806 0.009616363519490311
121733 0.0189174221480076
014138 0.06717567991084562
015326 -0.004489605621320894
336850 0.024335223202959395
336937 -0.025383495360640693
336712 0.1113848830059784
335878 0.0783130704177092
228359 0.06811444556600454
405982 0.13738931954081537
404101 0.02516083984121284
335476 0.008063986714834288
120950 0.02853154130076072
015110 0.007480788970578456
122495 -0.057229154197438875
122450 -0.007308712803784219
121877 0.004453975555989417
227855 0.0064913882622643125
336085 0.02066021046860019
336613 0.06742608511990708
228677 0.00998661974661974
405904 0.1419216432921144
404260 0.11119136015836946
336928 -0.020058941890265882
120857 -0.009703666397503443
121133 0.0926623068374157
120644 -0.03368840884150387
014378 -0.022781388173816062
405043 0.0702903578116459
405805 0.02150123115789213
404551 -0.03547400173683378
122669 0.17829825720605746
404338 0.0515421663252202
335890 0.10140085029337426
336430 0.09869473423416793
121526 -0.03919081357041509
335353 0.007104258378682578
014522 0.03005390157406661
405688 -0.01958126716479508
229307 0.06102177345293179
336979 -0.009666113008267028
403720 0.10716953311485167
229877 0.009146040746663317
121319 -0.035910598129368775
015527 0.05331963048039142
013142 0.15962370605065077
404419 0.04584938354193125
229736 0.046618128945890215
228215 0.1134749915721693
335293 0.04082745605345359
404173 -0.012774343662114749
123005 0.028348338857028112
014810 0.09432694647047254
120641 -0.03302269723423713
336310 0.11511944967602927
403675 0.010843516504686197
121550 -0.017819799499717157
121844 0.044350830243610785
336787 0.07125254962874004
337480 0.13253612319445754
229091 0.10115750942141861
335818 0.006255938223858514
335332 0.03608861789680784
229838 0.0031716097812577748
014558 -0.04608221549145723
404098 0.02885105846693457
228737 0.1959118787339066
405796 0.0115717076231229
336796 0.04937830810141534
230270 0.04530500439325517
229658 0.09753469263819635
123221 0.10862517343287455
405106 -0.02500522482417622
122396 0.058162230010672576
228482 -0.03888940497093709
336055 0.031486989545269004
405952 0.12831034081139917
405922 0.15423818012804044
403537 0.1587095143037243
335413 0.05911594204774308
227870 0.007353518636007855
121181 0.026321032361341642
229571 0.00863147721501994
228557 0.00891105429772179
120848 -0.013661090384852562
403567 0.16425838863993128
121646 -0.031128963577189264
228560 0.0076994852494159435
405436 0.0964638988343735
014447 0.042774181305285555
121190 0.03830158133709555
404071 0.03588932828728315
014243 -0.028624059747995926
335761 0.060020525208517785
120965 0.006478125018575203
405520 -0.011049069826969043
014078 0.09203830594288429
121532 -0.03921616816962207
015302 -0.025366319192422403
335302 0.028484697435206024
012935 -0.04545794111309629
336073 0.027450086343125214
122336 -0.016829156508736266
228758 0.18117155309975796
230060 -0.03339283632853675
227858 0.004306852807978779
335797 0.028673417745441635
120890 0.11069622610931831
404677 -0.028312330773551442
121271 -0.0034574720688835955
405172 0.14216846060925284
121580 -0.009558293843160308
404614 -0.02167927735276533
122819 0.15169917284448342
121187 0.03756999405710574
229151 0.07077286901653213
335509 -0.0009565741599390835
337873 0.15545007368666997
336946 -0.024263805531296336
228977 0.16712755843355
120623 -0.0287425982936014
405865 0.11230138499509074
335920 0.1059493686428033
405697 -0.008856217309511433
121574 -0.007171531548335467
015428 -0.08480878466297455
230132 0.04885374156489176
122702 0.1912104876006304
404155 -0.010605345641370681
335380 0.030272455931340578
337540 -0.0017773712967223071
403603 0.09866940204085906
404227 0.06421216096663052
404506 -0.0031507756576817864
014285 0.1407447777675363
229208 0.023743144497528016
405694 -0.007844318154820163
337327 0.16089096405728995
404383 0.0663991938097138
404029 0.07219198301580751
122810 0.18056042348229448
405574 -0.0021288019846273367
336532 -0.05875955417756143
228101 0.12862900431693045
014480 -0.01371952506926477
405970 0.11888470943554287
227723 0.15164066025463435
403960 0.1408614087137305
121196 0.03713410232044789
336394 0.05711860287209814
335497 0.024960014749975765
337939 0.024383898739041055
336538 0.024249277150401285
337495 0.06780779516027344
405406 0.08730412037953249
404557 -0.01780372819303054
228056 0.08499911604793259
336619 0.052971944922492624
121160 0.043452687677278855
121874 0.009632074619373682
229655 0.09567278561070393
122681 0.18538221272084232
229751 0.07038266887438364
121904 -0.07792493444536763
230030 -0.03309081588779483
336802 0.05295548223561055
405193 0.16058708234747207
405583 -0.00035438557648769794
404704 -0.011653967883384055
336817 0.0037720364465565785
403597 0.1049280278527417
014354 -0.002361537467685506
227726 0.1481055385569698
122675 0.1832010239874229
121001 -0.003316082931622973
336820 0.0007386307305743687
230159 0.13906214982400208
015437 -0.05131894444662428
228158 0.18701999842619985
336025 0.05908991105079076
230018 -0.031006706803083938
228020 0.12456737844343725
335641 0.07728660997046242
335947 0.12604295619936137
120866 -0.014075326279115036
015389 0.0072371076023767834
015518 0.07209346407935732
121457 -0.050219008954672635
123077 -0.037212090755866796
336910 0.01732861656468978
122249 0.16749159079754114
121334 -0.011190607704543205
335362 0.02069421944889147
404476 0.04492210124098391
228281 0.08790125924533548
335569 0.07450978575016266
337963 0.02462070178442191
012857 0.09559046693623359
336904 0.023749648910334514
335776 0.04172538252076473
228527 -0.002679189718456794
336445 0.12323801156510945
405223 0.04767970945451519
405079 0.06099000917810971
404128 0.006665499142870892
120884 0.10053770460550014
336814 0.004456132503491414
229238 0.004304351459124899
122780 0.1428047147084092
336226 -0.01996983777445653
013418 0.07155663051730896
336874 0.05244849643888441
121277 -0.02021909130285986
228800 0.17719336353860857
227555 0.1404847890064797
122759 0.08479139423058703
405421 0.03731649107419848
122747 0.054854774475097665
230273 0.03797768964389324
337651 -0.02376288024639341
014555 -0.03237437715872497
336460 0.13251284388034734
229586 0.04877993735779568
336367 0.05189861012934797
404794 0.1482333756117894
405139 0.10381440735222316
228323 0.08451409369484573
121697 -0.03897262532073337
228308 0.08916366501488641
228380 0.0635962962033606
015455 0.01770614036388256
121031 0.00018786983131536893
405025 0.07386624755675682
121310 -0.03651695841354097
404074 0.035144832244479715
228551 0.005468309334755353
014033 0.13013767817663766
228764 0.17095358535726235
405049 0.06546510740325416
405334 0.07472776977137618
228776 0.16408089305313955
014627 0.005200723032690464
337846 0.14045710356217284
229880 0.00988155697654069
337441 0.09106173913372201
013115 0.1568498415220912
228083 0.09197750224007502
121121 0.09711379989100496
405643 0.01393985222585453
230153 0.13249968225389722
015320 -0.0009327912038816603
229901 0.00889559329450325
337363 -0.04552913327867509
121379 -0.03764776560524996
014441 0.04546899857893464
121568 -0.0012591767712649353
405307 0.047626981531023835
013994 0.17601122477697947
405646 0.008673524090541888
335914 0.11885186956998263
336790 0.0638910085275582
404515 -0.030125257893798767
121010 -0.010156141300342819
335941 0.1378994459616161
228047 0.0932708651478069
405214 0.06912302449374433
337837 0.15669175893120876
403657 0.0054013141796024015
404512 -0.017334419894968277
013127 0.15672168277558826
335458 0.04804338114697631
122666 0.1746168759655124
403582 0.10817748222384253
335671 0.05990520096937602
229205 0.033643008852678485
229223 -0.02617986469611327
228761 0.1761144615409444
336109 0.026825759821738245
228299 0.08596456206477696
230135 0.07203042202857293
335410 0.07206159341029632
404461 0.04225420096456555
403618 0.0026557619790819613
229067 0.10274141217659574
014309 0.006259716629351258
122405 0.0978652794023091
014603 -0.048548618865435066
015434 -0.06325552834615084
336379 0.042513065095622825
336355 0.09407945799268923
403897 0.14909676836363495
335857 0.056040484694894706
336436 0.09532398001226798
405346 0.07676905799049347
122207 0.17479250670740842
227552 0.13894749752910077
405127 0.011577573210351173
012878 -0.0616754890348316
335614 0.11030069952412792
120971 0.009999243891981665
336481 0.15175597797161156
122684 0.18531976198377303
123284 0.17498196046503764
228329 0.08263666060558565
123059 -0.009407320819799633
229610 0.1330063380968307
337318 0.1596852511451358
404059 0.05758884159543525
121082 0.10007958755767131
337489 0.13096008706234927
405472 0.07820996277548108
405352 0.062191340472715545
228734 0.19888259939001676
227999 0.11389358041377065
229070 0.09665942505834438
230150 0.12522958524946573
404716 0.0059930044765252235
229715 -0.05135806675034001
337354 -0.0573106045791996
228521 -0.0020731012236714576
122900 -0.0711037739272277
403939 0.1640716995686941
229232 -0.002077308243056784
120698 -0.07351229211204073
121880 -0.0007126199110516036
405607 0.019151265711177066
230168 0.12141094347733813
122693 0.18717876301016856
336508 0.11784962504464011
120923 0.14508993357369143
227927 0.0825276655701054
014615 -0.0061903343629584745
335644 0.07520010852253144
228371 0.06620772067248701
227996 0.1110281587741013
228791 0.18287417187472077
336751 0.17645594323650873
406024 0.13394834013297022
404770 0.12245872018228705
121106 0.0876934977371689
335773 0.04892930054584557
335344 0.002844388877588607
014357 -0.04342130732354103
228335 0.07885701728278037
335680 0.06346904616254304
404332 0.04270121538650446
122441 0.050052135202728415
014891 0.02315210444586618
404299 0.057872997575885904
336427 0.10216332504786084
336409 0.0792167884311816
015359 0.06533165164312249
122954 -0.004200861697775805
228410 0.055086475661302425
122897 -0.06880645575067991
122147 -0.04514387518779003
336844 0.01976027327964987
227822 0.029060847250452326
336511 0.11202338272376043
337498 0.04655271825781501
228266 0.09674975116237827
335488 0.019968321076160988
404902 0.01524538211191561
403807 0.1352588249109801
404209 0.03988616802868028
336238 0.14464806450737847
121103 0.09097649112479246
123113 -0.03987284801734501
229580 0.03163022439615945
229982 -0.024068916488216397
228479 -0.04635762352318991
405124 0.012558340668158969
336457 0.13015301688991293
336670 0.009829379704030188
228326 0.08073343832416373
336403 0.06504175178470734
227846 0.005404686837182493
335602 0.10297550768068076
405598 -0.00521492744283554
405940 0.13437898087543573
404743 0.06617233534985732
335482 0.010145232887206484
404122 0.016755251308707617
403543 0.15880166790472766
336547 0.04259466081797034
121349 -0.03188175313486509
121586 -0.009812049340592257
337960 0.017231482030023476
404374 0.07639912662883842
335851 0.05358317326852885
121577 -0.007501617098481001
229193 0.052349347898108786
229094 0.10427254734942577
404635 -0.019487392589431687
229607 0.11878927025488938
405343 0.07620626222540829
403612 0.011586581616511686
123014 0.01227771983883245
015293 0.02010243058240353
015338 0.0314287626061813
336118 0.018509367618470614
404329 0.04371864744065299
227876 0.04927202824061435
404686 -0.031390539160076586
122576 nan
404779 0.11920692454809431
121757 0.022883996435166004
015452 0.02545101351820343
227570 0.16409264377416033
230219 -0.03320418297547052
404908 0.016544915676589996
227993 0.11061461157166048
121046 0.0221673213018079
014789 0.06214716926453606
229766 0.09073395118061908
013439 0.05943178601469974
014609 -0.018354163646236817
122915 -0.06438648389920915
121589 -0.012096928216943368
122459 -0.0423246933902854
229577 0.021097576210641455
014564 -0.0313439328392036
227708 0.15676326366386029
335692 0.06229603949602255
122948 0.01399974014645531
405610 0.025896596373635217
403684 0.00539195973438298
229190 0.05651958341836309
121370 -0.055409197925156035
336892 0.038403711178692956
122930 -0.01752508510126513
406015 0.12973032795519746
335521 -0.010026405073736599
227939 0.15451372499709462
228377 0.06400738979182037
229256 0.003168656193838448
404800 0.1524910828207626
335260 0.0437165735446866
335575 0.08261864192136707
229019 0.11938450990192716
405526 -0.01215555241459266
121391 -0.039864442836341565
227828 0.03217316331596692
405538 -0.015422877908155915
121058 0.04299250730297766
121352 -0.024244425799823853
227948 0.16342991175518443
404404 0.05692338476040248
227645 0.17833957517388982
015431 -0.07121385254164449
227684 0.16852623251123144
228290 0.09407275644731729
227966 0.14676940923210774
227720 0.1531127064720033
404224 0.06239975364844099
013310 0.020698679948544723
404437 0.04015185023261145
121151 0.05694201134728332
335536 -0.02068435499806206
230183 0.10553934974592177
227969 0.1361957115732306
228518 0.0003239421946497275
336079 0.023066641461740825
228032 0.11913861676949224
337681 -0.004274595236766791
335755 0.05899323469993192
014267 0.06059301039498457
228104 0.1324773278048087
227912 0.05346963020076906
403681 -0.0043157177981037005
012932 -0.04257602987523374
335986 0.050051332735024746
229784 0.12563124285474822
227903 0.059246011362189335
404734 0.006580979423397995
013073 nan
228116 0.14940896764318776
403579 0.11887706737921981
404563 -0.017973880708953484
229694 -0.04218502856703551
121520 -0.03842154305350941
337039 nan
229076 0.09231638371410888
336313 0.11505810050979881
120881 0.09577538979747308
335959 0.10812960846666118
014828 0.06446762539091566
404488 0.04503362446249366
227918 0.061309605407101425
228023 0.126934994787795
336856 0.031456257818566626
013145 0.15958285582244144
404773 0.11880971738270352
405649 -0.018778382411195844
228965 0.162327853144792
405910 0.15297729573139868
335284 0.04185335846170314
404554 -0.027769453320559606
405148 0.11183725293288155
335662 0.06749921977642495
121778 0.03279775663706942
230252 -0.007968978808670446
229142 0.07892827824397662
014276 0.10445830701090411
015353 0.06324425841829082
404761 0.13616712129461517
229064 0.1061865765313912
014552 -0.01713174961244115
120935 0.07440529701625413
121100 0.0970903857112283
229166 0.06792694016516382
014846 0.07734078704995453
405616 0.03214693224982195
228524 -0.004259588865699916
403876 0.15163665953837444
014621 -0.022371218288739756
123065 -0.011579683767605788
405868 0.11464249845982553
013139 0.15580234721100597
230186 0.10601087684237474
403903 0.15007415121436302
403987 0.10697584211207611
228473 -0.037479376289230586
229679 0.09259944871109299
335455 0.04988028630637468
403894 0.15166822905673177
405880 0.11039579330928742
336877 0.05591452426707446
121493 -0.021979871155723692
013157 0.15630791790183934
336022 0.06207716528997591
336040 0.05180732824959789
404611 -0.027948529280444903
228167 0.1774232641179511
403990 0.09288551454813805
404386 0.07184613800637772
228071 0.08822121731628543
015089 0.04834544489150325
336202 0.0014535960412143452
335977 0.06777445193728338
122237 0.15133587773835705
336475 0.15326069902490688
120755 -0.022919785613309974
121028 -0.001834631369356469
120818 -0.013545888464940944
228119 0.15842510772928947
121769 0.03224198710878101
121436 -0.055692961859324625
405058 0.06551464175421094
403606 0.01747464003746742
122753 0.05625885748673999
337459 0.11084329503101938
336154 -0.012907133175110568
122255 0.14886709398790549
013229 0.15638538349958409
335338 0.0263362779643636
405022 0.0695116370249241
336082 0.01987709090697699
121718 -0.027368370944230013
121346 -0.02126304850386812
121886 -0.022940452398286636
336502 0.1367945297202132
336019 0.06357304165440221
122786 0.1665340755365499
228254 0.09794150461718397
336490 0.146013308198206
229250 0.016143766005542834
122957 0.020384250157828944
229889 0.009984431825775316
227564 0.14940449272293643
122291 0.04294956039588191
014075 0.08662962468115837
013667 0.07558121129168345
121148 0.06632637076929068
015113 -0.003766940226630559
227651 0.16918143275388872
405412 0.04509718718505823
014426 0.030439745865303704
404671 -0.027657391360999876
121892 -0.06393707186980939
337909 0.1311425814012281
230192 0.0823250431267532
122849 0.0002961688955711324
335563 0.06381754657620163
121367 -0.05446121607896789
405844 0.11607206256264752
403831 0.12019753560685273
335983 0.05683589098500271
404638 -0.018571737436535982
227768 0.11403148521827752
229895 0.008193678207517346
121988 0.019436589435522525
337642 -0.009091897073176102
229175 0.06924094844541799
403912 0.14575652825886218
015152 nan
122894 -0.06793337997858609
014432 -0.03763687941763136
335401 0.06669464638355405
404608 -0.0244711405620929
122399 0.06950494375108342
228434 0.02661661585935175
405814 0.03390431549893965
015347 0.06366214773822533
228272 0.09306972559482332
122225 0.183907350486597
120956 0.016103480263877912
014594 -0.09618131518332519
015524 0.05616008196918692
403633 0.0039001762538733186
228059 0.08185879840200971
228548 0.001289575325364981
335581 0.10399009143638883
014720 0.0030549526529968104
122384 0.013887816130149642
404467 0.03849467480022215
404005 0.07555736409760254
405097 0.0014437738442412897
229874 0.009500402583355754
122501 -0.07280581505187292
405241 0.041116320706002046
229073 0.10053945214094591
404290 0.06958852773690391
405622 0.02278827224390625
335962 0.11149783575427868
337330 0.15907602877101903
405664 -0.01967844112449158
229808 0.04698176661278944
336061 0.022125998976232616
335566 0.06744789343031626
405244 0.050123169768884535
404347 0.06216899381939404
335599 0.10491582629590687
121136 0.0915433103362909
335359 0.017723237041281134
405730 -0.027844841390295232
405253 0.05025161054436259
404035 0.06318310877045831
404368 0.07124819748534707
120887 0.11124350421588285
227561 0.15264668294258257
230123 0.0203225974563268
405283 0.02926092925580605
336028 0.062390358197854844
335893 0.1057893265419799
228338 0.07667264083829851
405457 0.09998264438217164
403630 0.004417707976295712
228476 -0.04190597446920176
228866 0.17180505585122116
336010 0.07530046853684473
405388 0.09977239956203689
404725 0.011798753621131117
015560 -0.032244697902660976
336328 0.1348221572917406
227717 0.15006619250976477
015017 0.015670563249065742
122414 0.10565229973599156
228779 0.1611044623023408
405016 0.07533989415702785
121604 -0.0279075847252944
227906 0.052779456081553405
404530 -0.04233185745461879
228002 0.12576575173196014
335734 0.0765337466088273
404149 -0.006531776803678498
229409 0.11943909284039646
228815 0.18650024977367963
405145 0.0991669921805619
335953 0.1215090334489052
404590 -0.019114978811293273
405565 -0.006250812919957589
229487 0.025731093727737034
120977 0.009752261603901547
227816 0.018687485992078222
405943 0.13603095460260428
403951 0.1489728714293156
230177 0.11307336833505405
015041 0.049355157027168875
335968 0.09301461355870905
335665 0.0659815655949645
405052 0.06313876197065471
336721 0.13650661543920725
123044 0.03350730041328371
120932 0.0943191560367119
120878 0.08081126957944071
336778 0.09363555383363563
014942 -0.015909645833125728
230117 0.003088579803216652
405859 0.11534165600041678
121787 0.03131776854244905
405013 0.06189114801467411
405820 0.055331020893315624
336823 -0.0008081397769661917
122708 0.1796115699350793
337978 0.03818661222971574
229145 0.07588587238728063
229853 0.02478727570273532
404905 0.014064293684862266
013550 0.12628857042423633
229817 0.020923258085560996
335395 0.04896633002131371
404566 -0.010217479166464476
335500 0.01622136838992577
229820 0.023042248493544117
337942 0.008531214477669484
335950 0.12496906493342423
014453 0.04360468621576481
335650 0.07104428475334362
403738 0.11968278470795157
121184 0.027555447733976488
405358 0.027781220655592655
123116 -0.042299678284792294
121829 0.04236444009690388
228788 0.17794097101504494
404137 0.0036390938890927572
336898 0.032581731185649665
336760 0.17027259180733903
120920 0.13828837525760784
335617 0.11315068615658569
228812 0.1851607671777121
229100 0.10088244647452238
013307 0.036603289160924465
404911 0.019017086701309097
337945 0.005572330819809296
015254 0.1094049329500046
405577 0.003583033577543199
229685 0.07265071853619919
120785 0.03829391834007064
014027 0.16844056631631896
405382 0.09964104365960089
335305 0.025694335447097556
229169 0.07118994715606751
405739 -0.03824273870219514
230210 -0.014028498227491793
230231 -0.026076155299619912
228707 0.028515033880907578
335350 -0.00011381836068463823
229055 0.130492111173517
121013 -0.00812442043916184
121517 -0.03468661064021344
405364 0.06165811663378261
122876 -0.057122918673535895
121175 0.03203383534099408
122825 0.1079528159737415
229112 0.1055936954014641
229961 -0.01568801093056979
121835 0.04856629233315922
228011 0.1256364404728614
403735 0.11722814187183667
403654 0.01136729662657724
228620 0.007699015160227887
337714 0.16097013836815244
121226 0.0433339951884585
335971 0.08464384056289169
403528 0.1686649033105593
405727 -0.0008219321218112055
336772 0.11436479650019991
013277 0.1420374958098881
404533 -0.04469017974164371
229730 0.03137130854044481
228998 0.08654686774330578
337933 0.04722411165318237
335683 0.06263312867696903
014561 -0.050070378707521984
227579 0.18223951673421462
336454 0.12102605250662711
228197 0.13417065246980295
335728 0.058558124223058096
404668 -0.03221668631441446
336151 -0.015343455202651748
336664 0.02565020304339088
335632 0.09445286830798014
228845 0.19106820096760166
229160 0.06575305243110163
335383 0.03337279855512714
404797 0.15248107267541755
336406 0.07346733429964611
013790 -0.029359869540683807
229034 0.13927187687089332
229031 0.1316230504109657
337972 0.05739837758697048
123287 0.06682223824185
335785 0.03271421394252538
336736 0.15615433362392755
336199 -0.014359933665009582
229769 0.09384377436367701
405916 0.15535036740285574
336901 0.02394542095192556
335788 0.030739031874968167
335470 0.02032771659937455
015404 -0.0032598894236915126
121289 -0.02522378050162247
336253 0.1520555854862572
121736 0.02219092112984407
404482 0.0428615148856239
335596 0.10374238849090173
120596 0.05083378554787438
336448 0.11750133471593024
405403 0.09212552911745123
014012 0.19073861137269035
228161 0.1842290910536262
121511 -0.02668739711982307
121469 -0.04214378335603215
229670 0.08741394618681438
014246 -0.06054910780891539
122744 0.04010649309848751
405454 0.10679174488822665
335932 0.1343143266137243
121823 0.04928725095001613
227759 0.14119548508952498
228530 -0.0042300658299760895
404353 0.07843576193125566
405400 0.10318943979941694
120974 0.008263791500048622
228110 0.1372226935026798
337333 0.15899984594957586
013496 0.027647374967985295
336364 0.040258366344343245
122282 0.05516585951420235
122267 0.07465083083826979
336376 0.04336798610130887
337645 -0.016619769508652328
404095 0.026088245745216104
228125 0.17613969605941607
228686 0.007269063535782079
405088 0.04870433026779039
228317 0.09335546732566025
228674 0.0130445733196217
229796 0.11343159196471646
015509 0.07437880406139472
121802 0.01997995996873816
336388 0.04630834054794434
121325 -0.033329647181861384
336628 0.01953776183829298
405238 0.036124693963135085
336742 0.1626579408175614
229118 0.09482060750688746
229850 0.022933091589724848
122921 -0.019974536304326017
228092 0.11246387280305326
404602 -0.019604252444373235
405718 -0.01858493787898096
403984 0.10484987838575913
403534 0.1621920292115128
335308 0.02576932322969444
121283 -0.018272672866953638
230234 -0.025725294537697778
227963 0.15298644300588485
013130 0.153949969329159
120926 0.14143123081605105
405370 0.08281662620738614
228236 0.10572909259070293
229973 -0.0221582645446289
229622 0.1294848394825134
227897 0.05868203207478773
404812 0.1777587152044867
403516 0.18227272026216004
121853 0.02849882771729161
404452 0.04369618769803245
405589 -0.020340117797759422
014636 -0.00041639278428796717
403708 0.1315732245092039
405949 0.13558672398734506
229007 0.11618345559721768
229220 -0.02631981969454082
404701 -0.006573917373778328
229085 0.09944352375720497
227933 0.10270749238927562
406003 0.13367174062862333
404752 0.16380080168675576
405280 0.033710402437725905
122390 0.052261649011057607
230246 -0.010909410892008357
229883 0.011900002823536109
403852 0.13655280859574026
121229 0.03491001275670028
337477 0.12816328818124653
014429 -0.01199887211393728
335347 0.0006894986071283867
122738 0.02976819166043426
121859 0.01648919517354961
228785 0.16944879242708583
404257 0.1145252977054964
013766 0.031641807505693384
228512 -0.002550079148352532
123110 -0.04135722991894972
014393 -0.016094488148786584
403870 0.14643045270197816
015482 -0.0007505227907051427
405514 -3.82762116978036e-05
404767 0.12368656050024539
121274 -0.015518835371799287
121496 -0.021739390710653922
014504 -0.045278833705753245
405250 0.05052156813044913
403615 0.0037679952151369214
122981 0.04066154922757831
122387 0.038846344275844706
120821 -0.01341440850498849
404581 0.0041939506587088
014423 0.05470369428400646
230195 0.06720958375980852
337531 -0.006375938007310198
337522 -0.009944776916078597
405310 0.02730960720420267
228494 -0.006099178938899983
014039 0.0868681933284666
122672 0.18122670886927686
121598 -0.023759340437449376
404263 0.11028132301653062
229001 0.09340334734515163
405322 0.06344235634992994
121772 0.04879246703396478
228122 0.16734373290326873
120728 -0.04415743436543509
122918 -0.03487265603439297
229163 0.0644603960886357
337897 0.16666526129666154
403942 0.16786361468249472
228227 0.10935460559415576
336091 0.017151638075562067
228260 0.09828544143279484
227978 0.11857830926597696
014123 0.15274881461206324
336694 0.04200661012661112
121712 -0.03221073140723184
122426 0.10437287467739959
335899 0.11885464542958309
015362 0.04784278596264814
120938 0.048633679225349995
229499 -7.548551097135076e-05
227801 0.08408642093818806
336070 0.027577037322178696
014399 -0.015323671633663017
405304 0.06859475742057428
404740 0.017765205276172532
336337 0.15445452684867694
228365 0.06463432835254196
404335 0.04283791994466598
122378 -0.01089349600435263
227735 0.14672048414346195
122741 0.03848929294916423
228770 0.1601489466391486
336295 0.11194682384702302
335461 0.03243709740016568
405055 0.06505339390746771
337357 -0.05571216325161874
229253 0.014002489159859714
015470 0.020323827673952466
336049 0.03953695413684962
120704 -0.051473760818085156
121280 -0.022353775247491266
228500 0.0021634555998302643
121508 -0.02598161018714703
404518 -0.038650660354879136
405031 0.07664325655016124
123275 0.08982125066575548
335530 -0.017586595465698074
014579 -0.06321762776315064
015467 0.0270539845864312
121445 -0.05747084735599663
120959 0.016644897137837393
228356 0.06851570284279997
121145 0.06604556262312662
336637 0.02857334001710943
228644 0.010981945764450801
405931 0.13793985559936817
405637 0.014460858078581938
403552 0.16141201774200903
228131 0.1837409364650274
335434 0.05485377819287253
404158 -0.010384026960134615
015497 -0.0012446525579126067
121613 -0.023376733452661037
405163 0.13378221792468228
336727 0.1358876918299223
120632 -0.029910243499204882
335296 0.035531258343221225
335923 0.11615666722943538
403909 0.14879986390992747
014435 -0.041063652060548295
120875 0.08568376586550758
403546 0.1545627989517678
121949 0.16208598390878615
121721 -0.02436260247777169
228755 0.18356351227828369
121793 0.024929140050801997
337468 0.12343314439240245
403858 0.14561067782473336
337951 -0.004927774307046327
335287 0.05205462610886602
404896 0.013929712857704389
229652 0.09689404639617474
405199 0.10461612046006769
405355 0.04433717127409772
230243 -0.013703130909825306
404362 0.0730659638202885
404401 0.061813415458142895
336292 0.10787669964964626
337513 -0.00410593814510525
336136 0.008209750645838407
015134 nan
229436 0.0333694267362876
336391 0.052552365291390624
405064 0.06997560945467574
405997 0.14848908360809557
122240 0.1607540783698326
335326 0.04056892131514237
014366 -0.09650875405505913
336631 0.021360811425463398
336718 0.12303352593003239
013286 0.02944175944183812
336724 0.1336247931729566
404470 0.04391710710863808
404689 -0.030026033332690407
404422 0.04438169330389408
123104 -0.050342642679913265
121040 0.004559827299632161
014375 -0.04314254286208591
404191 0.006012357989795071
122798 0.1828801554174822
015368 0.031864115701590034
405181 0.17581019636219816
230138 0.08660804230069358
335545 -0.002321659647698679
228413 0.0383880653814676
227765 0.11504469859910538
121754 0.01273060194651285
335314 0.02194377539386754
403930 0.15982057551442272
014954 0.06693030479259061
228830 0.18797219843646282
229613 0.12228727815853435
335374 0.034873172171532164
336568 0.08085352999997894
121607 -0.02668943065051347
122381 0.00604207972550338
122534 -0.02754239143268341
121166 0.03022563188363674
122261 0.10117649804715337
403888 0.15625204563678302
403678 0.006405877799880938
405874 0.11356123966475622
120659 -0.03511812348313997
014444 0.048863565226534594
335467 0.023587016970715313
014294 0.07696391789467781
122804 0.18113226935314064
015563 -0.022548884768334648
014540 0.034380475199542695
403645 0.006988796203158961
