335422 -0.01846702846424858
404428 0.07422452178401472
405418 0.1075986394596268
229733 0.01816129045827048
229703 0.07613150562558856
335887 0.0879237273382762
229235 0.08485812831074604
227873 0.09788896621219695
337900 -0.03649846509510738
229079 0.05918955487548989
015299 nan
336145 0.06452407155718123
228257 0.056404358643888874
123050 0.08457971943749322
405907 -0.015543973184587017
229202 0.08025130582234216
404587 0.10740952937481055
335824 -0.0022979931421598316
335323 0.08148875518622681
015461 0.027753177890203946
404041 0.09300752091870318
336190 0.07854468175906741
335713 0.09871602436852833
014363 0.10638384844260242
405331 0.039750900938937996
404650 0.10585142317272368
337894 nan
337879 0.16490827287946427
121562 0.09942939924815343
405319 nan
014411 -0.0801951456322241
337519 0.09839228163126477
405958 nan
120812 0.11652974403643084
228347 0.06680885671006145
122372 0.13358445050568465
403864 -0.047647498902820405
120917 0.06249485245845549
405655 0.1027863000435804
336841 0.07150116767832841
229721 0.06177197133422528
229196 0.061810067920955704
337678 0.024250247984221488
229340 nan
405292 0.1212662969316755
229631 0.0669702675091412
228149 0.03560558629238373
228176 0.08433609412460731
122795 nan
405619 0.036399876810075296
227807 0.08186294313461062
336499 nan
120824 -0.015306086662889634
121895 -0.028572347113695096
014648 -0.022615704488831836
123101 0.08995006436990916
405661 0.09897777769300672
120863 -0.011437219740852479
122912 0.12421139712056156
405985 nan
337921 0.11981492934348752
405706 nan
336748 0.050938782919020875
227762 0.11419546982598683
228536 0.04811947762020051
405934 0.08141482065594385
121037 0.09052228170727926
405994 nan
405877 nan
014489 nan
404395 0.09788360426517205
336913 0.056860104876414616
227867 0.09857954676189119
121313 -0.002439851191896001
229598 0.01768611393277607
121889 -0.03751263825377318
014345 0.09741534127129449
404875 0.0958638364225288
014495 0.10762450051686122
403906 0.032607578013665595
014060 nan
228566 0.09364017355378973
121400 -0.01926561970731397
335266 0.14121379117035812
336862 0.0760924201449733
014492 nan
403723 -0.03356920281489467
122732 0.10627527590151187
229106 -0.028683597447020228
123128 0.058509368745107496
336781 -0.0325681571235599
120692 nan
228065 0.06458646876127344
015284 nan
229748 -0.016538146691479978
014612 -0.03996017671745355
335992 0.11873583025943125
335446 -0.014266678746233457
121814 -0.031150638105869814
120839 -0.01694196694857114
336553 nan
335926 -0.04397568122419731
228878 nan
015491 0.10093765139850089
122792 nan
405271 nan
230171 0.09157840800523619
405349 0.028246383818369063
228578 nan
336667 -0.010809684504066615
122963 nan
335737 0.10131821935139004
403531 nan
229835 0.07365343305799696
404239 -0.020839165127466596
121205 -0.0004918933230102379
122924 0.12300226928065063
336715 -0.0427743008177022
405376 0.023682595876158858
404287 -0.0181183929836332
123020 0.03951194929698156
120689 nan
122756 0.08579366248950623
228488 0.09506888571239652
336658 -0.056381861419274065
121085 nan
227930 0.033575663490900916
227984 0.015144353190427104
229601 0.018877530224108822
229157 0.09524346565713689
122789 nan
121529 0.11008008573421092
123146 nan
336301 nan
404569 -0.02133604455825745
230240 0.10673194826791112
228332 0.04974545771572866
337396 0.012956051806777323
404398 0.09105768109124804
405160 nan
228683 nan
122462 0.12577913846078165
405811 -0.02476715398813922
405766 -0.011128248478399074
336424 0.033836642440835174
120815 0.022590082902756943
228140 -0.010340282237538313
121079 0.10172996445307657
335674 -0.00022338338258887468
404746 nan
120830 -0.013392662674030931
122933 0.08223605912829202
336343 nan
229886 0.08594023528247996
405484 nan
121643 0.11198773554393224
227798 0.053503698941050816
015488 0.0875801769625239
404788 nan
230189 0.1202569245259999
228218 0.1038496872735402
404305 0.061927719670577606
229712 0.040064993657563865
337504 0.08965892198855285
229661 nan
337876 nan
014933 -0.03548432153368753
228233 -0.02714917364400617
337366 -0.07463038634935219
227819 0.0959139169009407
336100 0.08668470761132618
014483 nan
336652 -0.018014983869390228
403525 nan
229241 0.07873949589063559
405220 0.09373350664841856
015308 nan
122807 0.13996519361223494
335506 0.11448163077944801
228200 nan
404146 0.09283160073416574
227627 nan
014477 nan
014381 nan
014549 0.021419970627004053
123086 0.11188935287415035
404314 0.06932457855769565
121784 nan
337369 -0.06610514213588924
405871 nan
337711 nan
405799 -0.023920236146244483
121727 0.10618000484648205
227900 nan
405151 nan
122543 0.02383911479560156
335956 0.06799482444708493
405850 nan
403540 0.10713881538027809
335710 0.08389061080656142
122417 -0.030783520646826927
405685 nan
229139 0.001313870060865986
229688 nan
229664 0.08244433478703575
336043 0.06923348782382487
405784 0.022266939708164755
227894 0.10452885198845435
335860 0.09132366035350417
335881 0.08838011726500496
120980 0.09155271341512491
405076 nan
121460 0.11134492458940361
228419 -0.015998613652262142
015356 0.025577153748665808
336838 0.0683152265649624
404248 -0.06093440169379825
014240 nan
012842 nan
229832 0.077025572458903
228836 nan
227711 0.07068699341512322
230198 0.11861354637876782
228401 -0.010239781295408795
121865 0.10424505339728461
228437 0.02425798646788251
229088 0.04736466521308535
122402 -0.019844510094829338
014534 0.026853315413944305
404194 -0.036220313186153874
336517 nan
229646 0.0753918867262583
405499 0.08492350452160709
014606 -0.04117897869004666
336304 nan
405571 0.10699750506688678
336352 nan
228554 -0.047141061942863896
228980 nan
335989 0.11512808951120529
405247 0.05574953435647367
013133 nan
122636 nan
123125 -0.012974818140639647
336916 0.0739596882957962
405112 nan
228491 0.061546902662377376
405427 0.05316197696957148
404107 0.07448892780802778
120749 0.004365226886373024
013448 -0.04123123463184114
228428 -0.000924129458381026
335398 0.04565552531594762
337360 nan
228449 -0.01757498296090654
403714 0.0008133777550288612
405274 nan
403672 -0.051063393799636106
336034 0.009099289699027766
403726 -0.0336727397345798
228659 0.09893493046836248
228638 nan
335437 0.005898186436620607
404599 0.10151610109541151
403696 -0.003705670593907594
404185 -0.019960837721579066
335707 0.07599052605953982
228605 0.10969118996272012
228374 0.08864816105554975
229448 0.05437788298941584
405613 0.059670814887556455
337708 nan
122432 0.08688147895660296
336298 nan
229574 0.018509356748490108
335677 0.004883254697765044
122438 0.12224522583068362
405040 0.01521553185881761
405667 0.10299878650241427
336097 0.094556684980018
229727 0.03368997913337444
404647 0.1061240726047092
337918 0.104814653764236
336526 nan
228872 nan
403975 0.07953603734415043
121832 0.09649249617192891
121331 0.1016945384797596
336400 nan
404899 -0.025149669111575543
121907 -0.025861255444304263
122990 nan
121220 0.06401238046468251
405772 0.0156356817410316
405841 nan
228245 0.007179177156981519
405385 0.025964531368679475
123017 0.022852874539151427
227750 0.1047767028606758
335911 0.09754544464999405
229040 0.10853793223698935
228854 nan
013640 nan
228008 0.09205233735382241
404629 -0.016768640437454144
121553 nan
405853 nan
228014 0.10385612079075406
404572 0.045452662718989865
404659 0.10922186462967483
228983 0.008925679184141616
228857 nan
227714 0.06817624114808582
120806 -0.0117268469444092
014771 nan
336139 0.06150468316658464
404887 0.07157963041275266
228293 0.10734174640319738
405625 5.506333850678918e-05
227891 0.1036823366822005
121715 0.10387412454716112
121691 0.10993452980404808
015317 nan
014714 -0.015815820346693363
120602 nan
122909 0.12376095945872957
014807 nan
120674 nan
122978 nan
405847 nan
405460 nan
013466 -0.03306773151510777
404536 0.04854277824075267
335428 0.007843256133820838
228038 0.08468492531482086
404053 0.10241089119482293
014072 nan
335512 0.004806840014295514
228842 nan
121049 nan
014516 nan
403867 -0.04346250053635217
404644 0.10607810058290996
337486 0.07865270054529584
121799 nan
120737 0.06479730958321446
405679 nan
227975 -0.04365518068043479
015548 0.11453244648282487
123149 nan
405442 0.030276985971412634
335419 -0.011678331963496996
227729 0.07610923827640594
228146 0.009811449938285003
121817 -0.0036087564912200827
015464 0.03875815563978534
014834 nan
013034 0.14074952261788504
228833 nan
229802 0.08722269204405612
015449 0.010417311532156808
404017 -0.023905898766999147
122678 nan
404425 0.09882256341358972
405121 nan
228863 nan
121433 nan
014021 nan
405883 nan
014531 0.026745409246474977
403981 0.10277480891682575
403687 0.0059647661037545985
337555 0.09923438735739894
404077 0.10913960138956706
404284 -0.014256620595632468
403849 0.007851721117736172
227753 0.10528702016860719
228989 0.014396259495672541
404458 0.07786219477077613
337501 0.0903214914124219
403639 nan
405979 nan
228017 0.09585399602456068
014420 nan
337288 nan
404140 0.060848553646343014
229298 nan
121295 0.06342612731028519
120647 nan
013739 0.12880889953128874
228029 0.08917269631037636
015530 0.06260220962026718
015335 nan
123092 0.06301849127106905
227648 nan
405235 -0.03124364289206622
405592 0.11123477592670099
335368 0.06115149064038797
405184 -0.03024665200797984
228239 -0.026571982108146115
228194 0.08706409779805985
405100 nan
121505 nan
122690 nan
122969 nan
015521 0.02373494102841332
229178 -0.0030633506202508527
120707 0.13630187322222997
122714 nan
121601 0.11284391085306802
405298 0.01925086218213278
014273 0.026428126363737453
335257 0.1394290848383828
404710 0.12035186291961746
336046 0.07650058189081768
228089 -0.03608827099755958
229229 0.052361541583906844
014459 0.025501084706139942
405259 nan
406000 nan
335842 -0.020062067488993494
336358 nan
228383 0.08733852830513444
405832 nan
122942 0.12807420700315444
120992 0.07344687762924815
013190 nan
229595 0.01713517683523673
121868 nan
403927 0.11523670998830643
122735 nan
121358 0.11169869234772767
335965 0.09438760242764913
122816 nan
121805 nan
229004 0.026256252887529346
121826 0.08033722250129391
121673 0.10845319808475556
406006 nan
229115 0.006524949638014404
228506 0.03883245399406365
121700 0.11664911678859166
336319 nan
013634 nan
404179 0.008083590594141042
227885 0.10284063551161024
335770 0.09545048796941362
120695 0.12570515700748988
228743 nan
123266 nan
336853 0.011262767497425413
404215 nan
404893 0.08818659176902166
122540 0.01115573623522084
121124 -0.03420320011320568
403576 nan
121808 nan
335767 0.08261413725595626
336442 -0.014284987228187235
336763 -0.037945875789032496
405763 -0.026241831122658283
405187 0.02237781745725565
120842 -0.016211253634789237
405913 0.018141148161846074
015413 nan
228470 -0.001325897540160924
405535 0.09249269962310791
405562 0.06641925674266914
405757 -0.028270035081805787
404440 -0.022084580604923822
335929 -0.04007150455538037
335494 -0.02283987975472887
121109 -0.022964007353312468
228221 0.10584779921032132
122210 nan
229199 0.07536304273593702
336559 nan
336478 nan
404434 -0.037223238427733306
230147 0.0582833017332203
121514 0.10644462914153292
230267 -0.015257380958875901
336535 -0.036770740451208206
228851 nan
405289 0.10414124292040627
404134 0.08463958830372424
229301 nan
121178 nan
404230 0.011743728445951269
120986 0.08929085684201074
335320 0.12237329115402673
229187 0.02404138107439537
123080 0.103751608934352
120854 -0.01258733640439489
121361 0.111225213113075
122456 0.12786518076740244
230285 -0.029100190529189256
336382 0.11052684178428045
228353 0.06979803187506538
335416 -0.002367184007748875
404881 0.08682744843619211
336832 0.07260795150484357
227738 0.08844680634755937
228344 0.0688059635443482
405550 0.08157650845932042
120872 -0.010374182846113952
336514 nan
228407 -0.015411583072573955
405211 0.0927080512046814
404809 0.028213954634136625
123062 0.0837641864016363
229772 0.000831160937457278
336493 nan
121676 0.10841964161585249
335440 -0.0010135560609191012
015479 0.09025648458955643
121841 0.10709563058520119
227981 0.008841850167824366
336625 -0.014194211149527357
404722 nan
228128 -0.04226075749410596
121481 0.1095153890769768
229892 0.07048769641849076
405787 0.016895282001388505
121592 0.10604638523525663
015398 nan
405007 -0.042803753823851716
230222 0.1193853330891035
120752 -0.02297401762513257
230141 0.05574717931707755
229634 0.06839180144052656
336943 0.07081566984636864
229667 0.08436635183909581
337042 nan
335452 -0.015545276505908406
228416 -0.006740673616330663
404749 nan
228563 0.09349156507288787
404665 nan
403996 -0.024780989604301834
228077 0.0061004136130789356
335518 -0.03198555297111498
336289 nan
122762 0.05474873308151486
336982 0.044236308398964926
122411 -0.028192520177990232
405397 -0.05467043908407411
121154 0.07294387211875311
012968 0.045202465721102425
229016 0.06439414170123352
229052 0.007472454784809827
120725 0.06876854291037908
015419 0.020413973974803136
228692 nan
012944 0.13310284084743926
405130 nan
228860 nan
229979 0.02924286279242826
336334 nan
337315 nan
120845 -0.013724981649040086
014507 nan
404359 -0.016145527561585143
229628 0.06687047935667492
337462 -0.010195801742713612
120665 nan
405700 nan
336973 -0.010427650628452145
014570 -0.04481868739238735
336103 0.09436166441285766
405541 0.09290856974465507
336610 -0.0447139096638513
228044 0.09827932695142265
228848 nan
121217 0.05650581700267178
228296 0.10973612521511088
404605 0.06237725732187746
405736 -0.047078864796091364
229823 0.04021126406813705
405721 -0.02527122281305914
404698 0.11890311909731101
121862 0.10989076876766468
121742 nan
405925 0.07559153541686044
403561 nan
403843 0.034363910995102796
228773 nan
336889 0.043385457922840674
228797 nan
404524 0.09724116319730025
336865 -0.02045843933956177
335290 0.1039897121449627
122888 -0.03149926780597207
335719 0.008621763991231268
335491 -0.011106210342613946
014984 -0.03075223688095335
405556 0.10831755935830413
229589 0.013843227946569048
336106 0.03934570805315829
336565 nan
014414 nan
405964 nan
406021 nan
013118 nan
121157 0.07230706139216347
121130 -0.005021585937123684
123023 0.050628739960339605
335485 -0.01702589130906201
404731 nan
336616 -0.002537962410605563
122885 -0.03486123186182481
405595 0.10918752983133628
228398 -0.022993235283599787
123002 -0.03718660202576026
228806 nan
404197 0.11208969751993816
121616 0.11065067455611802
227756 nan
336178 -0.01737262514919853
405511 0.10255008652096703
014765 nan
228782 nan
121118 -0.012060695391297895
337969 0.12071396812560066
121679 0.10916242145356678
229130 0.07800763014973366
336175 -0.012694193784310285
403648 0.09116280646551222
335533 -0.016936095624880767
227732 0.07841570919783658
336112 -0.027164046905040026
014813 nan
015503 0.09948591425649357
228827 nan
121490 nan
336607 0.07603998357206244
122705 nan
227924 0.008124937524308672
014351 0.10447863170078822
404377 0.058701880241043836
335623 0.018707718040421404
405325 0.04575643696627774
014249 nan
337471 0.04354248213141403
122999 nan
229799 0.08064021325946365
335653 0.09240704188271175
335365 0.058409567484779955
121499 nan
335908 0.09612281394727304
404446 0.00200904750270054
013523 0.04447631521539374
228452 -0.011054703815423214
336418 0.037926661184315244
336886 0.03322916536884814
120701 0.1293541325463189
405976 nan
015332 nan
229262 0.002796643603390216
227942 nan
335605 -0.0001801055307588608
336247 nan
337492 0.08749578958577246
015512 0.034092712195920735
229724 0.039896284512111115
123038 0.07661895795203662
120944 0.12072412097264851
230204 0.11674564183283946
014297 nan
122453 0.11920465489543934
335749 0.009111033091469415
121781 nan
120953 nan
122972 nan
228107 -0.036585532294379344
121316 -0.018075301823700558
121223 0.0766347538939503
404092 0.11121930394853864
336835 0.08787079195793715
014084 nan
403636 nan
337345 nan
405229 0.0696547793693283
227957 nan
404578 -0.006670991714849494
336655 -0.03989676135014942
015476 0.08778987974031288
228749 nan
122984 nan
014582 -0.03930889750815009
121682 0.10994352140123882
403669 -0.03745947418642347
015395 nan
335746 -0.0061875016860712595
229856 nan
337348 nan
229997 -0.0359359987965327
337807 nan
405946 nan
015311 0.055587595985049296
014006 nan
336463 -0.017807543641627198
404500 0.08142177209832503
335998 nan
405955 nan
336634 -0.011404736489845961
337705 nan
403954 -0.021574490976429314
405034 0.025900776424105206
335317 0.10406162346415253
123095 0.08602229296015815
121655 0.11371256056286039
121931 0.0110052593669197
405004 -0.038620754376104835
227660 nan
013958 nan
404311 0.07359649220956842
335782 -0.0019358017068207929
405703 0.028064696798248898
404806 nan
123071 nan
122300 nan
120671 nan
336766 -0.03727196347656973
404596 0.1019278435480027
122444 0.11549251420157297
403609 nan
228362 0.08011243112847574
013838 nan
336931 0.060750027889897106
123026 0.05830057516119649
121502 nan
120836 -0.014767451234246566
336331 nan
121625 0.1076845886215331
230249 0.09734998546968303
405748 -0.005628120630307304
336076 0.04168746355578785
335803 0.06099263099803385
120629 nan
120968 nan
122783 -0.032541848769804246
121061 nan
122927 0.12287988057212225
123032 0.07275928517498037
120656 nan
336934 0.05188726367182828
122966 nan
403594 nan
335560 0.0038589648856930388
337336 nan
403549 nan
015440 0.15887975238618396
013148 nan
229049 -0.02129594199677818
403993 -0.03017471339426884
404302 0.05129696915596477
014795 nan
337864 nan
335866 0.09400569472906115
336970 -0.018396735508418402
123296 -0.016953101197541547
405481 nan
121796 nan
121685 0.1088830619171904
336001 nan
014630 0.025200172346465436
336793 -0.024929043466834513
122906 0.079888465256574
122204 nan
335635 0.06896683110131159
014369 0.08045195095122806
336925 0.06802633556712524
404278 0.03639078118320112
337927 0.12929974661933052
403741 -0.030645145400401235
335278 0.12976902653931308
405175 -0.03997009291932971
122246 nan
405601 0.06339268268100799
120893 -0.007058292036018675
403957 -0.012512287348655829
123098 0.08500617032959348
229421 nan
121073 0.09950018265470205
121706 0.11106506680685375
121142 0.05148068775011285
122408 -0.0270037461429567
405085 nan
123299 nan
227888 0.100350402650379
405361 0.00888940042259913
337450 0.02030542058318072
014498 0.10849786183190724
228203 nan
229649 nan
015341 0.026999836403226094
337465 0.039368701804808434
121925 -0.0027825691982164553
121064 nan
336880 -0.024576654924912785
404056 0.1003259161792735
404170 0.06392652597216211
404203 0.1105481506024719
404521 0.10103997589909701
122828 nan
013517 -0.01677892349458654
336271 nan
015485 0.09661665497993936
014360 0.10690234577845013
228152 0.04823295695861601
403522 nan
121214 0.042821445486713156
013364 nan
335449 -0.009766194448589947
120770 0.09026852738920343
013154 nan
337633 0.06401601620918311
013151 nan
014003 nan
336622 -0.000834796920655265
121820 0.02663765168679208
405424 0.0553765822700362
337867 nan
336976 0.04959196340199771
405367 -0.032625263470117696
404038 0.08354121740953421
404188 -0.026560546802624617
335647 0.09769009786938865
337804 nan
336013 nan
229592 0.0169815010494656
015410 nan
404815 0.019507446459361484
335839 0.0035994717244726493
229625 0.05867427934414496
122318 nan
229583 0.015105280009183014
403753 -0.001038318922539719
404560 -0.024893167098483944
335464 -0.0251572667262721
404089 0.11258437967231606
228275 0.10528537205287387
122882 -0.032340744142064455
013415 nan
405838 nan
405328 0.08873753888266427
404878 0.09396277870030209
014513 nan
122447 0.12588844739685498
335311 0.1096296083359491
404431 -0.008870997977635216
121112 -0.012588185585545305
230165 0.0688025149088057
336157 0.026160153869113446
404695 0.11653068768749063
121790 nan
228311 -0.014007521339229044
403558 nan
403891 -0.049208720133613874
336646 -0.003023426589511689
404266 -0.019704982173855478
336649 -0.010395392275536805
337591 0.0791969599628595
335578 -0.019151754144568867
228458 -0.006792510529839991
404392 0.09067472503298804
335554 0.0011337707304900472
405673 nan
122687 nan
404275 0.032283085171012575
228689 nan
336193 0.06079459279818625
405136 0.02150936448384845
335740 0.10150031311802132
335731 0.1059726820254983
405517 0.10261942848326666
228080 -0.006705540026666896
337822 nan
404020 -0.0018387354599443322
228869 nan
229010 0.04037364200360959
336799 -0.022677395661089735
121343 0.1073375252819566
120998 0.07443893798673995
121649 0.1121188894150749
121004 0.07468102404460816
122813 nan
335830 -0.018698819241826495
121115 0.004217525104899983
015143 nan
229184 0.01396648640985842
404113 0.046075473766441534
121760 0.11468235500275141
405967 nan
122822 nan
120635 nan
230207 0.12089347271692186
013247 0.0448872134799049
335356 0.08762949232071164
121478 0.10804121986268059
336115 -0.022043569449242868
121730 0.1072832188278279
337483 0.07591299425091659
013388 nan
123029 0.06783328406394473
227960 nan
122435 0.09941458365694344
230288 0.10474368916961539
121535 nan
230156 0.06146868474128196
013454 -0.04612619038410042
336037 0.035309468484257436
405208 0.08407102449975833
403873 0.09960015236385286
404680 0.12048366031949483
122366 0.13489651604304237
122420 -0.03012382416498093
230282 -0.03855827338283788
121088 nan
015542 0.09228110502636622
404296 0.008743461503543304
336871 0.024615142744452603
227909 -0.03829407636034556
405775 0.01710317495832804
123272 nan
229763 0.0036751041667471176
228284 0.11215728275359624
228305 0.08939828337039413
122483 0.12473536143227229
228935 nan
337324 nan
336007 nan
122375 0.13338765231045813
015407 nan
015551 0.12124350146641807
121337 0.10260181729755705
121871 0.1065108412788028
015278 nan
337447 0.02857172387114433
229637 0.059925253429110086
335764 0.05811537132061348
228569 0.0927125133534588
405886 nan
229805 0.09095373262282976
336130 0.027598438952019605
405823 -0.017499939028348194
230078 0.07061774217827958
335845 -0.026978931484767574
404212 0.1155176011342851
121916 -0.020317536661621997
014054 nan
228053 0.0779684361011263
405379 0.020286564032236734
405652 0.10168245271820661
121172 nan
403717 -0.030292251122691648
336730 -0.028117097347185156
229037 0.10052229866148933
336961 0.011734285251918051
336826 0.0504709592571965
403660 0.024464783816454557
227882 nan
012887 0.1344368647015284
405028 0.03380733633798266
013610 0.03361919191148546
228440 0.014796540090933391
228086 -0.03073924871307412
229028 nan
228932 nan
120860 -0.009618011119363785
403588 nan
404293 -0.003924566640048231
335686 0.06533140248364515
228188 0.11750104692247179
336121 -0.00020274218924846852
121928 0.03232659341287555
229043 -0.0384781625789741
121745 0.10836351863921634
228185 0.09275265461941487
404497 0.08613075109836467
228113 -0.05073062957279267
404479 0.049000290651170036
404407 0.10649606484134179
121763 0.11415770886436341
121211 0.02760761531572493
122696 nan
014234 nan
228302 0.10147454354768437
404365 0.004013200315430857
227849 0.09575273725721571
405523 0.09438147998991467
121322 -0.035048199655678056
335995 nan
337840 nan
404959 nan
121664 0.11385364759536017
015380 -0.06182748959628544
403924 0.10418641630303922
405670 nan
229709 0.07090600899287633
122243 nan
121547 0.11099439197116429
337888 nan
230237 0.10633437152964229
015392 nan
336094 0.08811066819246484
405544 nan
403621 nan
228533 0.06820762422349719
228719 nan
404317 0.08015407354758776
013121 nan
405778 0.020931387704516215
336064 0.08777682674567594
404755 nan
014939 -0.04234505645812504
336325 nan
405793 -0.024559266983516632
336922 0.07286603667129833
120929 0.08611198799606697
229127 0.06919580892799726
335281 0.11954600510242687
121232 0.09455406855023096
120962 0.10232186695886035
229691 nan
337861 nan
229904 0.031810566360438434
227654 nan
403999 0.11519642656393833
013085 nan
403642 nan
120743 0.034669307804612255
228392 0.08596515311479223
404161 0.0869482640262794
336487 nan
123293 nan
336484 nan
335425 -0.01861161758636648
403585 nan
405067 -0.04794476283405078
404782 nan
228035 0.08588019912205044
404653 0.1050704976238271
336142 0.06749611385449447
121076 0.10115572654741421
403513 nan
405751 -0.013863029900914415
122951 0.1272298986949618
404632 0.006063339256104974
227987 0.03455316665626708
336940 0.0577927653751676
014015 nan
121484 0.1092839865457444
228395 -0.01680404004048061
228389 0.0914505504426502
230129 0.05859368758911018
228497 0.06720464988459918
335503 -0.023764913879800297
336385 0.09117037247097681
403666 -0.020060339524595305
336346 nan
335275 0.12266942887079146
122297 nan
404242 -0.05311872467162117
122996 nan
404491 0.07641389256431944
014501 0.10743967692057292
229046 -0.03690277193856712
229643 0.07633814830628652
228680 nan
404044 0.1035391521316242
227831 0.09450499805403342
404719 0.12064257122221447
014030 nan
335473 -0.021372660393577547
405286 0.017010338060439577
121448 0.12486092754141996
014252 nan
403966 0.06281472867483424
335905 0.09234101431710381
014468 -0.024011091958908812
404176 0.023869431504772463
227588 nan
013331 -0.03737105064904356
121034 -0.02698196504902377
014600 -0.04012304931868685
014537 0.02268169985877143
336808 0.002838388249807437
336895 0.052829396393564015
014915 nan
336571 nan
015329 0.0340166562869225
404791 nan
121235 0.0907257747472056
405340 0.0670098933835897
336868 -0.006769062440141259
014591 -0.03668760326173571
335896 0.09887199411316525
335539 -0.017132206861629768
121052 nan
120662 nan
229742 -0.015674071713739555
405166 nan
229103 -0.03609664691433469
121556 0.10440678066677517
227972 0.09763008829147098
404464 0.08814803948478094
336562 nan
405559 0.11101170191689143
404776 nan
335836 -0.003160341189328437
405586 0.1001960277557373
335269 0.14125449695284406
404674 0.11408614571672988
228173 0.08709250847207464
014519 nan
337882 nan
120653 nan
336805 -0.02501947052848162
122639 -0.010433240113632074
013898 nan
405316 -0.05448096857270466
336133 0.03906822630936108
015446 0.02109753247561639
336544 nan
013196 nan
336316 nan
337855 nan
120896 0.014100646494624012
122288 nan
120620 nan
227864 0.09789982901679145
335974 0.10588369033639393
405691 nan
120677 nan
337966 0.1169534032306974
335572 -0.011747773247535781
337528 -0.005265538273465353
337000 0.008094486357673767
404218 0.015373909284198094
404080 0.11012156930550064
121250 0.07685005827947072
404413 0.09382304312690856
406018 nan
228542 0.012370112081053394
335389 0.05150686086170257
228881 nan
404713 0.12002136354757127
015566 0.034936627509101995
120905 0.02219817957604976
015416 nan
121901 -0.029583238534711773
404245 -0.029463463359408904
405196 0.05317688379338179
405505 0.09683237378559416
403978 0.10402248889680892
335821 0.004603977178695376
404626 -0.0046697378280647454
336550 nan
012863 nan
014618 -0.046192405532704074
336187 -0.03572597258895468
121025 -0.02444795407852008
014270 0.02479899578353986
122711 nan
121169 0.07923266244313074
228068 0.04837944204845126
230039 0.0644356401430236
405658 0.0991666422949897
405439 0.022043474025530422
228725 nan
228455 -0.005671295567866217
405394 -0.031291342192496296
229868 0.09378043323958003
405808 -0.005702067795113773
229781 0.01689510225058844
227783 -0.013090981742888119
335848 -0.03186512385082637
014486 nan
403570 nan
014237 nan
403945 -0.028224942782718435
015371 -0.018466048280731968
337903 -0.018351936764252254
227852 0.09479062708597334
229787 0.03894858069363094
228818 nan
405205 0.08394020606601049
405856 nan
121307 0.04185869861188102
405037 0.019131830760410855
336349 nan
405094 nan
403750 0.005700959520154949
336163 0.008703112506252175
404323 0.09742862743044656
405451 0.01610300611451935
122423 -0.035016254216683015
123122 -0.030694211752819642
013661 -0.03505902082460241
121067 0.10175272207411508
123089 0.08985275584283599
405061 -0.0393961884988048
014456 0.02261492423246379
405115 nan
228992 0.02583702896463432
404065 0.10579883635990203
228224 0.10946793909426089
013160 nan
228809 nan
335431 0.039498682118547256
335716 0.08796045863837525
014009 nan
336745 0.04834098309751541
336784 -0.03552524747235668
229013 0.05246321641675913
014858 nan
405103 nan
335272 0.12895520402010155
229154 0.08252159256484973
012950 0.1276164039732918
336283 nan
335689 0.0813415830880485
405709 0.02111037808751303
336451 -0.0381432113386529
014261 nan
121286 0.07654021837696527
337312 nan
336166 -0.0031290303383554735
405430 0.028299826478201246
121472 nan
230120 0.0671947024296702
229700 nan
228263 0.08451285762311109
403855 -0.020852814996593933
405448 0.019760400368852498
015077 nan
337453 0.012789972917533214
228752 nan
229244 0.07216762200364032
229484 -0.006880804441496274
014999 nan
229406 0.08788266762223824
014690 -0.011934831678457831
335758 0.033423588534996766
121538 nan
228074 0.015154570385925756
403573 nan
228740 nan
404002 0.02722132866451861
336829 0.06495519330442087
121544 nan
403732 -0.03282348441068458
405628 -0.021098476568275612
335791 0.06345697542133703
228005 0.09277911318673028
230279 -0.035338063404042885
336985 0.0854046718316144
230174 0.09224396226659247
405580 0.10886627341073656
228572 0.09507093353876991
228368 0.08351074148107458
015500 0.09297883772588039
229217 0.07253570516570275
123056 0.08376165041847834
120719 0.051271734074649654
404371 0.03567527102240035
405781 0.019040874897293506
122945 nan
404884 0.08327007618080191
405091 nan
015296 nan
404707 0.12021666501837706
336643 -0.007159214515190622
228287 0.11433482674694566
014036 nan
403564 nan
123107 0.05401188596731886
405217 0.09563085515663107
227861 0.09924026267238395
228794 nan
015536 0.0650088147511558
122273 nan
405313 -0.040473193808748066
405895 nan
228665 0.10212593229990156
336496 nan
335377 0.05575462322221945
404254 -0.0688441897195483
121652 0.11370594034749996
405769 0.0490433621028113
120827 -0.015272558165491059
228425 -0.010067146435059385
335620 0.009146484228965837
121043 0.06294934522537958
404662 0.1115901233657958
228341 0.07056195482666237
335524 -0.02369847892875166
404281 0.0014182711863185197
405682 nan
228824 nan
230201 0.11823461057157253
121913 -0.025206369927951267
015377 -0.05026325318689624
123230 -0.04787318808559314
337975 0.1257447906272121
405802 -0.04836579240071382
228581 0.10134735345299824
336574 nan
337321 nan
405961 0.09464887841037972
121583 0.10291013339209179
014018 nan
336439 -0.0020355284877177815
121304 0.06012204795703416
336859 0.07128495940368686
228545 -0.00578355055952829
404326 0.09090032312605116
013040 0.06470673352772778
405529 0.09320230635385665
403651 0.06506673386848433
122993 nan
122276 nan
230126 0.06105149687766677
121301 0.03410217354392559
336184 -0.028521157400834843
404167 0.07586603677893575
335815 0.03190540714042576
335722 0.026418406633719752
336733 -0.01822311163954594
336370 0.10840907677140815
013679 nan
336421 0.03765194807103071
229133 0.08457530331591716
121565 0.09074769095769006
335587 -0.01910329917808632
229811 -0.011087084970727334
403600 nan
405733 -0.02359411987678084
404110 0.02960182778778291
404350 -0.01829674972428216
404011 0.08313436901758588
335854 0.06478323984118087
335557 0.007585019886899157
122936 0.12422692081915637
335548 -0.023892487353939236
015323 0.03652095416235545
405988 nan
403744 0.00614151966295254
120683 nan
403879 -0.052564880835316165
405724 -0.021962013366189127
337729 nan
121193 nan
121622 0.10696212980482314
123041 nan
229619 0.047568141257741885
404341 0.09418926203161253
337663 -0.03083145877238873
228137 -0.016384031997746847
014879 nan
405760 -0.028682167110111064
335884 0.08638390283735972
227813 nan
121640 0.11256104171591462
227780 -0.023810114158882394
121766 0.11087421765403141
336373 0.10548108889732831
336964 -0.009966245704273456
336004 nan
121070 0.10183229551210507
121430 nan
121466 nan
014372 0.1052260852995373
120617 nan
404206 0.11160958002484034
337339 nan
121748 0.1110103031945607
014471 -0.05027053705581662
228179 0.0862154554667067
335329 0.08431917586654585
121022 -0.0025686119130844415
405835 nan
228515 nan
405715 0.019743134105016314
121838 0.09986444654918851
227951 nan
120668 nan
121139 0.03780325410117603
013205 nan
336709 -0.04176238103774113
015374 -0.03623269298799934
121007 0.07256857209067606
121247 0.07666074775514149
013955 nan
015473 0.0822113393958098
405493 0.09708391371227447
230012 -0.04443327193276723
122960 nan
122294 nan
404062 0.10919954579132994
336031 -0.006076450067883086
404269 -0.004837720980719915
403969 0.06924547846355135
337621 0.047931084158824896
336556 nan
123317 nan
405073 nan
014633 0.02357355102660164
228446 -0.011818464081170994
228611 0.1069243385678246
336415 0.039345431706262014
015515 0.018847403799948967
121454 0.12353645052228655
403786 -0.04764717533474876
014987 -0.03741388424994453
229793 0.06077322865637614
230075 0.0721233550532399
336757 -0.031701309194786066
121688 0.10858614482576887
404443 -0.008120147096301817
404683 0.1187303936670697
014450 0.023884702651273633
335698 0.10073000501154868
405391 -0.005409475861403047
121619 0.10821921484810966
227747 0.09531391234624953
227744 0.09793400083269392
123035 0.07265212043883308
122480 nan
228920 nan
122252 nan
229214 0.0722861873860262
122867 nan
335392 0.05019234105077369
122285 nan
405169 -0.034277405348744
227921 -0.002671919411292679
335752 0.03017715224646088
404872 0.08577280952816918
337444 0.04147287317287588
013844 nan
015383 nan
404593 0.08794976037646096
403729 -0.03320595655852165
230162 0.06434658976123578
120680 nan
405268 0.045368947680034334
337507 0.08982267985268245
229757 0.017921043833765787
336169 -0.006647805270985663
120989 0.09751167499199115
228728 nan
123008 -0.018655868141128806
120899 0.015548198835550737
014462 0.01960343190893003
227945 nan
228191 0.09698856660838573
335701 0.01937699344963714
013328 0.037876531548337665
014528 nan
013520 0.05060789139993426
228485 -0.025290507743707037
404737 nan
229778 0.009224406471866049
122987 nan
012938 nan
120995 0.07183396627032568
120716 0.05024088280541556
121202 -0.009952344142656222
122264 nan
403918 0.09399044450628695
404032 0.014940601523875274
014738 nan
121094 nan
229760 0.010151538798417993
336172 -0.017297747768666136
121340 0.10405251790606787
228995 0.040263152759873876
404221 0.12556179742964488
014096 nan
337516 0.0978659332113922
335833 -0.015546920719208632
122891 -0.033668660987181284
121241 0.10708976719114516
120809 0.10732005997575182
229439 0.05932512207636757
337264 nan
405634 -0.06276900879710229
228821 nan
014567 -0.04100631625182125
336127 0.015057001281945587
228248 0.014378164419029364
228050 0.08383973758222665
405817 -0.022683764666386472
014543 0.01827177376974197
404014 -0.0154903711332514
229844 0.07924884595568218
122486 nan
121298 0.053215630397982945
405178 -0.02846947765641725
405415 0.10584683561240976
122258 nan
015365 0.008755400427705127
229109 -0.017328427236787198
405919 0.055231117066882905
336523 nan
405490 0.0916601113643148
229898 0.04920346498429311
337954 0.09371737299181133
229337 nan
404143 0.06979075213408525
229841 0.0888768470476544
404251 -0.0037146749950590593
336472 nan
015281 nan
120911 0.04662186001974439
228884 nan
015545 0.06072946999228611
229616 0.04169304088504032
336520 nan
404623 0.010240451071887903
404116 0.0499412501677086
123068 nan
336217 0.009715681960658421
406012 nan
337936 -0.038780070659102356
405829 -0.026444538245125424
336181 -0.01828469166004653
121244 0.08161679588297688
228251 0.016379148004546998
403921 0.09489440161084373
120731 0.08957764975092283
229697 nan
336907 0.07626095172655811
403915 0.07164630111382932
120638 nan
403771 -0.053421949249467034
121658 0.11207895682602333
228164 0.0698560703368414
121421 nan
122354 0.13211754390171596
121355 0.10628384332808236
121724 0.10489434035366806
337351 nan
403963 0.0121718208383564
404641 0.10507699572850786
335626 0.009314190873326914
405295 nan
229814 0.005556304489545699
120851 -0.014497734864446209
336058 0.08626300207576394
013124 nan
121097 0.10999060686303193
337891 nan
229745 -0.025554585206330076
120710 0.13886534978472997
404356 0.003974299582224043
015443 0.025334697212200608
405463 nan
229562 0.0274225946456667
121016 0.03020140893706155
229025 nan
121634 0.10813778165786987
015029 0.015113362433418393
405277 nan
335608 -0.0018441516983348962
404182 -0.009264675834209821
404758 nan
120626 nan
229259 0.03368490583756391
335611 0.0008786505912767306
123074 0.12626319149740384
336307 nan
014867 nan
335869 0.09742056915136606
229847 0.0810829351818751
014417 nan
120734 0.0750633064148918
120941 0.12268915750030288
121670 0.10798504239036924
121898 -0.026874236035841867
405631 -0.05707964595271992
405508 0.09962743709957789
405019 0.04612850196777828
121694 0.11251494349265585
228926 nan
228269 0.0958739022238685
404233 -0.046044648639739505
228746 nan
229148 0.07053941693553027
404575 0.01466969166483198
121541 nan
227789 0.005612133858882748
228041 0.08425153131450053
121661 0.11262882134271046
229121 0.03775340639134888
228209 0.10612337929861888
229082 0.057956045897549414
404083 0.11029015355931097
228212 0.10552925966223893
336256 nan
229739 -0.0010388746389228167
336703 -0.04116044696960664
335542 -0.01882409380501931
123053 0.08452376581373669
229442 0.058617475381814194
015305 nan
121628 0.10683538367688791
404119 0.07584241479668553
405898 nan
014465 0.0032097239678946926
405142 0.016300483355446465
404131 0.07877331265325752
230276 -0.030921233462263942
120746 0.022711653170473464
405202 0.079375183771527
336280 nan
014708 -0.012188893557966018
120713 0.13463250039115784
015425 0.05210170938224388
121475 nan
122879 -0.029829923268202902
335341 0.09282065699340175
121910 -0.023419820060405907
122279 nan
337930 0.13111902839082049
403948 -0.01586906406323406
014264 0.022301505692631687
230066 0.0705782314597628
121850 nan
403705 0.025490182259726143
228155 0.04560890976263553
121922 -0.022620290267367327
229226 0.06611525364481755
335695 0.10203355960745028
404320 0.09276869965608787
015344 0.025566547846247494
405547 nan
405157 nan
335659 0.09117784197368319
404617 0.05827601459582355
228182 0.09232218019546024
121709 0.10915005900872447
335527 -0.021332453004103323
014675 -0.011906451577279901
337525 -0.026136997418525893
404485 0.07321487632311674
405133 nan
405553 0.1081789046999008
230213 0.12076888924025221
121637 0.10884966601590182
123227 0.11096639986391421
228095 -0.041584120456793716
335938 -0.03489624772753035
014255 0.032357202762018436
121571 0.10060690319727338
121463 0.11326044450991997
120740 0.06352201180139261
405256 0.028521313553764704
229829 0.07205271606206781
336148 0.056435773618832646
405433 0.030259110414582378
227582 nan
230255 0.12341121323653557
228143 -0.00030192758283044554
405232 -0.014484633339775933
015275 nan
014576 -0.03985134419940766
403624 nan
122831 0.07578550066266741
014597 -0.038832738264551706
336067 -0.010076208920820565
228320 -0.012014315035599112
337456 0.000730460191004281
228668 nan
122369 0.13596996176179754
121610 0.11554643842909071
404410 0.08836729532827146
405502 0.0844806405392063
405070 nan
404989 0.015044013028422362
335386 0.06722859172143454
336661 -0.02215748713480452
336529 nan
336754 -0.025908854390893663
404023 -0.018352903444945657
337885 nan
337924 0.1235917437644232
403882 nan
122834 nan
337387 -0.018204898956171
403933 0.11983465013049897
227558 nan
013238 0.043850713306003146
405991 nan
335656 0.09548043447827537
405928 nan
229706 0.07562481600140769
228230 -0.0370924769559713
335872 0.09241585933342182
228662 0.10112716533519603
015539 0.08286167250739204
227804 0.07239976682990946
336466 -0.030480710286942738
337309 nan
336769 -0.03347532698419081
228431 0.0024194638565103845
015401 nan
121751 0.1111504863989867
405109 nan
404389 0.08749267312020388
228404 -0.015497020814733132
229271 -0.03532013062996188
404068 0.11126587882874503
121856 0.1088015644409268
229775 0.0021709032832855574
335404 0.030647641292913808
404863 0.09532520581805518
336412 0.042670993848182175
228509 0.09194001264853273
014525 0.04137557423303998
405889 nan
230264 0.07433016450176654
335806 0.03962014453765512
121733 0.105539974333748
014138 0.11610136124612581
015326 nan
336850 -0.01344576180124581
336937 0.04797750198039688
336712 -0.03976682581295109
335878 0.08916929033067492
228359 0.08030994577345506
405982 nan
404101 0.10855014488179848
335476 -0.019093107385022172
120950 0.10667026718727857
015110 -0.018668870008234462
122495 -0.036201202478895154
122450 0.12438293865748813
121877 0.10486749921526228
227855 0.09489306854823279
336085 0.07356538775494102
336613 -0.04581466742924281
228677 nan
405904 -0.027906509283195692
404260 -0.04164733008346474
336928 0.06428015523426597
120857 -0.011816262604157671
121133 0.006909272973499601
120644 nan
014378 0.015220381505365005
405043 0.010216828376527817
405805 -0.039108824681947894
404551 0.005841257083066213
122669 nan
404338 0.08250144491556655
335890 0.08785310211291733
336430 0.024663791042253358
121526 nan
335353 0.10511153593830677
014522 0.04200612216189215
405688 nan
229307 nan
336979 0.03960409408749419
403720 -0.03231494388883076
229877 0.07774453602860755
121319 -0.030294975007505234
015527 0.04644400590942019
013142 nan
404419 0.09498027623152225
229736 0.005201371587608939
228215 0.1053597783285474
335293 0.10434236602177695
404173 0.04564199456041663
123005 -0.03162216993319841
014810 nan
120641 nan
336310 nan
403675 -0.059022277270986745
121550 nan
121844 0.10630594822044305
336787 -0.032227000570368786
337480 0.06308405780833148
229091 0.05940933114006407
335818 0.022174656215939084
335332 0.09010974944583952
229838 0.07910582623849753
014558 -0.036444610678106774
404098 0.1104150032870984
228737 nan
405796 -0.0035376831021889177
336796 -0.016218225057266906
230270 -0.024846263550940495
229658 nan
123221 0.08840964710901654
405106 nan
122396 0.020979652858915777
228482 -0.03604315495769504
336055 0.08328895625613984
405952 nan
405922 nan
403537 0.10501332888527523
335413 0.008315382650940346
227870 0.09876968410700508
121181 0.10409483077034118
229571 0.020229594669644795
228557 nan
120848 -0.012600063893722068
403567 nan
121646 0.11232729185195195
228560 nan
405436 0.027391292122077873
014447 0.024361248621864926
121190 nan
404071 0.10820066895471568
014243 nan
335761 0.060756904222232434
120965 0.09912406010602517
405520 0.09499239543127636
014078 nan
121532 0.1138124633087683
015302 nan
335302 0.11040759465051075
012935 nan
336073 0.04237640567557522
122336 nan
228758 nan
230060 0.0677085553092518
227858 0.09457276035057985
335797 0.0761814895265497
120890 0.008878335986940664
404677 0.11857003532618844
121271 -0.01026145172574502
405172 -0.04386713741317628
121580 0.10304612421394745
404614 0.0709694851012457
122819 nan
121187 nan
229151 0.07607895222766754
335509 0.0944502315823994
337873 nan
336946 0.07044673392349682
228977 nan
120623 nan
405865 nan
335920 0.10289541577535961
405697 0.07822038115016998
121574 0.0968163944426037
015428 0.014554422999185228
230132 0.05555942453442809
122702 nan
404155 0.09160011403617405
335380 0.0713729168191969
337540 0.055012418584638595
403603 nan
404227 -0.026480776923043386
404506 0.05721846598166007
014285 0.01467900238339863
229208 0.08839532195909572
405694 0.07223625526614533
337327 nan
404383 0.09260550039254734
404029 -0.003356913244372863
122810 nan
405574 0.05095119703383673
336532 nan
228101 -0.04742636945512559
014480 nan
405970 nan
227723 0.0883493600068269
403960 -0.0017852544771629773
121196 0.10366760549091159
336394 0.06670010562927003
335497 -0.026335855376904464
337939 -0.0229520810258563
336538 nan
337495 0.08983973346690023
405406 nan
404557 -0.02019777282413319
228056 0.07796948621062194
336619 0.00406650531859625
121160 0.0732466354571953
121874 0.10526220490332362
229655 nan
122681 nan
229751 0.02825817049495758
121904 -0.030994708009853628
230030 0.011315244279675365
336802 -0.036065798326618444
405193 0.04577352208138402
405583 0.10186767578124999
404704 0.12166989662177535
336817 0.04526215826558788
403597 nan
014354 0.10630593602619473
227726 0.076553589957101
122675 nan
121001 0.08039612284784112
336820 0.05219449266921052
230159 0.06049655277739427
015437 0.012556130923922099
228158 0.06488886045310324
336025 -0.028656812810451186
230018 -0.039098166626029725
228020 0.09355389756500405
335641 nan
335947 -0.0002270800726754326
120866 -0.010861586062486703
015389 nan
015518 0.021298020777076185
121457 nan
123077 0.12643383703534566
336910 0.07114162651254104
122249 nan
121334 0.10164100253392779
335362 0.060090293203081416
404476 0.0358547761090218
228281 0.10573980218969505
335569 -0.006467539527068423
337963 0.11605468250456312
012857 nan
336904 0.06217299089909181
335776 -0.02575160404200151
228527 nan
336445 -0.024550452472423157
405223 nan
405079 nan
404128 0.05476511692700649
120884 -0.011569031659249492
336814 0.01937417242432185
229238 0.06908942566436975
122780 -0.018040899828676776
336226 -0.033180641603726774
013418 0.10399440735105485
336874 0.05235217866443452
121277 -0.03777823764080062
228800 nan
227555 nan
122759 0.07118210939466119
405421 0.07650836254734031
122747 0.09785903033412037
230273 -0.025835308219945615
337651 -0.008076697158684186
014555 -0.03271667049911316
336460 -0.002006997507085245
229586 0.015070649051161672
336367 nan
404794 nan
405139 0.017773508214626182
228323 0.007947369001772104
121697 0.11363812963438143
228308 -0.014295094285004412
228380 0.09988507724484896
015455 0.025913510808020783
121031 -0.036313552354659
405025 0.040378780592055546
121310 0.018949765250796367
404074 0.10862114207814881
228551 -0.03858505117109303
014033 nan
228764 nan
405049 -0.0009723012409512959
405334 0.064982446301885
228776 nan
014627 0.02214815250780217
337846 nan
229880 0.07990307889432989
337441 0.04421107705365356
013115 nan
228083 -0.02113077869976408
121121 -0.02738274279094878
405643 0.09988394389076838
230153 0.056835165652272875
015320 0.03864566409398639
229901 0.030807815846942716
337363 -0.08234905061267671
121379 0.1129123768937192
014441 0.04779179271681484
121568 0.09370250045937835
405307 0.015656229049440414
013994 nan
405646 0.09988650215996636
335914 0.10379020183805435
336790 -0.017579252757723367
404515 0.08525533822118019
121010 0.0649233411129256
335941 -0.0232372377011869
228047 0.07583406312125071
405214 0.10086278436045167
337837 nan
403657 0.03978046829447205
404512 0.07056783825632126
013127 nan
335458 -0.022105232605980536
122666 nan
403582 nan
335671 -0.02800634747709985
229205 0.07420327789569027
229223 0.07190945471599426
228761 nan
336109 -0.006954988406380581
228299 0.09232994109865218
230135 0.0569303308974966
335410 0.01605843163041211
404461 0.08403395053255495
403618 0.11399852661859422
229067 0.04503006499911112
014309 nan
122405 -0.02503809043626745
014603 -0.04005624061747899
015434 0.015501544589088076
336379 0.10874287413541601
336355 nan
403897 -0.03135394647347525
335857 0.10188362662589821
336436 0.006445198711495044
405346 0.03278500052744361
122207 nan
227552 nan
405127 0.037925925330510216
012878 nan
335614 0.0010277727363671649
120971 0.09622528202950009
336481 nan
122684 nan
123284 nan
228329 0.036463488662053664
123059 0.08431135359264555
229610 0.02774749010328263
337318 nan
404059 0.10303634899213411
121082 0.10259871324591478
337489 0.08260396999206313
405472 nan
405352 0.03188272475787163
228734 nan
227999 0.0831989497734756
229070 0.06348933389176538
230150 0.057584404192558426
404716 0.1182005493065269
229715 0.03326408833824367
337354 nan
228521 nan
122900 -0.033264651228849494
403939 0.005092997399587476
229232 0.05743988835724676
120698 0.1263146476140098
121880 0.10398814118938682
405607 0.1099603311274868
230168 0.08212245989294516
122693 nan
336508 nan
120923 0.08391294193436019
227927 0.016501081893893987
014615 -0.044074870162613515
335644 0.09765533200737571
228371 0.08703744578428296
227996 0.09114767130089814
228791 nan
336751 0.027605915826464458
406024 nan
404770 nan
121106 0.11040841292662175
335773 0.012271214653770976
335344 0.10672141190002613
014357 0.10593480912465898
228335 0.059640836733719296
335680 0.03389785024854872
404332 0.08352284608063874
122441 0.1065751391743857
014891 nan
404299 0.023476863686820365
336427 0.027729083290175788
336409 0.04762967679866407
015359 0.01984753175452555
122954 0.12530684092688182
228410 -0.0004131861043384034
122897 -0.03246305771788796
122147 -0.03943104125093234
336844 -0.01856394433875254
227822 0.0931378893120579
336511 nan
337498 0.08805091073383044
228266 0.09091359406269242
335488 -0.007775306585216404
404902 0.08532095409574962
403807 -0.04475830303508348
404209 0.09777191707066127
336238 nan
121103 0.1097642769889226
123113 0.02885725230649636
229580 0.01628044970722155
229982 0.012859580194088097
228479 -0.024826234180307268
405124 0.04542878033622863
336457 -0.028753031555880378
336670 -0.0012555248363204385
228326 0.01891431826330749
336403 0.05820821391211616
227846 0.09488420721925335
335602 -0.010861611711444518
405598 0.10991926987965901
405940 nan
404743 nan
335482 -0.0169682251698595
404122 0.09906393373363953
403543 0.1084190323239281
336547 nan
121349 0.1110556031030322
121586 0.10294878798187095
337960 0.11039786598309367
404374 0.04084509854823594
335851 -0.026455317374950514
121577 0.10012969684769027
229193 0.05270307484326406
229094 0.06280284079294356
404635 0.10595747932555184
229607 0.023303303926710102
405343 0.05529712662309491
403612 nan
123014 0.00777572135685178
015293 nan
015338 0.027056999622829377
336118 -0.010940570296186867
404329 0.09642113327349304
227876 0.09849330104848064
404686 0.119256474353649
122576 nan
404779 nan
121757 0.11277289428408184
015452 0.014705639036874923
227570 nan
230219 0.1235784801689941
404908 0.08313810168639396
227993 0.07500441652847256
121046 nan
014789 nan
229766 -0.0016622347374484966
013439 nan
014609 -0.04478440070917151
122915 0.12230946904137022
121589 0.10338119476560563
122459 0.12090080270545969
229577 0.016864972896676843
014564 -0.03668721678496958
227708 0.07914656306069995
335692 0.09048566020068324
122948 nan
405610 0.049427324580767804
403684 0.01287073332165915
229190 0.03955284435747062
121370 0.10062974596780443
336892 0.04715895563725775
122930 0.12155758010016547
406015 nan
335521 -0.03027754353571149
227939 0.06987539170280335
228377 0.08993172375252999
229256 0.053093729889582074
404800 nan
335260 0.13948846544538224
335575 -0.01671070844408066
229019 0.07916147724475736
405526 0.09500835812281049
121391 0.013013854018384606
227828 0.09422732024788445
405538 0.09355854306902203
121058 nan
121352 0.11151708307720366
227948 nan
404404 0.10049727555935975
227645 nan
015431 0.010653049699843875
227684 nan
228290 0.10112145590403723
227966 nan
227720 0.07564269279947086
404224 0.032634267731318396
013310 -0.03193499367596816
404437 -0.03262513301847301
121151 0.0712217911986932
335536 -0.01201627442711278
230183 0.11307476134527296
227969 nan
228518 0.09582770816863528
336079 0.059223281012641064
228032 0.08375836554027738
337681 -0.00040602057973508556
335755 0.053177842502126094
014267 0.022973491558952938
228104 -0.0464230716964345
227912 -0.02928923280408246
403681 0.020549738217913914
012932 nan
335986 nan
229784 0.02890029490579734
227903 -0.04598173923134632
404734 nan
013073 nan
228116 -0.050499991224466266
403579 nan
404563 -0.028170474319119634
229694 nan
121520 0.1068451972234817
337039 nan
229076 -0.013625916620140625
336313 nan
120881 -0.012787510670270761
335959 0.07861461493247311
014828 nan
404488 0.08378668394879268
227918 -0.011297467908339309
228023 0.09120727342272561
336856 0.04313969157990956
013145 nan
404773 nan
405649 0.09893702451514187
228965 nan
405910 0.0008487878022370515
335284 0.12233974630870517
404554 -0.007461541444488555
405148 0.015574826449944228
335662 0.08859457696022714
121778 nan
230252 0.09159849435345137
229142 0.03911276253483608
014276 0.022582630963751748
015353 0.026244998883180905
404761 nan
229064 0.04168237085307474
014552 -0.027562126590967986
120935 0.08827880018152079
121100 0.10997726141460358
229166 0.10352946652306451
014846 nan
405616 0.04009355612532802
228524 nan
403876 nan
014621 0.01893216038873363
123065 nan
405868 nan
013139 nan
230186 0.12185435143728104
403903 0.009236400605624199
403987 0.09595153256068154
228473 -0.006848424068717696
229679 0.08531359112451947
335455 -0.019360035467400123
403894 -0.04309029746021199
405880 nan
336877 0.06084885801444977
121493 nan
013157 nan
336022 -0.03509487743656693
336040 0.053986508710941766
404611 0.09119274313487703
228167 0.0762298299279405
403990 0.10262596859503044
404386 0.07281793832434892
228071 0.02855536851512902
015089 0.030394349148664523
336202 0.038256928002163446
335977 0.10184576271703004
122237 nan
336475 nan
120755 -0.029149867657213398
121028 -0.03296535214119156
120818 -0.013878364787369608
228119 -0.047294789901321986
121769 0.11102267674037387
121436 nan
405058 -0.03233441246880426
403606 nan
122753 0.09276960056925576
337459 -0.018782423785327337
336154 0.03460169872909627
122255 nan
013229 nan
335338 0.08793456541798104
405022 nan
336082 0.07652864713517447
121718 0.10396074586444431
121346 0.10889741201249378
121886 -0.036533508965378846
336502 nan
336019 -0.043649840024381326
122786 -0.044313535278226124
228254 0.036203625737404335
336490 nan
229250 0.07136687112754984
122957 nan
229889 0.07483041485648605
227564 nan
122291 nan
014075 nan
013667 nan
121148 0.06301605436537003
015113 -0.03211326886013665
227651 nan
405412 0.10582838613520225
014426 nan
404671 0.10949558177322306
121892 -0.03462412740708713
337909 0.03750638113248221
230192 0.11871518886909284
122849 nan
335563 0.003216442661761156
121367 0.10975267232951123
405844 nan
403831 0.09187918428390746
335983 0.09571659628045621
404638 0.10541676869468083
227768 -0.041551297636642254
229895 0.05811867142824554
121988 0.05590203561280903
337642 0.03217400902162784
229175 -0.035655883099916554
403912 0.0568817693089682
015152 nan
122894 -0.03362237331059493
014432 nan
335401 0.03540346775420759
404608 0.07967019925332915
122399 0.003234570619290468
228434 0.013376659519317779
405814 -0.03603208915488208
015347 0.025563814652659902
228272 0.09556954313426941
122225 nan
120956 0.11887647992088682
014594 -0.03567657325889638
015524 0.03330348534558815
403633 0.06568457966759092
228059 0.07316086167521088
228548 -0.02361129431003863
335581 -0.019893450333327845
014720 -0.029789025055115798
122384 0.08449447935535795
404467 0.09449889506512915
404005 0.028947516005168594
405097 nan
229874 0.0781744364708189
122501 -0.02705866730800747
405241 0.06106333987193362
229073 0.07878324342152429
404290 -0.0174035931085234
405622 0.030207914830335417
335962 0.08517709246528353
337330 nan
405664 0.10466172203185067
229808 0.0057166458838427
336061 0.09937065250270968
335566 0.00026958063303365675
405244 0.08341818655969875
404347 -0.004828567523418757
335599 -0.013244122980986284
121136 0.021383115739533397
335359 0.06072595468484115
405730 -0.014775521135768398
405253 0.023927252444009936
404035 0.0548975942528959
404368 0.014042395478058557
120887 -0.015292838729783733
227561 nan
230123 0.0660469241173109
405283 -0.03529260445782644
336028 -0.021637027007044427
335893 0.0902537227307678
228338 0.06402181808139772
405457 0.014784652341610539
403630 nan
228476 -0.011125347700009645
228866 nan
336010 0.10024813432542105
405388 0.014166986701464412
404725 nan
015560 nan
336328 nan
227717 0.069440277795943
015017 nan
122414 -0.03013799638210297
228779 nan
405016 nan
121604 0.11588564373198011
227906 -0.042391160854694535
404530 0.09389699132489701
228002 0.08495043140420029
335734 0.11355259547157895
404149 0.10047306386384085
229409 0.08515369324457078
228815 nan
405145 0.01640733385842944
335953 0.04859378202702182
404590 0.10657074489290755
405565 0.04527296275688858
229487 -0.01400333273240364
120977 0.09768131485691776
227816 0.12188717806084795
405943 nan
403951 -0.022367528104089637
230177 0.09804270524566266
015041 0.01162376466882292
335968 0.11530377372862802
335665 0.08635165631906247
405052 -0.010691071734016323
336721 -0.036315434703258716
123044 0.083555141138652
120932 0.08781495800724737
120878 0.0014082833306696839
336778 -0.024259521467653873
014942 nan
230117 0.06711342866286571
405859 nan
121787 nan
405013 0.051995271097415335
405820 -0.030194720310806406
336823 0.05646751745189548
122708 nan
337978 -0.03648191475205951
229145 0.05921081493118779
229853 0.06560159648627109
404905 0.08466312431153795
013550 nan
229817 0.019877154134077608
335395 0.054966785104112244
404566 -0.026279280627856283
335500 -0.026084584221179846
229820 0.026406805264299484
337942 -0.004804938980353573
335950 0.02109910741684929
014453 0.020964344106023273
335650 0.09780110253228082
403738 -0.03627926450706218
121184 0.11145436574542333
405358 0.0224031960522687
123116 -0.003477702016183178
121829 0.094108461843106
228788 nan
404137 0.05869948933696188
336898 0.06006395884381942
336760 -0.03837548896407089
120920 0.07472062148745098
335617 0.009188073133331497
228812 nan
229100 -0.03937096273187247
013307 -0.03216959905534119
404911 0.08020648943684089
337945 0.023744111110282445
015254 0.012528659506915082
405577 0.0051126290881444575
229685 0.08286210721131985
120785 0.08652736730950712
014027 nan
405382 0.024467543950156562
335305 0.11377616155715216
229169 0.10373496025327653
405739 -0.031219155522446064
230210 0.11897815409160797
230231 0.1069378284517021
228707 nan
335350 0.10940791768458738
229055 0.02150132975070114
121013 0.049616824519313395
121517 0.10390381838278796
405364 -0.008409235033393745
122876 0.1250221194053183
121175 nan
122825 nan
229112 -0.004844078052839556
229961 0.09863103647572162
121835 0.09872713184595706
228011 0.10246610893774284
403735 -0.035810679906890505
403654 0.05581700150087817
228620 0.11014946788346688
337714 nan
121226 0.08174568509298659
335971 0.1046775671151968
403528 nan
405727 -0.010352211957255367
336772 -0.022096985249398887
013277 nan
404533 0.06537212790483934
229730 0.03339203955635192
228998 0.036203958475190284
337933 -0.03609003940666163
335683 0.05746585516411452
014561 -0.03759578250879891
227579 nan
336454 -0.040702406490056145
228197 0.08805934335819628
335728 0.10380091559376609
404668 nan
336151 0.04645930832405604
336664 -0.007045383363361269
335632 0.06332488741193498
228845 nan
229160 0.10245093655964684
335383 0.07088206637473332
404797 nan
336406 0.05133402192747438
013790 nan
229034 nan
229031 nan
337972 0.12234266447642494
123287 0.11963642968071832
335785 0.029121396553661732
336736 -0.004322527432512041
336199 0.025649708463352867
229769 -0.0005943454608993094
405916 0.03647510116062467
336901 0.060947833329568185
335788 0.049719357359243294
335470 -0.023216438443847735
015404 nan
121289 0.0713072408592445
336253 nan
121736 nan
404482 0.07646612696519303
335596 -0.01257596796157717
120596 nan
336448 -0.03414810610511316
405403 nan
014012 nan
228161 0.07628151364427395
121511 0.10570549460315198
121469 nan
229670 0.08283598933901107
014246 nan
122744 0.09837553572612676
405454 0.015041191201271295
335932 -0.033888353195208325
121823 0.05719475183652078
227759 0.11448448423355344
228530 0.07881959430755131
404353 -0.010465164659292647
405400 -0.06511845768770365
120974 0.09445841216684835
228110 -0.03854767103043814
337333 nan
013496 -0.03277573667667789
336364 nan
122282 nan
122267 nan
336376 0.1067032856075011
337645 0.025013661097395893
404095 0.11225676915002247
228125 -0.04393268783730547
228686 nan
405088 nan
228317 -0.02852459876967633
228674 nan
229796 0.06841291732889003
015509 0.08498028706891556
121802 nan
336388 nan
121325 0.006928352662074716
336628 -0.006634784559918266
405238 -0.01734645188260241
336742 0.033804815001939055
229118 0.022758264564245508
229850 0.10539480845133464
122921 0.12301630275800328
228092 -0.03893109703213473
404602 0.08403055717365791
405718 0.020713722474570834
403984 0.08825772149222237
403534 nan
335308 0.1130576524784956
121283 0.10958333289812483
230234 0.10947527650077074
227963 nan
013130 nan
120926 0.08589016589267814
405370 -0.05265117428693225
228236 -0.018000755972519773
229973 0.05658058537078481
229622 0.05341956591365313
227897 0.10094521411512265
404812 0.021656825428917295
403516 nan
121853 0.1096012121966096
404452 0.03858407616188021
405589 0.11150240771984928
014636 0.017022020541704617
403708 -0.008159610960218642
405949 nan
229007 0.032577518323166
229220 0.07158006152147971
404701 0.12230097049127812
229085 0.0266743249879427
227933 0.05641838418032341
406003 nan
404752 nan
405280 0.11324683068290589
122390 0.058038109824770964
230246 0.09893470393732037
229883 0.08603965168366898
403852 0.011444947076222253
121229 0.0899991429882285
337477 0.054803253733922565
014429 nan
335347 0.10767566463934679
122738 0.10243793013234619
121859 0.10880295435587566
228785 nan
404257 -0.044009359704664235
013766 nan
228512 0.09157651492527552
123110 0.06345306578800558
014393 0.020278417244159352
403870 nan
015482 0.09703180441965303
405514 0.09903498301430352
404767 nan
121274 -0.023874389565771856
121496 0.10465410272911113
014504 nan
405250 0.018240431629160725
403615 nan
122981 nan
122387 0.13090634573073615
120821 -0.01461636674890919
404581 -0.025939026522257966
014423 nan
230195 0.1178919008111885
337531 0.014336344527427075
337522 -0.014153410887722552
405310 nan
228494 0.05641226310158111
014039 nan
122672 nan
121598 0.11005825034074503
404263 -0.03387288139893088
229001 0.02962140623802882
405322 0.1185314399127704
121772 0.11042370871892052
228122 -0.045555582469289174
120728 0.08442683115838065
122918 0.12209639531788809
229163 0.09858448805244267
337897 nan
403942 nan
228227 -0.036244848619156375
336091 0.0833810247825375
228260 0.07352056752169744
227978 -0.032940251516207816
014123 nan
336694 -0.03331982421943462
121712 0.1055098261151995
122426 -0.03107285816312412
335899 0.10425261088779994
015362 0.014086436317080541
120938 0.10760889850984418
229499 -0.031152337276896785
227801 0.06301522434205938
336070 0.011667828960227486
014399 0.019473945410405907
405304 0.02003455918932718
404740 nan
336337 nan
228365 0.09126367928489808
404335 0.01828124315019638
122378 0.11566548848181271
227735 0.08711703315613761
122741 nan
228770 nan
336295 nan
335461 -0.019674673880312275
405055 -0.02218750719622378
337357 nan
229253 0.05309622513170158
015470 0.06561207944753938
336049 0.08035491527433387
120704 nan
121280 0.008743766754392592
228500 0.04852099339730916
121508 nan
404518 0.09927771083892338
405031 0.030243790338909816
123275 0.026945418150967394
335530 -0.01864046362438241
014579 -0.039903588014686166
015467 0.05055589120854776
121445 nan
120959 0.12022954950887692
228356 0.07833493236220362
121145 0.0689503391268392
336637 -0.004966788691252909
228644 nan
405931 nan
405637 -0.04470259069450318
403552 nan
228131 -0.03644899991968902
335434 0.01812247138218758
404158 0.09516677257818576
015497 0.08854377064069771
121613 0.11132697453574529
405163 nan
336727 -0.03570882790431701
120632 nan
335296 0.11005103115051512
335923 0.1011518432980492
403909 0.0449623942645499
014435 nan
120875 -0.009851358134490052
403546 nan
121949 nan
121721 0.10405515236829325
228755 nan
121793 nan
337468 0.03496462185211336
403858 -0.03287693712726752
337951 0.07861748268247795
335287 0.11563528908623591
404896 0.0887082342117552
229652 0.07192732417394244
405199 0.07187819165527505
405355 0.027728875748424572
230243 0.10410974218101098
404362 -0.017572229205773622
404401 0.08711084814929458
336292 nan
337513 0.0958871324226339
336136 0.05448962870614354
015134 nan
229436 nan
336391 0.1008721533275786
405064 -0.046077209346967574
405997 nan
122240 nan
335326 0.10228264196659702
014366 0.10805776888731294
336631 -0.00893054069034637
336718 -0.030764136715260484
013286 nan
336724 -0.03793666954327347
404470 0.01915382063437882
404689 0.11651416171463509
404422 0.10493073347915483
123104 0.07364151635868989
121040 nan
014375 0.07154770540812659
404191 -0.030348982217207065
122798 nan
015368 -0.0015450221773177855
405181 -0.01545245716110669
230138 0.055538173225250974
335545 -0.020451793316699544
228413 0.0008970705313049946
227765 -0.04470566616085873
121754 0.11208914348057337
335314 0.10607681451020418
403930 0.09537946231781491
014954 nan
228830 nan
229613 0.03669661478279463
335374 0.058108679358921354
336568 nan
121607 0.11626953656981591
122381 0.09243787103006486
122534 0.01805463133359437
121166 0.07802210283027124
122261 nan
403888 -0.05148413795545716
403678 -0.045994462026788877
405874 nan
120659 nan
014444 nan
335467 -0.02081671232739242
014294 nan
122804 nan
015563 0.02220999153833541
014540 0.020592960100325325
403645 0.029305348320612833
