335422 -0.0656146855397177
404428 -0.010825547584720008
405418 0.05310309335708027
229733 -0.053365176961994214
229703 0.02218304681238591
335887 -0.05437817806216384
229235 -0.020827909274547876
227873 -0.05882749680124942
337900 -0.013057434487910498
229079 -0.010855482049184302
015299 0.05852560781354281
336145 -0.025146242544062957
228257 -0.04118830308389882
123050 -0.011914219358948833
405907 0.011028251031104764
229202 -0.010265981694901682
404587 -0.059285406685156264
335824 -0.08324140391931095
335323 -0.04544827397419276
015461 -0.08362087672164836
404041 -0.017798686372501368
336190 -0.06374128542082817
335713 -0.03149599769374905
014363 0.06495385573654579
405331 -0.036187173547676886
404650 -0.07610574377563609
337894 -0.009551511521925009
337879 -0.015326681201217916
121562 -0.07955753435323268
405319 0.014783998053993969
014411 -0.013748733416518482
337519 0.011664845581068681
405958 -0.0105951453674095
120812 -0.05331792435169665
228347 -0.035121450927146615
122372 -0.058319255357987244
403864 -0.016832526255905887
120917 -0.02987602685526006
405655 -0.026829334621764764
336841 -0.0480491393940735
229721 0.010446795145002734
229196 -0.014201118046601324
337678 -0.09389122226765753
229340 0.0254670007104506
405292 0.013367461911669872
229631 -0.06264914085242493
228149 -0.017667651148547844
228176 -0.016380499023362187
122795 -0.008879867298162869
405619 -0.0588642992750414
227807 -0.04890679645271194
336499 -0.008028537251804241
120824 -0.08393715182908094
121895 0.001005927483145357
014648 -0.0935490262998141
123101 -0.03441370418708684
405661 -0.02682366316395347
120863 -0.08598908266626802
122912 -0.010158595224756303
405985 -0.0045528701176005505
337921 -0.028128030135841087
405706 0.010164990401763522
336748 -0.034015610059138675
227762 -0.03056217902245357
228536 -0.0921276050460607
405934 -0.003355658023008435
121037 -0.03104349116451074
405994 -0.008247689267926026
405877 0.02162041077780113
014489 0.025716579584495733
404395 -0.01082101402913009
336913 -0.05805792915121174
227867 -0.06956361418508178
121313 -0.056976871380550076
229598 -0.0537222670111464
121889 -0.011017621697048542
014345 -0.023975749532270392
404875 -0.07598808215924574
014495 0.04512139104194275
403906 -0.026053874194937408
014060 0.03029468351836591
228566 -0.08892601114101512
121400 0.02450006679612763
335266 -0.027087466866192504
336862 -0.05122413867758105
014492 0.04447073187834944
403723 -0.020492234533765624
122732 -0.05631395792862759
229106 -0.020244118241303958
123128 -0.07500294952019958
336781 -0.03584912485946298
120692 0.05120694892899659
228065 -0.015675375990286882
015284 0.02938944155684358
229748 -0.08674100441037466
014612 -0.005023635999120848
335992 -0.03792787042334506
335446 -0.05849197132584449
121814 0.02185169760909427
120839 -0.08501477647142176
336553 0.027930197261628653
335926 -0.020116810868833605
228878 -0.025698625666072148
015491 -0.043270503737063794
122792 -0.014032723876054028
405271 0.00463097931942031
230171 -0.006195584206944529
405349 -0.01567816700476385
228578 -0.07852990807734442
336667 -0.08700864888167695
122963 -0.008544457734069266
335737 -0.04039676569543892
403531 -0.02806024225931319
229835 -0.05065485282249542
404239 0.007280268696760705
121205 -0.057225644263960845
122924 -0.00780151979500018
336715 -0.031057246674044716
405376 -0.021787043172126444
404287 -0.0038182476445601655
123020 0.030080591583658736
120689 0.04937349395544806
122756 -0.06735230772279605
228488 -0.049511845543071836
336658 -0.09831007889338901
121085 -0.013451489220095392
227930 -0.011748329568612062
227984 -0.008183662708454062
229601 -0.05616252504822697
229157 -0.004267245192897617
122789 -0.014431586568004952
121529 -0.05565392618330698
123146 nan
336301 0.012029586405646248
404569 -0.0585355628393449
230240 -0.06678540599395157
228332 -0.0352702558843916
337396 -0.030971964989660015
404398 -0.010064262508448276
405160 -0.020832244868552872
228683 -0.0755828690544422
122462 -0.024127647593141465
405811 -0.04032991303401371
405766 -0.02550550646405229
336424 -0.04644352690883413
120815 -0.06888896854567964
228140 -0.020667251325918283
121079 -0.02005892833171126
335674 -0.016895073842607466
404746 0.0405745999608769
120830 -0.08366410422029867
122933 -0.013252729391867684
336343 0.0040457228410103446
229886 -0.07533795492186189
405484 -0.05592456519485974
121643 -0.0652632731071949
227798 -0.04295127315615339
015488 -0.04258458652193584
404788 -0.012900431086342388
230189 0.005344031446097487
228218 -0.03961248510344211
404305 -0.00580113796175862
229712 0.03113902181286258
337504 0.02474899248366213
229661 -0.0890865544724563
337876 -0.017111270074491147
014933 0.05123425127126974
228233 -0.04354785496913527
337366 0.013962206252098569
227819 -0.04871041838920387
336100 -0.07133038440189081
014483 0.02782804527631583
336652 -0.09551605550441897
403525 -0.023580601958337298
229241 -0.012277724372712044
405220 -0.0046219093346504935
015308 0.00947568123995035
122807 -0.0022994042135793414
335506 0.011554328755382853
228200 -0.031426905344113375
404146 -0.04343544915683499
227627 -0.028073685834354118
014477 0.01703268103748203
014381 -0.043486078127735306
014549 0.023912098682791743
123086 -0.02629998315917491
404314 -0.008842619222440866
121784 0.00849884917526231
337369 0.012482139118678553
405871 0.01813606882880534
337711 -0.02131499415772722
405799 -0.05763973835901042
121727 -0.06054258987961474
227900 -0.0550590832210617
405151 -0.024281924275732142
122543 -0.1087286973430214
335956 -0.03825789437174441
405850 0.014251555888180806
403540 -0.030721861920020806
335710 -0.029037190960384877
122417 -0.037426924911383254
405685 0.04985072974438897
229139 0.007391339024750654
229688 -0.009986517974181708
229664 -0.09067823007404599
336043 -0.06408435234117084
405784 -0.057614590921119466
227894 -0.05610335497876963
335860 -0.06056136107335616
335881 -0.05660270035352886
120980 -0.04971791238331787
405076 0.042883046991551696
121460 -0.04776439625256192
228419 -0.048659541620195305
015356 -0.008202512381950699
336838 -0.046777747419277205
404248 0.005620652290611091
014240 0.0504907107927882
012842 0.00447419470694846
229832 -0.06189654953139169
228836 -0.028172895366892277
227711 -0.024890497759316264
230198 0.00874844088708642
228401 -0.03745576143971405
121865 -0.01378251352711724
228437 -0.049982243651342045
229088 -0.010272157923575555
122402 -0.04568505877952812
014534 -0.008166477787862524
404194 -0.012866111171062507
336517 0.0344153271308021
229646 -0.08433144856690958
405499 -0.09758908247504681
014606 0.018490221193242486
336304 0.012636694625381509
405571 -0.06093123263268795
336352 0.027835181068079015
228554 -0.09208929587132203
228980 -0.013790026380107985
335989 -0.048058148392599774
405247 -0.007277471935090466
013133 -0.015104661542902548
122636 -0.005148523370710034
123125 -0.0810786095225459
336916 -0.05604944694930116
405112 0.05051735511460157
228491 -0.05720426232753163
405427 0.012646636448895132
404107 -0.016147765414960272
120749 -0.07305591347146076
013448 -0.06391885577055513
228428 -0.049253341639949495
335398 -0.06609385751874558
337360 0.046268320498899854
228449 -0.025048796197811325
403714 -0.022484930596331318
405274 0.002983823495519495
403672 -0.06594638526528253
336034 -0.048680568576040514
403726 -0.016309974487669576
228659 -0.07996643658412572
228638 -0.07001924758479351
335437 -0.0683782838181438
404599 -0.06890303485187482
403696 0.015027750676027971
404185 -0.025253310566451276
335707 -0.029636182773029072
228605 -0.06599955228873991
228374 -0.03670057720757028
229448 -0.07758121223577182
405613 -0.06516528873139305
337708 -0.018976079566138133
122432 -0.04625415064862384
336298 0.01238764598190817
229574 -0.043726921832172104
335677 -0.017922375987370405
122438 -0.05148862360261302
405040 0.03175418746631515
405667 -0.018804620595661497
336097 -0.07389933323262174
229727 -0.01673202790512875
404647 -0.07746057149024727
337918 -0.023006503800393412
336526 0.04653505015129146
228872 -0.02629724087976197
403975 -0.024860809177359038
121832 0.010748965796205656
121331 -0.05249442093389942
336400 -0.05840642867654412
404899 -0.08085646014764701
121907 -0.014619024278883124
122990 0.022912443839028306
121220 -0.032781770211259005
405772 -0.03477066012480709
405841 0.012558517783909196
228245 -0.040855688604852725
405385 -0.0038844250819529097
123017 0.03830008761947815
227750 -0.0234258580707909
335911 -0.04407456481350709
229040 -0.017794969890192365
228854 -0.030385581697510534
013640 -0.017816007272456507
228008 -0.029234101114140786
404629 -0.08230865117866859
121553 -0.06680063436995201
405853 0.015955142676241915
228014 -0.02997868163983489
404572 -0.05801049555483915
404659 -0.06963615801083232
228983 -0.007648947230064959
228857 -0.030786819027778804
227714 -0.025034443479543173
120806 -0.07141596515004228
014771 0.0011773519415073294
336139 -0.04409190134007973
404887 -0.08155900957064983
228293 -0.04493447865183775
405625 -0.06540842597646881
227891 -0.05326183991772788
121715 -0.06746091684733516
121691 -0.06046274696120141
015317 -0.03318707834017168
014714 -0.015884752011419128
120602 0.03705946941925961
122909 -0.007418492880974027
014807 -0.08749115980671647
120674 0.011849108337474552
122978 0.005816797478268607
405847 0.013839963464865265
405460 -0.015612272319932521
013466 -0.07952933173709448
404536 -0.0276516597189244
335428 -0.079218778770102
228038 -0.03604197665668368
404053 -0.020192318099090723
014072 0.032000128055803
335512 -0.015258230902697406
228842 0.00019808522497372853
121049 -0.034837716243083086
014516 0.05571869053560357
403867 -0.013799779640093475
404644 -0.07804402239593393
337486 -0.017349404142721795
121799 0.020615077199731883
120737 -0.0668471054267631
405679 0.02599879920281091
227975 -0.006190999899339813
015548 0.042000018142829595
123149 -0.032536613373529345
405442 -0.01990332413180177
335419 -0.0684096590540875
227729 -0.022011491053949585
228146 -0.01593442648459861
121817 0.011364770549363511
015464 -0.07554657661750179
014834 -0.04754154765957337
013034 0.04703422324367301
228833 -0.028342155095130682
229802 -0.05659053877709073
015449 -0.052131922499754846
404017 -0.02450401325947782
122678 -0.02039805150708652
404425 -0.013819987994590291
405121 -0.011524724538551884
228863 -0.0292579282935436
121433 -0.013664042883768043
014021 -0.008234688334906835
405883 0.02076782062093
014531 -0.006180707110887199
403981 -0.02375371030688246
403687 -0.01804044183599886
337555 0.008718037839459814
404077 -0.03057233269390282
404284 -0.004946988252927962
403849 -0.030990549227348844
227753 -0.0228094101676825
228989 0.008430968307545163
404458 -0.01030379248304842
337501 0.020698116750763385
403639 -0.010182244771277934
405979 -0.002077656217140728
228017 -0.030352227671608722
014420 0.007172220806086852
337288 0.05561793433295356
404140 -0.03776444467094645
229298 0.032129613444284416
121295 -0.017724515360264613
120647 0.022729354164227337
013739 0.02746345095814275
228029 -0.041784016227242766
015530 -0.02391072738335689
015335 -0.014483160355443338
123092 -0.019754933606659735
227648 -0.033041469688760705
405235 -0.014785957353010899
405592 -0.014462517973053835
335368 -0.0608545913557186
405184 -0.01925709146613461
228239 -0.039832408806026634
228194 -0.023772565086537727
405100 0.056811365649368464
121505 -0.0704918228309441
122690 -0.028147716345095553
122969 -0.0008653518314013953
015521 -0.0111499608982177
229178 -0.011899647480683543
120707 0.004388946375879302
122714 -0.012796479342271632
121601 -0.06628553356443133
405298 -0.00525590250450197
014273 -0.05384452733331866
335257 -0.030820434515595442
404710 -0.03043964704678703
336046 -0.06627668292386328
228089 -0.004589745282986052
229229 -0.024478634095177747
014459 -0.04110867380745477
405259 0.007616620246045218
406000 -0.006805519835164619
335842 -0.07162996091605524
336358 0.022557518676959095
228383 -0.0366756493969415
405832 -0.008601308157519688
122942 -0.015110714017746324
120992 -0.055443221125962366
013190 0.0529541981914056
229595 -0.05342553386999349
121868 -0.01704434298684077
403927 -0.022952423412699326
122735 -0.06520089496483415
121358 -0.05177032102496077
335965 -0.04772812960496844
122816 0.01799793563298959
121805 0.03352483641115578
229004 -0.0014610809998379815
121826 0.0150317326137258
121673 -0.05917315352651485
406006 -0.003801350552699975
229115 -0.011510506159435384
228506 -0.07415633036417436
121700 -0.05767363700642925
336319 0.01291337271231438
013634 0.011931806832944487
404179 -0.029908572087145827
227885 -0.05839919485537409
335770 -0.0773048842336392
120695 0.050010689270539095
228743 -0.02628644410221056
123266 -0.01596365251078479
336853 -0.0518101433924803
404215 -0.012378777423061614
404893 -0.08429583007739538
122540 -0.09857989931519413
121124 -0.015948671074301493
403576 0.001243952208843695
121808 0.03830098922510274
335767 -0.07664024617479617
336442 -0.04449527778763638
336763 -0.013988848808348539
405763 -0.019196810653312264
405187 -0.013714499214354916
120842 -0.08255233761494754
405913 0.001892216322249061
015413 0.0928080296990973
228470 -0.012171440415723538
405535 -0.05237203824123323
405562 -0.07066885086151214
405757 -0.005771796520669146
404440 -0.010091434921838633
335929 -0.013997673256665562
335494 -0.009538206588242512
121109 -0.012591015881049222
228221 -0.04186577592679191
122210 -0.02456214905731262
229199 -0.01544820958591559
336559 0.02663325356279546
336478 -0.015436125596364338
404434 -0.011266885313313763
230147 -0.03805682165338133
121514 -0.06346522836668363
230267 -0.07824536046214624
336535 0.0277350701413675
228851 -0.029686860771306677
405289 0.012821634387355898
404134 -0.032265206446124975
229301 0.030221684661253183
121178 -0.042505256904468124
404230 -0.010834751914355277
120986 -0.06519917629876627
335320 -0.04231738113264031
229187 -0.010858682757455617
123080 -0.02388832529125281
120854 -0.08217242936976582
121361 -0.049540601981008986
122456 -0.04587455778127259
230285 -0.050702147809505806
336382 -0.03798819574866504
228353 -0.0338962445013954
335416 -0.06463046326482601
404881 -0.08178753046864656
336832 -0.039177200203046804
227738 -0.025432237936934596
228344 -0.03519990518190652
405550 -0.07113269372488147
120872 -0.0597495340024164
336514 0.020265437465496163
228407 -0.03901872718754333
405211 -0.0006781302383703388
404809 -0.029914643392029067
123062 -0.015634928294278424
229772 -0.06290131987142637
336493 -0.011644144506050795
121676 -0.06066164637562897
335440 -0.06433101772487938
015479 -0.05010329750169821
121841 -5.93943094295964e-05
227981 -0.00982297043618493
336625 -0.0876419888987219
404722 -0.021478102267414777
228128 -0.01440058484863875
121481 -0.06201938503308805
229892 -0.07723723250155781
405787 -0.06271800721336414
121592 -0.07266225143851565
015398 0.037846790699215684
405007 0.01722167513225113
230222 -0.02342873517753316
120752 -0.07571105990670556
230141 -0.04841731961654131
229634 -0.06509483602640956
336943 -0.04492377514495255
229667 -0.08627784251430479
337042 -0.00019863484397767081
335452 -0.055988255317817384
228416 -0.046544438991920546
404749 0.02378415283741024
228563 -0.08961530077363958
404665 -0.062170411626590955
403996 -0.030626877203475972
228077 -0.006559856572919495
335518 -0.03375801036031816
336289 0.006185020388118805
122762 -0.05836594445985213
336982 -0.061509084436628544
122411 -0.038977201539680956
405397 0.00568655210010933
121154 -0.017365819934864097
012968 -0.08304974389454675
229016 -0.005028847345086031
229052 -0.018824723492912792
120725 -0.05702194587887974
015419 0.10188253733322145
228692 -0.07631209574787966
012944 -0.060666221610002236
405130 0.008728936654150383
228860 -0.029560988152353973
229979 -0.09593889568280296
336334 -0.003333017060833364
337315 -0.020142275051142047
120845 -0.08835681465669468
014507 0.045515537030541404
404359 -0.002768282421800508
229628 -0.06025666506775529
337462 -0.0396995995931911
120665 0.014033149868722948
405700 0.012756644716023138
336973 -0.07738500342220439
014570 0.06689459978926728
336103 -0.06935891387258604
405541 -0.061141270200747666
336610 -0.10189340149685418
228044 -0.027474458457300906
228848 -0.030081140408119524
121217 -0.03323899032655743
228296 -0.042417024993085736
404605 -0.07628807470949128
405736 -0.010947434109519316
229823 -0.06132278159834025
405721 0.004177728078727322
404698 -0.04692082850316436
121862 -0.011712153280874105
121742 -0.04220814723513566
405925 -0.004796230888379007
403561 -0.01208170026935469
403843 -0.030037910472142066
228773 -0.009696580707899798
336889 -0.0542747421805465
228797 -0.02019912907826347
404524 -0.029776363886445417
336865 -0.053577208031324874
335290 -0.050708621187937675
122888 -0.010963324851730242
335719 -0.03271121671214484
335491 -0.007528268091815111
014984 0.048107809882119636
405556 -0.0733776805530485
229589 -0.03865177113239423
336106 -0.06965422016213797
336565 0.0205735124348048
014414 -0.006012781066183717
405964 -0.013335885397052898
406021 -0.0029722531705363665
013118 -0.012982817965879152
121157 -0.020773663814154707
121130 -0.011921758306760375
123023 0.026433288900815984
335485 -0.021334386246100994
404731 -0.019713874579584515
336616 -0.09569190579483543
122885 -0.013792855398995534
405595 -0.016937654829898115
228398 -0.0368916157690259
123002 0.029561788558783945
228806 -0.02284448919923397
404197 -0.010725312970471947
121616 -0.06711533293484229
227756 -0.021183636881841734
336178 -0.061234113384428475
405511 -0.07810135290897284
014765 -0.006815223466782343
228782 -0.011868347576008506
121118 -0.02102708035353858
337969 0.0044737046598096655
121679 -0.060805162078875645
229130 0.017172762472622817
336175 -0.06993451102539677
403648 -0.04934197959610312
335533 -0.03574689265246394
227732 -0.022974324424611017
336112 -0.06909487462378652
014813 -0.0844122947208465
015503 -0.03372132490222581
228827 -0.02998525550972511
121490 -0.07062078601055567
336607 -0.10474251232089549
122705 -0.025302365050199255
227924 -0.02181696605120375
014351 0.002616778995129917
404377 -0.005512878780927818
335623 -0.01610246871867355
405325 -0.01864845007626042
014249 0.09528320476611757
337471 -0.03146242672140238
122999 0.031604424340384345
229799 -0.05499633000159922
335653 -0.01787320883488566
335365 -0.052971183698369846
121499 -0.07130838424440414
335908 -0.04213670922344104
404446 -0.008219833091433891
013523 -0.0976925896643934
228452 -0.02998635365546368
336418 -0.05424118666954817
336886 -0.05554132726906804
120701 0.034063795084217065
405976 -0.00482826028049359
015332 0.0010172050345400357
229262 -0.0013085439113554474
227942 -0.015682995874689232
335605 -0.034492080442575145
336247 -0.020232448123750232
337492 -0.005442163363256528
015512 -0.0014606079969180109
229724 -0.0020213152950499013
123038 0.011073796405605922
120944 -0.026073301638457596
230204 0.0038277795105852975
014297 0.02404659278548084
122453 -0.04932729397993758
335749 -0.0702423468797996
121781 0.006119216613930736
120953 -0.0345078983158101
122972 -0.0018086662915393667
228107 -0.0013073863826894288
121316 -0.0580049002680637
121223 -0.025810709833098106
404092 -0.01603101646992753
336835 -0.04224201155592151
014084 0.010588080284399387
403636 0.006937544546202852
337345 0.05493020632910349
405229 -0.006260013530417801
227957 -0.011547643476237556
404578 -0.06081758431461979
336655 -0.09956958934059379
015476 -0.06077760492532913
228749 -0.023624094705733036
122984 0.015045426902507448
014582 0.059225148859447414
121682 -0.0596031868580476
403669 -0.06792677353038855
015395 0.05638036356558875
335746 -0.06454680971685425
229856 -0.010214074010442288
337348 0.04964894182121028
229997 -0.09606881538179639
337807 -0.025762305184016156
405946 -0.01713024570334772
015311 -0.015584930796152937
014006 -0.02862177328714875
336463 -0.018668149892615265
404500 -0.014352981261176751
335998 -0.04785333992965888
405955 -0.010185587215123732
336634 -0.08526680521005893
337705 -0.018653172033804438
403954 -0.0234401108854112
405034 0.024155502334053138
335317 -0.039642054774574255
123095 -0.01763757602219887
121655 -0.061373163460300646
121931 -0.09658661431847722
405004 0.005399244376009055
227660 -0.027268928017408125
013958 -0.03132613851369914
404311 -0.00833365089875268
335782 -0.08145371776551216
405703 0.012278507717376892
404806 -0.02695579209352645
123071 -0.019360339498825308
122300 0.04366233696959569
120671 0.012452462031727746
336766 -0.015242823549626871
404596 -0.07311483579022543
122444 -0.04933609965802575
403609 0.03800568627932714
228362 -0.0356419887110948
013838 -0.022569285498725042
336931 -0.036864444534614606
123026 0.023452595634139158
121502 -0.07168401015842689
120836 -0.08329163160589007
336331 -0.0015744610335593056
121625 -0.07013310410568534
230249 -0.06995437502875468
405748 0.0005295536701593669
336076 -0.06947481888989264
335803 -0.08767844717210711
120629 0.023668164206594417
120968 -0.025421220158773756
122783 -0.023839848722730365
121061 -0.03572811460107323
122927 -0.008431130509382349
123032 0.01688064610430574
120656 0.01807820375662127
336934 -0.03190080019161859
122966 -0.00453380709288442
403594 0.0026659453251871136
335560 -0.011507139199625243
337336 -0.023363220786291456
403549 -0.02118636340487237
015440 0.0021750049742441315
013148 -0.013998368648765091
229049 -0.01830314180247777
403993 -0.02618994388976611
404302 -0.0055187513919546915
014795 -0.008776006244477774
337864 -0.014881659511313277
335866 -0.06366556599513064
336970 -0.07518162196074316
123296 -0.06654915991862109
405481 -0.04589308535133802
121796 0.017253176250500026
121685 -0.06004843125707684
336001 -0.04487608150498906
014630 -0.06955036711236987
336793 -0.048847317420616355
122906 -0.00914248108524764
122204 -0.02110375301305191
335635 -0.028257523483642667
014369 0.07004664634596182
336925 -0.04490914820455585
404278 -0.0016167258159793887
337927 -0.025524379265925743
403741 -0.004885762008708421
335278 -0.05172498748400354
405175 -0.019856774330975376
122246 0.004684950901949199
405601 -0.035788218017088966
120893 -0.04252013107099723
403957 -0.02614343010586256
123098 -0.024560719039164434
229421 -0.11313894509694568
121073 -0.02904497628193511
121706 -0.05821835641507749
121142 -0.012855061358391172
122408 -0.042575515674688404
405085 0.043635818224229725
123299 0.04688157208527692
227888 -0.05367394045606707
405361 0.025301980162983878
337450 -0.056014163543734626
014498 0.04309106093672376
228203 -0.033163556034557944
229649 -0.08609308138385031
015341 -0.017902522784134876
337465 -0.0399700304200667
121925 -0.06100571021831854
121064 -0.034836764961080166
336880 -0.05227007660778033
404056 -0.023814672724918204
404170 -0.033532879742244684
404203 -0.011525924442613926
404521 -0.02363658272224828
122828 0.057949206203826605
013517 -0.10829283847945982
336271 -0.01657179556195698
015485 -0.04295608959500752
014360 0.038169593191989884
228152 -0.017501107649074248
403522 -0.019521578244628416
121214 -0.0352394393118106
013364 0.001869882953132999
335449 -0.05744674841032793
120770 -0.07338927727810463
013154 -0.011173199628286317
337633 -0.08841774397718791
013151 -0.012307889430553881
014003 -0.027813406356799054
336622 -0.09123596828824607
121820 0.01555166030290488
405424 0.03075232265712668
337867 -0.016397697219428905
336976 -0.06776474636097125
405367 -0.010371864677042793
404038 -0.01842903779745237
404188 -0.021155047340156035
335647 -0.015029899819687862
337804 -0.0264461708176974
336013 -0.03929774023049331
229592 -0.0461058007751733
015410 0.0925445334568646
404815 -0.02664679805857335
335839 -0.07575064583885646
229625 -0.06208440852585871
122318 0.05377736296983906
229583 -0.03586791164144941
403753 -0.012836556846745952
404560 -0.05225658986481583
335464 -0.05549753369700304
404089 -0.01632712091753396
228275 -0.044620449308436866
122882 -0.011331480965802264
013415 -0.018036626514732278
405838 0.007798015186405009
405328 -0.028596997737243307
404878 -0.08027047702727468
014513 0.05936974390560944
122447 -0.05125718813899823
335311 -0.03970096344682398
404431 -0.011814944952774105
121112 -0.014985066519070877
230165 -0.013350721641413531
336157 -0.03286844599087609
404695 -0.05533063636635834
121790 0.013160507654153716
228311 -0.04770096203889097
403558 -0.012293578846144057
403891 -0.02876095126970187
336646 -0.0961659133028822
404266 -0.0009458240038555733
336649 -0.09713754862882504
337591 -0.06732033565380979
335578 -0.02162475316869262
228458 -0.009626975181447292
404392 -0.009592388743402982
335554 -0.008073260816734849
405673 -0.0038950585554934592
122687 -0.026535247815748435
404275 -0.001130446935985821
228689 -0.0738481518903287
336193 -0.06702442003102811
405136 -0.054582122652144995
335740 -0.0487559914149665
335731 -0.024858832802119094
405517 -0.06772078957560415
228080 -0.00449281568793436
337822 -0.025694048173423373
404020 -0.02407799837103733
228869 -0.027124174549466088
229010 -0.0038378498801330254
336799 -0.04554451063064244
121343 -0.0416021490791205
120998 -0.05221707801187558
121649 -0.06393898149485426
121004 -0.04718393025347382
122813 0.010085404800523699
335830 -0.08233693044404593
121115 -0.017982197318073084
015143 nan
229184 -0.010143490792089354
404113 -0.017789282695057387
121760 -0.02016778096709918
405967 -0.010842373619372824
122822 0.0409932782710001
120635 0.025751355508127818
230207 0.002663571542913022
013247 -0.0020318772935647563
335356 -0.026555052499895513
121478 -0.05726524757960487
336115 -0.06849763394193009
121730 -0.06346802847658425
337483 -0.021194076744201772
013388 0.011181658840684032
123029 0.01818827544216589
227960 -0.012679573582866475
122435 -0.05259977012972831
230288 -0.04041621884190045
121535 -0.0541549229873219
230156 -0.02744301608874141
013454 -0.07077506310002017
336037 -0.05051712789509678
405208 0.0024093707014702726
403873 -0.015033584978330914
404680 -0.055239615219844315
122366 -0.04619421656169588
122420 -0.040988504996639454
230282 -0.05496102401854172
121088 -0.016191946793606547
015542 0.018638586153768653
404296 -0.005881911035625226
336871 -0.05620548458031115
227909 -0.0544645165076573
405775 -0.043803985384519364
123272 -0.03561786019268834
229763 -0.07308081720589156
228284 -0.04510687727377337
228305 -0.04619386498681392
122483 0.03189039035539722
228935 -0.017144424325740627
337324 -0.021893087814338467
336007 -0.04474460858742287
122375 -0.0545653935186762
015407 0.061064583205041434
015551 0.04531923078355335
121337 -0.04869916397741257
121871 -0.01919756541176448
015278 0.023978911741556
337447 -0.05291583445165065
229637 -0.06785240456068403
335764 -0.0770906091689968
228569 -0.0879874111122041
405886 0.019322418201324756
229805 -0.05731945456849878
336130 -0.055047915139412644
405823 -0.028297628096871853
230078 -0.09159584176144732
335845 -0.06950993744674869
404212 -0.012615760259397696
121916 -0.0779663718499593
014054 0.032590429012090874
228053 -0.024957116077816678
405379 -0.016136903785599222
405652 -0.027140501967955553
121172 -0.0435907386598133
403717 -0.023353635878746497
336730 -0.02582982148589833
229037 -0.015642728111779188
336961 -0.04850042968879253
336826 -0.027019114062041306
403660 -0.06347964230430236
227882 -0.0531300730053364
012887 -0.011574831967631342
405028 0.02001207912378523
013610 0.02644814565518726
228440 -0.04408964711355748
228086 -0.007085322116723507
229028 -0.014285265682174557
228932 -0.01576264392455112
120860 -0.08525513744503492
403588 0.005281163220362388
404293 -0.00393034637107437
335686 -0.023416088425928763
228188 -0.02455158779562599
336121 -0.06090236967293555
121928 -0.08162889941028817
229043 -0.019860508262561975
121745 -0.03794871387335382
228185 -0.02621199227029598
404497 -0.01272486213780226
228113 -0.0036771117899136647
404479 -0.012968225131219608
404407 -0.01153314423241087
121763 -0.01842011167048567
121211 -0.03906098217863453
122696 -0.029302791361407045
014234 0.044684125365985816
228302 -0.044603642594498456
404365 -0.0050360503333494976
227849 -0.07530211223173272
405523 -0.0632967273989569
121322 -0.056838169090804594
335995 -0.040167633857836955
337840 -0.014162768098644743
404959 0.017507113752857087
121664 -0.061545777756273796
015380 0.028511078978972457
403924 -0.0235639948096222
405670 -0.01415951729939883
229709 0.017075085555855348
122243 0.0006536135636060998
121547 -0.06357473532590979
337888 -0.013016431547242415
230237 -0.0636501985365428
015392 0.03848898616912954
336094 -0.0754560449019052
405544 -0.06718120791086002
403621 0.034674130517220195
228533 -0.09133465318084133
228719 -0.007476102605698601
404317 -0.013031612831451966
013121 -0.013450114827452998
405778 -0.046672125551152355
336064 -0.06781707918208067
404755 0.004641338905514938
014939 0.04779322241979932
336325 0.004472006082500072
405793 -0.06300716800082079
336922 -0.05288251343558994
120929 -0.02626942725688176
229127 0.01652789841965776
335281 -0.052793142430723194
121232 -0.013983017194928856
120962 -0.042943608695527345
229691 -0.008476607604946819
337861 -0.014056164247018324
229904 -0.08044968424010403
227654 -0.031370622771126885
403999 -0.030200787456690505
013085 -0.005745758455266398
403642 -0.026276275405177366
120743 -0.07110801180858752
228392 -0.034633835163752014
404161 -0.04187552535895981
336487 -0.014591837824660123
123293 -0.006836798306595015
336484 -0.014497035873585005
335425 -0.06788230904941091
403585 0.0012075203508027268
405067 0.038433105975547166
404782 0.0008403769819251387
228035 -0.04175330241633054
404653 -0.07592724377630765
336142 -0.03576092958363651
121076 -0.02484242199888737
403513 -0.019523897167462508
405751 -0.0024546190929492498
122951 -0.014674534077426896
404632 -0.07880036288468294
227987 -0.012705936888607458
336940 -0.04084956555831869
014015 -0.02402177722220643
121484 -0.06452681495620681
228395 -0.03505085424439348
228389 -0.03559245707871944
230129 -0.0675978260903555
228497 -0.06475198495440807
335503 -0.01161224246685159
336385 -0.04550458651412004
403666 -0.06564107158496599
336346 0.011812686782457943
335275 -0.0492970318307274
122297 0.04723707626930095
404242 0.006299056460542907
122996 0.03253911643055483
404491 -0.007718825540974531
014501 0.04425273148384831
229046 -0.021359391465302996
229643 -0.07818917706335857
228680 -0.07653343713448808
404044 -0.020735833866000156
227831 -0.06102285550083268
404719 -0.013041814335008893
014030 0.0267058571889287
335473 -0.05199554309918955
405286 0.0008824965755701296
121448 -0.042521075233409526
014252 0.07689158435986967
403966 -0.027015965782283317
335905 -0.041616678134828486
014468 -0.019182881567566226
404176 -0.030917892313739107
227588 -0.024025706465912875
013331 -0.0633029702777287
121034 -0.031430840549588265
014600 0.041182033541444285
014537 -0.007865901657948956
336808 -0.02599529454843116
336895 -0.06557068145366322
014915 -0.10714414990137493
336571 0.015380059029107784
015329 -0.000853017177740184
404791 -0.015258029655173973
121235 -0.014186581128522696
405340 -0.03277766679122447
336868 -0.05528000313660623
014591 0.05722971986354785
335896 -0.04762024444826594
335539 -0.019626877570480747
121052 -0.03523116463196957
120662 0.01708051312267105
229742 -0.08426655323646458
405166 -0.01887242753892086
229103 -0.022817116040191113
121556 -0.06864961442493256
227972 -0.007404359091734126
404464 -0.010165263565516178
336562 0.024293467377046265
405559 -0.07519204075596914
404776 0.006674807155042012
335836 -0.07872150649746959
405586 -0.03478371368536017
335269 -0.03259152243862222
404674 -0.059764900459171544
228173 -0.01604817931236666
014519 0.042119586092922184
337882 -0.01497893306319871
120653 0.01905656004848215
336805 -0.0285960649938306
122639 -0.04613728311965217
013898 -0.021832269335549975
405316 0.03342274842760953
336133 -0.05344528717442541
015446 -0.0373691997920402
336544 0.03922503478884683
013196 0.08038485617864699
336316 0.011731547119659187
337855 -0.011886376498801126
120896 -0.040204522826779415
122288 0.05108948767804604
120620 0.017555784894331173
227864 -0.0693729635667283
335974 -0.054963593350889635
405691 0.03186471307811522
120677 0.011346246515001568
337966 0.005253412165848905
335572 -0.025790275348875524
337528 0.0040460901604138216
337000 -0.11124395945715526
404218 -0.010103342224167453
404080 -0.03258931208500183
121250 -0.0132720989292626
404413 -0.012045516562332628
406018 -0.0037597161569089114
228542 -0.09297096520650179
335389 -0.07428846371954967
228881 -0.02331179149567135
404713 -0.026549562255249654
015566 0.06447830711754908
120905 -0.03962944568400164
015416 0.09768157865667239
121901 -0.005778239527432503
404245 0.004711195451008344
405196 0.007277935588126002
405505 -0.09280687011249596
403978 -0.02339233542569397
335821 -0.08456988306765606
404626 -0.08041206045514705
336550 0.04090133848644439
012863 0.07047386476774524
014618 -0.014741784585390058
336187 -0.06080311432140138
121025 -0.03837424908798679
014270 -0.055860156182927515
122711 -0.020909519188391956
121169 -0.03913505881599255
228068 -0.013757306537825068
230039 -0.09146250732768248
405658 -0.03009246172040285
405439 -0.020119774509179074
228725 -0.01882094269998199
228455 -0.019170249173118076
405394 0.004864994011830115
229868 -0.04587071068919072
405808 -0.0460267712248017
229781 -0.05161477983877336
227783 -0.04088888853315323
335848 -0.06432266011197342
014486 0.023763883415015785
403570 -0.004069501081730578
014237 0.044799283826871525
403945 -0.015928007256413523
015371 0.00636552218268465
337903 -0.02168939005690837
227852 -0.076729710186077
229787 -0.05205668623641552
228818 -0.030071999936822864
405205 0.00233058042946592
405856 0.01452523375803323
121307 -0.05184392529810628
405037 0.029439033847356952
336349 0.020188483440129665
405094 0.0488521625088477
403750 -0.008377482646764939
336163 -0.014101046410486118
404323 -0.01595229108768937
405451 -0.010734310002854115
122423 -0.04481807772260704
123122 -0.07933799835465709
013661 -0.1003697893703959
121067 -0.0343962332676766
123089 -0.032229001387889256
405061 0.04333632280268268
014456 -0.046424735459772444
405115 0.019947461727775687
228992 0.008044032033424957
404065 -0.028599178802945373
228224 -0.045181374178366644
013160 -0.005228758933396222
228809 -0.026551687477075814
335431 -0.07643261800896371
335716 -0.03072663820153304
014009 -0.0301388511685994
336745 -0.03421094923105229
336784 -0.03966460151308749
229013 -0.007018827142111827
014858 -0.04335355632519596
405103 0.07208061527476677
335272 -0.0424370084716707
229154 -0.00585114906141535
012950 -0.06316652184440975
336283 -0.002948221138545445
335689 -0.023112301199136348
405709 0.006761104805755366
336451 -0.032892869025941886
014261 -0.033867597344863186
121286 -0.00881180761352418
337312 -0.018725050621064582
336166 -0.013313450589381829
405430 -0.005487897140248219
121472 -0.05456046177596643
230120 -0.08301156547365736
229700 0.007942095824140322
228263 -0.0426905949827146
403855 -0.02436662515645903
405448 -0.017130982599121845
015077 -0.05042948535983525
337453 -0.05328800156174972
228752 -0.022414628761463298
229244 -0.01118694890475442
229484 -0.11197644232813161
014999 0.05982589097532495
229406 -0.001235580023844615
014690 0.0041864546908050035
335758 -0.07326046449935303
121538 -0.05642513318713487
228074 -0.00927396769526424
403573 0.0002556491878458638
228740 -0.02594519750846633
404002 -0.03050415906476173
336829 -0.02829218272890122
121544 -0.06045118222275626
403732 -0.010431876967823694
405628 -0.06406114821940653
335791 -0.08329797931366403
228005 -0.028474398926020054
230279 -0.059837990136005215
336985 -0.04933732865578055
230174 -0.0025951908288899483
405580 -0.04754366891191022
228572 -0.08480777946779744
228368 -0.036174691006507324
015500 -0.04275860156267961
229217 -0.0025235038990763354
123056 -0.006227608663182862
120719 -0.05083922587593358
404371 -0.005533076685834675
405781 -0.05474531500162237
122945 -0.013042764346455299
404884 -0.08174265409062569
405091 0.04840037985155878
015296 0.043104330786150176
404707 -0.027249411560474335
336643 -0.0910688560705107
228287 -0.046736732870014855
014036 0.03983528089248694
403564 -0.008912159107666838
123107 -0.05406809578982126
405217 -0.009388018664262051
227861 -0.07351319197280409
228794 -0.022352152441681625
015536 0.009198758042888878
122273 0.046335350135444486
405313 0.03807322617338647
405895 0.00913314163310391
228665 -0.07967518386752924
336496 -0.01233391126783281
335377 -0.07976476401045232
404254 0.004738629410472464
121652 -0.06295339902242025
405769 -0.03430974611460326
120827 -0.08737233767620657
228425 -0.04997762541278156
335620 -0.019393831870764874
121043 -0.03297017948007843
404662 -0.06597815456393159
228341 -0.03416923654479382
335524 -0.03406581119876467
404281 -0.0007473566099593868
405682 0.043927451331903816
228824 -0.02998952753343577
230201 0.006833701970411266
121913 -0.06790214796703328
015377 0.04059206920659157
123230 0.03585255146026611
337975 0.003474993903859287
405802 -0.0562393325453847
228581 -0.07644884104125632
336574 0.012131127912679864
337321 -0.0214588678545422
405961 -0.010219995910093694
121583 -0.0773970341097569
014018 -0.014399051524343946
336439 -0.03843359614231947
121304 -0.04083711405595143
336859 -0.051943547354902024
228545 -0.09264462437050786
404326 -0.014433724133596445
013040 0.008135937833636595
405529 -0.060036037667671606
403651 -0.060361932321305115
122993 0.030706082273028915
122276 0.04886346402041762
230126 -0.06362239154737327
121301 -0.03262037483823082
336184 -0.05316205688193815
404167 -0.03680084452525509
335815 -0.08696654801646238
335722 -0.029176947458326656
336733 -0.03125179964235225
336370 -0.03300129038724356
013679 -0.06716015077644143
336421 -0.045810776286655
229133 0.015239070588720333
121565 -0.08702139726810502
335587 -0.01973184574052765
229811 -0.05947650675915416
403600 0.004252840987864595
405733 -0.013352847830912293
404110 -0.01738488510345008
404350 -0.0077388820435931585
404011 -0.025263600196317085
335854 -0.06384167337964242
335557 -0.011227322248408974
122936 -0.013383820275349458
335548 -0.013021715439554415
015323 -0.019532706523387098
405988 -0.00530926276705025
403744 -0.0008637316208967716
120683 0.009137034464716958
403879 -0.015926270749028654
405724 0.0006633682150488685
337729 -0.02493528843722746
121193 -0.050543326739999374
121622 -0.06970383074818824
123041 0.00437834017856378
229619 -0.05697027101569301
404341 -0.015272834290915603
337663 -0.08950346010621242
228137 -0.025483808735873015
014879 -0.07306991462354306
405760 -0.0066566664487614485
335884 -0.055721457232007464
227813 -0.021504218696702458
121640 -0.06772065491542974
227780 -0.044787667603276585
121766 -0.016174206455044454
336373 -0.03524573397182097
336964 -0.058105933317917816
336004 -0.045741842732726794
121070 -0.03228022732207032
121430 -0.0007618406761061073
121466 -0.05224774783162132
014372 0.0409771013609219
120617 0.01466258708659136
404206 -0.012414779775516338
337339 0.013148196490233237
121748 -0.03862719929271138
014471 -0.008835518381162508
228179 -0.014188633522340812
335329 -0.04168500790841961
121022 -0.03993886259674838
405835 0.0013312871528040526
228515 -0.07241165130012372
405715 0.004586167198688847
121838 0.0029642907638191673
227951 -0.01352620604651449
120668 0.010829182671369354
121139 -0.011205643614398462
013205 0.005255423403575693
336709 -0.05050415155667658
015374 0.025437251113874487
121007 -0.04676037159287843
121247 -0.01650707712660501
013955 -0.028811936577161152
015473 -0.06704400178809232
405493 -0.08518096655929511
230012 -0.09793911154450824
122960 -0.00989156155166749
122294 0.048964569445300005
404062 -0.03063582566088545
336031 -0.0491919750080636
404269 -0.0017565653910243757
403969 -0.026635875799698006
337621 -0.018996320486352723
336556 0.026379363494964517
123317 0.05042255382509008
405073 0.04153038863848922
014633 -0.08554300688663306
228446 -0.034150931805132734
228611 -0.07065662666173933
336415 -0.051428639889883075
015515 -0.010375585574693176
121454 -0.046647696200007215
403786 -0.02438981958991082
014987 0.04832618772885677
229793 -0.053477827544430256
230075 -0.08971068744926256
336757 -0.024099272539124448
121688 -0.0603373510579227
404443 -0.008795452134957565
404683 -0.055199803807951524
014450 -0.059100632181542066
335698 -0.027918589846497362
405391 0.0021529984722127023
121619 -0.06813455977435896
227747 -0.024155962591636305
227744 -0.025385890110039416
123035 0.009431765319178347
122480 0.03505643572538426
228920 -0.016199707789178355
122252 0.014722569421634309
229214 0.0018032878420993213
122867 0.038848970437806746
335392 -0.06857554787764697
122285 0.048115719946759984
405169 -0.019309549039882416
227921 -0.023362778859646504
335752 -0.07254679769690235
404872 -0.07526814712802583
337444 -0.046601012037717555
013844 -0.022874019448719328
015383 0.050596243087227245
404593 -0.07090413250183739
403729 -0.012342598853546851
230162 -0.01732873917814978
120680 0.010052191538225775
405268 0.0067461295431393425
337507 0.02823718613814559
229757 -0.08245487330762506
336169 -0.031341274184057355
120989 -0.06002315235001764
228728 -0.02071753391559269
123008 0.03532537771513767
120899 -0.04242920703747492
014462 -0.038872782515470314
227945 -0.016012112444624704
228191 -0.024665069555491834
335701 -0.03012959735909688
013328 -0.02000496899586439
014528 -0.0006053300234617732
013520 -0.09138174379601247
228485 -0.04672639499541809
404737 -0.009785280637390944
229778 -0.05602761308834244
122987 0.01648579765338282
012938 -0.06322642938849107
120995 -0.05539882200612517
120716 -0.04631026265616842
121202 -0.0526852822356557
122264 0.03980465076665637
403918 -0.022074491775093852
404032 -0.01895473396445678
014738 0.030761900582461303
121094 -0.023863516012480462
229760 -0.07742425348077503
336172 -0.07124536274180357
121340 -0.0454922943518906
228995 0.009979188827680603
404221 -0.01127008872107854
014096 0.03759375284262985
337516 0.016300617726997747
335833 -0.07934758030307404
122891 -0.00956497818171471
121241 -0.011506554184239494
120809 -0.05304296162663675
229439 -0.09210836118648924
337264 -0.11026495783620777
405634 -0.057754890291524516
228821 -0.029133296404077087
014567 0.05384829520979142
336127 -0.052158972025913505
228248 -0.03895476622726722
228050 -0.02382717636298423
405817 -0.03516216761592997
014543 0.01003964264275026
404014 -0.02521834829352112
229844 -0.02254646492705897
122486 0.02822943904212829
121298 -0.021938494501964733
405178 -0.02166901350002581
405415 0.04485476126117804
122258 0.03175597334645591
015365 -0.003406844265010727
229109 -0.019795300540592017
405919 -0.008749399772702794
336523 0.041735659769880085
405490 -0.07725546049829958
229898 -0.07685289084007763
337954 -0.014416588701938514
229337 0.02810584801248807
404143 -0.04299497490039807
229841 -0.029728077354365855
404251 0.005506888506382644
336472 -0.016541867993399045
015281 0.02063886677493848
120911 -0.03642488480261593
228884 -0.02526982301818488
015545 0.02893764865658586
229616 -0.06079916400034735
336520 0.05061947991247891
404623 -0.08139440667331896
404116 -0.020119758375868133
123068 -0.015559627331192273
336217 -0.10455086944449661
406012 -0.00412021674178555
337936 -0.039936084001449844
405829 -0.01763536743921253
336181 -0.05426744565732573
121244 -0.007193210180739905
228251 -0.04040408186858521
403921 -0.022148759456989176
120731 -0.06468635253065066
229697 0.008784040793580247
336907 -0.058523174932630956
403915 -0.022941421131105703
120638 0.02564427550989929
403771 -0.017225238980786164
121658 -0.05994518900674485
228164 -0.01593200844716281
121421 0.004689588444095049
122354 -0.016005893464023244
121355 -0.05433875916455462
121724 -0.06030813830304123
337351 0.04212167200217405
403963 -0.026181667653177868
404641 -0.07829837884633109
335626 -0.012833704097039118
405295 0.0008395887067734002
229814 -0.057667828208769326
120851 -0.08511258004814065
336058 -0.06668283384072655
013124 -0.013257283710298082
121097 -0.02411807629818395
337891 -0.0134346052316791
229745 -0.08781053967383938
120710 -0.014530898480243526
404356 -0.0021517819622125824
015443 -0.020519741651896472
405463 -0.017290887478212676
229562 -0.07234075494763603
121016 -0.04030639648482153
229025 -0.012101578473511098
121634 -0.06851451515205323
015029 0.055883785747538044
405277 0.0005153755512636085
335608 -0.030152263686865435
404182 -0.02613957941106976
404758 -0.003944435800824848
120626 0.02321206155131879
229259 -0.008949641957761163
335611 -0.029603106516066322
123074 -0.005499834344510741
336307 0.01484928675225907
014867 -0.04425190507419525
335869 -0.06275840848132223
229847 -0.023153394558765153
014417 -0.0005621451234060616
120734 -0.06420195807751143
120941 -0.024815340318084547
121670 -0.059591904463983304
121898 0.0032912555845670374
405631 -0.058250553272784895
405508 -0.08414892686978036
405019 0.011211937849962043
121694 -0.06041692818269541
228926 -0.016282006467460957
228269 -0.044122256711730756
404233 -0.009487197020744402
228746 -0.025235175979319503
229148 -0.002356048684184677
404575 -0.05567971237135299
121541 -0.05695533635814568
227789 -0.0441416079890306
228041 -0.031122569136973057
121661 -0.06168373404540797
229121 0.004125487617286444
228209 -0.033903293855995505
229082 -0.01064770847720713
404083 -0.027570030619285032
228212 -0.034718528386452396
336256 -0.02221784200617876
229739 -0.07478274251685861
336703 -0.05099316147900133
335542 -0.019327448836181958
123053 -0.01024099703188296
229442 -0.0882091888348216
015305 0.050205320900023304
121628 -0.07007499224063457
404119 -0.021943923358052442
405898 0.00980985985749817
014465 -0.023586237618759612
405142 -0.03881261269361732
404131 -0.029650000562075927
230276 -0.06482058135634032
120746 -0.06880273894658165
405202 0.0040699542385674485
336280 -0.0027066411050023107
014708 0.008396718340346651
120713 -0.036300465269500884
015425 0.08055357435663271
121475 -0.05404940520578425
122879 -0.00979757528732378
335341 -0.030501557722643798
121910 -0.021247540281735228
122279 0.04613484281921723
337930 -0.028236868572823797
403948 -0.022080931770287946
014264 -0.060880790285542746
230066 -0.09070903947065163
121850 -0.001063611062189664
403705 -0.012870497319674986
228155 -0.014894274084599222
121922 -0.08416597603490113
229226 0.00034078045355391155
335695 -0.02588295175070469
404320 -0.014189038259721306
015344 -0.02481577967673568
405547 -0.0703486726651155
405157 -0.022866740650548112
335659 -0.018403996435070444
404617 -0.0816599959675458
228182 -0.02362109206810138
121709 -0.060667860623143145
335527 -0.035939877034005974
014675 -0.015424150263979322
337525 0.007582922727457729
404485 -0.014155836703108292
405133 -0.053819856631062014
405553 -0.07340233855777316
230213 -0.005326036701109184
121637 -0.06774090820502336
123227 -0.06600191550595419
228095 -0.0007768668522271745
335938 -0.02682282679368391
014255 0.039695859593859385
121571 -0.078870893699195
121463 -0.05010303160932041
120740 -0.06481568669224834
405256 0.0036609720659684214
229829 -0.06191052860514918
336148 -0.02541016546413924
405433 -0.015902155780068258
227582 -0.024074382878958234
230255 -0.050814398784067585
228143 -0.016305792282666612
405232 -0.01163534028051629
015275 0.02359272792815169
014576 0.08421887681712434
403624 0.0341680459120441
122831 0.06245888595919618
014597 0.05005438110596399
336067 -0.06767853120046055
228320 -0.04183576049518095
337456 -0.0557546804541056
228668 -0.07859256233908302
122369 -0.0522200751642156
121610 -0.06479245853960199
404410 -0.014082764908962469
405502 -0.09768741524297427
405070 0.0399588769075101
404989 -0.1131906611187313
335386 -0.0745949383162282
336661 -0.0867070187793294
336529 0.0345710416899317
336754 -0.03112064434594754
404023 -0.02919135111318973
337885 -0.012082930541092574
337924 -0.028813552298196012
403882 -0.018595076489443217
122834 0.060542834233321435
337387 -0.006296698530203661
403933 -0.02132897242800834
227558 -0.030473772432438276
013238 -0.0034524662910945837
405991 -0.004058312288037052
335656 -0.019579888727637013
405928 -0.005161611311976394
229706 0.03186418687876103
228230 -0.04408056113016769
335872 -0.057803525171402456
228662 -0.07793730495429402
015539 0.018702837861614464
227804 -0.05017178564518826
336466 -0.01911803266452428
337309 -0.01773147178547723
336769 -0.016788621040739787
228431 -0.053923929124984664
015401 0.05316573573512032
121751 -0.036655002793183955
405109 0.07276319454531528
404389 -0.010912085842454454
228404 -0.03984986283290303
229271 0.002006405034813722
404068 -0.029723977675576767
121856 -0.00519363920867179
229775 -0.05749597289465148
335404 -0.06543033141692724
404863 -0.07864230683165806
336412 -0.049532043729847895
228509 -0.08454000697564827
014525 0.009996878472543005
405889 0.016064759949961354
230264 -0.06265816530152533
335806 -0.08932933128957991
121733 -0.06152865857187622
014138 0.02289112590259786
015326 -0.013571250951025661
336850 -0.050553033318533204
336937 -0.03863788557097135
336712 -0.03852692452822027
335878 -0.05752037859539845
228359 -0.036541000965732574
405982 -0.001749060545508004
404101 -0.014841055393672059
335476 -0.04817206115997626
120950 -0.031759557577711824
015110 -0.10966815508117236
122495 0.00750907391795078
122450 -0.053498069101253806
121877 -0.022551084072070487
227855 -0.07422131627561554
336085 -0.07256923001151926
336613 -0.09956515718619637
228677 -0.07711909477462633
405904 0.00827782255001169
404260 0.0007806670180674192
336928 -0.04009976899878341
120857 -0.08347025422586335
121133 -0.015156220220312282
120644 0.022579611827017686
014378 -0.01984726314349149
405043 0.03082794379459666
405805 -0.05032555173807427
404551 -0.04657733029450645
122669 -0.024825948417384756
404338 -0.019002696553255875
335890 -0.05316863598032802
336430 -0.04111574823053215
121526 -0.05637341577830249
335353 -0.015739462688081705
014522 0.02335735558726276
405688 0.043110538311994705
229307 0.028293001905860815
336979 -0.06290293216705323
403720 -0.021213689035212636
229877 -0.07100145295955895
121319 -0.05640966241808752
015527 -0.024194010833398307
013142 -0.01506937372621405
404419 -0.011914537491675637
229736 -0.06755448950713396
228215 -0.037836765373197384
335293 -0.050166760526281606
404173 -0.031758153030614376
123005 0.03047243999524487
014810 -0.09264104801511007
120641 0.025152374464197016
336310 0.012431208096413947
403675 -0.06085866221089027
121550 -0.06478182571635316
121844 0.0026692910193662172
336787 -0.04428542172403395
337480 -0.021106461159715525
229091 -0.00791294101277399
335818 -0.0854557730697093
335332 -0.04237580714117816
229838 -0.03780947949246394
014558 0.04401813157618215
404098 -0.015881194820133573
228737 -0.02226564158691579
405796 -0.06067776387321987
336796 -0.047838171956483794
230270 -0.07357133153345964
229658 -0.09056678486264187
123221 -0.0990934439388581
405106 0.08087528876344909
122396 -0.04776264269802649
228482 -0.04091067414195885
336055 -0.06622091677415287
405952 -0.01760465053708151
405922 -0.007768121372627866
403537 -0.03129619984905982
335413 -0.06287623284355043
227870 -0.0720272997917213
121181 -0.044182484965438674
229571 -0.050956661445427674
228557 -0.0914217398208333
120848 -0.08682330714743083
403567 -0.007088054888872588
121646 -0.06432528468962294
228560 -0.09086070091644977
405436 -0.017765065164122584
014447 -0.05704111610821606
121190 -0.04723456776938468
404071 -0.028851657345292877
014243 0.06812899751107587
335761 -0.07275754356980477
120965 -0.027352055895423135
405520 -0.06443939884865116
014078 0.024777050101207412
121532 -0.054612124691564574
015302 0.0778347668653903
335302 -0.041182886035034505
012935 -0.06381753271964379
336073 -0.06934451502847877
122336 0.05053165020595315
228758 -0.0173220622382507
230060 -0.09116587214999729
227858 -0.07700767986511063
335797 -0.08856183880366546
120890 -0.043444403785931986
404677 -0.056459825542976995
121271 -0.012658135517072374
405172 -0.018164098059469072
121580 -0.07649215896314979
404614 -0.08091722804612794
122819 0.029996476625854862
121187 -0.04302353845230441
229151 -0.0037803061974576307
335509 0.010872636203834942
337873 -0.012694266377663124
336946 -0.05195331080899996
228977 -0.02703169299091071
120623 0.023139126374889817
405865 0.017494987286247057
335920 -0.032594052312425494
405697 0.01741337807259416
121574 -0.07844244421624694
015428 0.06586199710597725
230132 -0.06316483616478509
122702 -0.024890579532587546
404155 -0.04461753282494026
335380 -0.07853203735293894
337540 0.009853000654531749
403603 0.0017017468431365854
404227 -0.012083964961299628
404506 -0.014466964512641685
014285 0.009652246164266395
229208 -0.004431934531098988
405694 0.021567558095965503
337327 -0.02197588911342452
404383 -0.007088029871502454
404029 -0.023555828686506283
122810 0.0005941753895171429
405574 -0.056001939367406314
336532 0.03448867332553789
228101 -0.001227223681837982
014480 0.02181565773528415
405970 -0.007049029371926691
227723 -0.020879238934195087
403960 -0.024279394788531805
121196 -0.05113031804488838
336394 -0.051657763613375964
335497 -0.009845624130869668
337939 -0.04706188722971885
336538 0.04024567226200526
337495 0.011395747061226487
405406 0.01894159870918351
404557 -0.04875366298318107
228056 -0.021112788696678316
336619 -0.09529954578488341
121160 -0.02513161762808068
121874 -0.01958404810419766
229655 -0.08965143334973698
122681 -0.022266255700576797
229751 -0.08927703694023895
121904 -0.02098499410034919
230030 -0.09407006032167203
336802 -0.04207594309629432
405193 0.0015825907412166508
405583 -0.04265058789826047
404704 -0.03348510812178044
336817 -0.025633914281368613
403597 0.0022719424340960285
014354 0.022262075680814182
227726 -0.024153889264286604
122675 -0.020150978390763446
121001 -0.04847566615446199
336820 -0.02508535011925573
230159 -0.02106801896814316
015437 0.016594724752465075
228158 -0.01529608327834894
336025 -0.047652745221786454
230018 -0.09742928161295746
228020 -0.028430915686408893
335641 -0.016585493641226464
335947 -0.03416140817715498
120866 -0.08625365895957156
015389 0.04484864173742829
015518 -0.0035196943943435247
121457 -0.046216812362770546
123077 -0.011104811356821856
336910 -0.05699531179576189
122249 0.008976826420458604
121334 -0.050838519781230114
335362 -0.04395240139066421
404476 -0.00992170701738088
228281 -0.045888313679918594
335569 -0.022053269585387975
337963 0.003056747687993419
012857 0.058562256758762435
336904 -0.06286269920111073
335776 -0.08133354122231679
228527 -0.0896794903547244
336445 -0.03374305673862406
405223 -0.008554898101923336
405079 0.04319393983026561
404128 -0.027876888327403978
120884 -0.043990907750880895
336814 -0.02680053144872659
229238 -0.019524774414664103
122780 -0.03842803161493655
336226 -0.10622052788000722
013418 -0.030659536833033373
336874 -0.05562882153095885
121277 -0.009815966628556301
228800 -0.02180540468616471
227555 -0.030254720766529686
122759 -0.05653017920717583
405421 0.04776959075826669
122747 -0.06624417724117401
230273 -0.06710306835911825
337651 -0.0886468837207178
014555 0.039293414418878105
336460 -0.028928169272865734
229586 -0.04424922818006699
336367 -0.032897384161636595
404794 -0.018795898742176
405139 -0.044303305575068425
228323 -0.040012457503608836
121697 -0.05947056925096951
228308 -0.04592569857950788
228380 -0.03549403159724029
015455 -0.07868047560471818
121031 -0.03451564402829786
405025 0.02088094480496497
121310 -0.055341317429994666
404074 -0.031745021751371304
228551 -0.09230874516533354
014033 0.03156253433489537
228764 -0.01405305561592641
405049 0.0364838040663764
405334 -0.036649962389157055
228776 -0.01150843153085541
014627 -0.026809792067444972
337846 -0.006658080463757031
229880 -0.07427092014431859
337441 -0.04253526758149932
013115 -0.015251397455810873
228083 -0.001746886632745226
121121 -0.02018161361746484
405643 -0.04384334004690435
230153 -0.03117404922890729
015320 -0.025369584338116497
229901 -0.07908832891579944
337363 0.02819044640669106
121379 0.027212760658239653
014441 -0.019312174745308337
121568 -0.08077617080431483
405307 0.013418571679829915
013994 -0.029703741846711727
405646 -0.050192378263112986
335914 -0.0427442009353718
336790 -0.046554759237996866
404515 -0.01898154525009461
121010 -0.04404719881521933
335941 -0.029962371198287943
228047 -0.025088099953534098
405214 -0.0005382689403278453
337837 -0.01703598743183062
403657 -0.06522979656712458
404512 -0.015615119889107743
013127 -0.013870346750946607
335458 -0.05397199864099388
122666 -0.027637151704318283
403582 0.0037108582267296724
335671 -0.018415760661865586
229205 -0.004100580173543974
229223 -0.0029509156691359946
228761 -0.014884802131766092
336109 -0.07328726506963068
228299 -0.04089926378076399
230135 -0.05594290680043379
335410 -0.06053970291646555
404461 -0.007830458180963168
403618 0.03626216147005854
229067 -0.02196221613816787
014309 -0.0583261766761699
122405 -0.04392239320755725
014603 0.028937511930411764
015434 0.029615806786892067
336379 -0.032606656743671504
336355 0.03529119577177167
403897 -0.029209262841538172
335857 -0.0594467376131455
336436 -0.04602289000573556
405346 -0.021213624560950408
122207 -0.022522234648623796
227552 -0.029088618438767304
405127 -0.0011025184431019033
012878 0.03146523337572914
335614 -0.031283580760719805
120971 -0.026890558083129183
336481 -0.016015699154751043
122684 -0.024874337207353544
123284 -0.016051870829884022
228329 -0.03322436512225481
123059 -0.01096983041573168
229610 -0.0573852983443301
337318 -0.021026177633376344
404059 -0.027499407366976716
121082 -0.015462703046068692
337489 -0.011437591004176089
405472 -0.028150406087920948
405352 -0.00555773907679688
228734 -0.02156593457837546
227999 -0.023636452661591575
229070 -0.019826265566993847
230150 -0.036053039589182864
404716 -0.025397271132916434
229715 0.034540281668516
337354 0.04573508613129966
228521 -0.08933946611179035
122900 -0.006511348215857327
403939 -0.015755531002604774
229232 -0.021929112569762186
120698 0.0434666298102401
121880 -0.01963712524236185
405607 -0.06384678422443689
230168 -0.009852235707138559
122693 -0.029594262151063797
336508 0.009259708712272932
120923 -0.02319279472791631
227927 -0.01852353331297454
014615 -0.01621179879458626
335644 -0.014217819817023204
228371 -0.037060257826159244
227996 -0.015591649103018813
228791 -0.022629466952470242
336751 -0.03309916117484566
406024 -0.0039002196613970135
404770 0.00492527297712213
121106 -0.01894354054983874
335773 -0.07858053390444611
335344 -0.019480883020651405
014357 0.023764762998958817
228335 -0.0348047280372193
335680 -0.019612289265059986
404332 -0.019496539535039468
122441 -0.04829459588004561
014891 -0.06374936034439734
404299 -0.004900073956698573
336427 -0.03816958346553722
336409 -0.04806337536225692
015359 -0.005935640627396975
122954 -0.012395242999370835
228410 -0.04014625181085531
122897 -0.010926425389048405
122147 0.018703098250352303
336844 -0.05005015443740332
227822 -0.06605632019211165
336511 0.013605327833266486
337498 0.018069613349426587
228266 -0.041902520198987346
335488 -0.01189249338685373
404902 -0.08269990681488865
403807 -0.02592657751420231
404209 -0.01302046030201715
336238 -0.018841152342538987
121103 -0.024180811501263527
123113 -0.07097857524452848
229580 -0.043274231831110635
229982 -0.09819242211786618
228479 -0.03013202984884073
405124 0.0016530259192410687
336457 -0.031104809942421856
336670 -0.09226024941429674
228326 -0.036516007773100975
336403 -0.059329748751742836
227846 -0.0744817125805267
335602 -0.03223187383461807
405598 -0.0251053525105835
405940 -0.0107629142670965
404743 0.04440698382707508
335482 -0.025942453056501703
404122 -0.02356329525062406
403543 -0.027561877618345994
336547 0.0317641846474759
121349 -0.05828065275715887
121586 -0.07790044767666707
337960 0.0017647796194555365
404374 -0.00730119725536093
335851 -0.05907107970465428
121577 -0.07894986270879487
229193 -0.011720143326972491
229094 -0.010907935227309247
404635 -0.07994472558390672
229607 -0.061510353614084474
405343 -0.027064322759841917
403612 0.03455944395786953
123014 0.035651210579261086
015293 0.044677209018697
015338 -0.007523228036371225
336118 -0.06364661844301296
404329 -0.017372391513415745
227876 -0.05459775602450224
404686 -0.05417499699801567
122576 nan
404779 0.00492174655411109
121757 -0.02311202480976284
015452 -0.06811633904774983
227570 -0.02770013120162409
230219 -0.016485306271048928
404908 -0.08113662665956235
227993 -0.013587430593281784
121046 -0.035358690489614326
014789 -0.008043237716432602
229766 -0.07287845913389279
013439 -0.03557531463289723
014609 0.0002093365719112613
122915 -0.00916666247870383
121589 -0.07511286633459434
122459 -0.035286370207186266
229577 -0.036096369477855404
014564 0.024698496895699498
227708 -0.027334245309742555
335692 -0.025617659685209026
122948 -0.014908887999398367
405610 -0.06274193107346752
403684 -0.025529924688326863
229190 -0.011230754101642896
121370 -0.032350710460117886
336892 -0.059885353430119345
122930 -0.009824787515918422
406015 -0.0024097549167501568
335521 -0.031018817231132024
227939 -0.012343379203988569
228377 -0.03649317714497749
229256 -0.003904232680854577
404800 -0.027087034270876928
335260 -0.02950124546069334
335575 -0.02560760651082093
229019 -0.007201412057898554
405526 -0.06116973114665268
121391 0.026234926407792965
227828 -0.0661198025297596
405538 -0.054600537810180566
121058 -0.03537940021573481
121352 -0.055028701640764434
227948 -0.016884400947177483
404404 -0.01242332414591413
227645 -0.03145324904228373
015431 0.04983561777052223
227684 -0.024915339413890878
228290 -0.046220821782108
227966 -0.011816872209118298
227720 -0.02355543881370908
404224 -0.012763967830633008
013310 -0.08346612028039473
404437 -0.009751939179234491
121151 -0.019642990205362913
335536 -0.02827625321053353
230183 -0.002652619631827571
227969 -0.008648137922172342
228518 -0.08854306114386329
336079 -0.07240870953671717
228032 -0.041845578183512686
337681 -0.08771116972084284
335755 -0.0744134677227768
014267 -0.06682250465573242
228104 -0.001610332817030319
227912 -0.047239427415888074
403681 -0.03404453537525421
012932 -0.06348364659374066
335986 -0.052678513828326064
229784 -0.05198063227070154
227903 -0.054186560816708064
404734 -0.021659477005139437
013073 nan
228116 -0.00554940232208797
403579 0.0014200545013266274
404563 -0.055099792028349165
229694 -0.0043977262141107745
121520 -0.05950031565076992
337039 nan
229076 -0.012222130785190308
336313 0.011691393893959564
120881 -0.045798001623658276
335959 -0.04170661354053598
014828 -0.05184714945535811
404488 -0.014047267291866708
227918 -0.028307885561270694
228023 -0.031208512735787064
336856 -0.054048324658841594
013145 -0.016149704978153153
404773 0.003623387889256554
405649 -0.026140414449279465
228965 -0.024485109896256182
405910 0.005744424781385678
335284 -0.05329250020461461
404554 -0.04845030572821312
405148 -0.02514730494362967
335662 -0.021735921968155155
121778 -0.002559577313122538
230252 -0.06880185096226041
229142 0.0021686413806470185
014276 -0.045019506328074776
015353 -0.0228586670820137
404761 -0.0030369966662362347
229064 -0.01886082321133856
014552 0.031034592884902252
120935 -0.021062789344833698
121100 -0.02395380932621826
229166 -0.004533206175214906
014846 -0.045347844166730454
405616 -0.058914329883596295
228524 -0.08962729201200233
403876 -0.013609268669168225
014621 -0.019230585730019012
123065 -0.01937393429542988
405868 0.018582202730366787
013139 -0.013997862448650965
230186 0.0017079868914074655
403903 -0.029002262712653746
403987 -0.02697987940143519
228473 -0.020396321118023385
229679 -0.10208992901452696
335455 -0.05327646780563151
403894 -0.028729692658501383
405880 0.021577118535521172
336877 -0.053760801853990986
121493 -0.07145010370110709
013157 -0.008518544291301576
336022 -0.0439360457349892
336040 -0.05842880953308604
404611 -0.07891034552618578
228167 -0.016538781856120285
403990 -0.02822731930511808
404386 -0.011069156704825334
228071 -0.01059514938712147
015089 -0.10795090737796964
336202 -0.07159168739777862
335977 -0.05464379077389626
122237 -0.007514486856849196
336475 -0.015368049461690203
120755 -0.0772806699825223
121028 -0.037158811894953674
120818 -0.08136404726333812
228119 -0.004484365576962882
121769 -0.012126805442340542
121436 -0.01944876766573048
405058 0.03755852156215243
403606 0.03336824801194463
122753 -0.06691430693580991
337459 -0.0483198459744975
336154 -0.02165230287459529
122255 0.022214765974696106
013229 -1.413992984465689e-05
335338 -0.037398072292757004
405022 0.009853181142267478
336082 -0.07214618042672706
121718 -0.06827050844828286
121346 -0.05290504767088436
121886 -0.010806995576637108
336502 -0.005087836870642029
336019 -0.045419655843264496
122786 -0.020024021113083122
228254 -0.04142236167734319
336490 -0.013306942886658131
229250 -0.00782991552326034
122957 -0.013382382489058835
229889 -0.07617639312274242
227564 -0.030706643533879932
122291 0.049781498801327116
014075 0.029148330574943905
013667 0.04650930871468522
121148 -0.01260424977342662
015113 -0.11097373449402931
227651 -0.0319088069508693
405412 0.03037424230224654
014426 0.027541655798338147
404671 -0.0624793922254853
121892 -0.006861716163124965
337909 -0.024396946894473772
230192 0.00797671024678577
122849 0.05548751300428791
335563 -0.01656059791163099
121367 -0.04267112636960156
405844 0.014888193748834795
403831 -0.03268543000308892
335983 -0.05406985263001907
404638 -0.07899843836199427
227768 -0.03768400543899503
229895 -0.0793715091595223
121988 -0.07449826810443431
337642 -0.09204425740284054
229175 -0.01074459223873264
403912 -0.019995420920458053
015152 nan
122894 -0.010263428641131339
014432 0.05043626348617196
335401 -0.06255231722084272
404608 -0.0786629029746847
122399 -0.047665631655452526
228434 -0.051500192933006055
405814 -0.041710624347297026
015347 -0.021215775967184918
228272 -0.04479124788774385
122225 -0.029245251377536814
120956 -0.037121253203692035
014594 0.06379917375411388
015524 -0.021985398173242108
403633 0.015545330887131219
228059 -0.019849658542691297
228548 -0.09233295986069352
335581 -0.020824207328859458
014720 -0.038621597714735306
122384 -0.05358509710607112
404467 -0.013658795833807488
404005 -0.024249417002229195
405097 0.049514841510008734
229874 -0.06728282892546221
122501 -0.019482771044547608
405241 -0.01541647029364202
229073 -0.020353474959559827
404290 -0.004455339524283445
405622 -0.0598832115601979
335962 -0.04616828733030642
337330 -0.02214321728773738
405664 -0.01961728255869502
229808 -0.05625060004619021
336061 -0.0665983734937303
335566 -0.017870893936729092
405244 -0.012782286755110972
404347 -0.008171275298724072
335599 -0.031750960766708414
121136 -0.012316719906061056
335359 -0.036488898971407537
405730 -0.005732955698025632
405253 -0.0006117664647751989
404035 -0.015684487227797448
404368 -0.0034696782646498237
120887 -0.041035803763762764
227561 -0.029298623387403487
230123 -0.0720743885506428
405283 0.0008931314787638103
336028 -0.04928153025421326
335893 -0.05129321581130516
228338 -0.035982699110594
405457 -0.01287408456767142
403630 0.020888659615186187
228476 -0.024698044735914058
228866 -0.028577679949823152
336010 -0.0458504632226933
405388 5.2484362132835906e-05
404725 -0.021090632079124632
015560 0.06830417914828037
336328 0.0015578188754301668
227717 -0.02339361807064546
015017 -0.029175266783802604
122414 -0.038248661043698895
228779 -0.010089711187027398
405016 0.018119703367273643
121604 -0.0651482136442411
227906 -0.05436957527575184
404530 -0.033234708404987566
228002 -0.023836580324112164
335734 -0.032495822938215894
404149 -0.044823289277962634
229409 -0.03847264424751145
228815 -0.03001684914687247
405145 -0.03626563593193337
335953 -0.0354214110927827
404590 -0.07015367203810598
405565 -0.06616758117861447
229487 -0.10968161034117596
120977 -0.04108504710038976
227816 -0.03661865229586548
405943 -0.016376311876436043
403951 -0.023608360462907114
230177 -0.004406954861167585
015041 -0.009321895478263734
335968 -0.05033375555718747
335665 -0.02164592603564324
405052 0.04079820316587794
336721 -0.024179409192702263
123044 -0.00496792662029665
120932 -0.021324943654501143
120878 -0.04722064403119211
336778 -0.03154439284912028
014942 0.035162534543145774
230117 -0.07824751676571359
405859 0.015010325873662102
121787 0.013758493708770166
405013 0.011008645883705015
405820 -0.029595172977042183
336823 -0.02739595011177775
122708 -0.015949624676059405
337978 0.009991318671429744
229145 0.0009495328219458735
229853 -0.010516703907101976
404905 -0.08321364954581428
013550 -0.0012011847588540806
229817 -0.06203298062443779
335395 -0.07067727061018113
404566 -0.057982812547101345
335500 -0.008986907460375107
229820 -0.0601721462130352
337942 -0.048031926842108455
335950 -0.036456935778824584
014453 -0.05152443838782617
335650 -0.017234014990807595
403738 -0.006099324597143045
121184 -0.04301944283127405
405358 0.016039877584382602
123116 -0.07347303803059763
121829 0.016637728278815638
228788 -0.022104267902937135
404137 -0.03594886209651872
336898 -0.06643824053154467
336760 -0.020131811328136007
120920 -0.02838726490868777
335617 -0.024649648523764667
228812 -0.02912861881910541
229100 -0.019706291164043804
013307 -0.07776695657271315
404911 -0.08202569204007906
337945 -0.044699551653208325
015254 -0.030427144793342444
405577 -0.052208674165198726
229685 -0.09818674734417521
120785 -0.06833256157739799
014027 0.016296517873649517
405382 -0.00735039115627877
335305 -0.040928995898445265
229169 -0.005144166895328633
405739 -0.012419045703503228
230210 3.8598423025482996e-05
230231 -0.04673087341366928
228707 -0.008182023324074144
335350 -0.013155332810718436
229055 -0.018434883401366682
121013 -0.043110541558287946
121517 -0.061894089322795796
405364 0.003576473763652035
122876 -0.002534479138130186
121175 -0.0445624249157329
122825 0.05166820408826206
229112 -0.017088889890440866
229961 -0.09201853966512599
121835 0.008548615960130028
228011 -0.02839638651543904
403735 -0.005922153352408461
403654 -0.06350753017123169
228620 -0.06953533627587613
337714 -0.02123531557264782
121226 -0.02235406389325099
335971 -0.05405702315639871
403528 -0.02688462399135736
405727 -0.01854834288201647
336772 -0.02387493807433565
013277 -0.003272189034356011
404533 -0.027928784524613167
229730 -0.03813704641910211
228998 0.006766227869695174
337933 -0.04027836408005052
335683 -0.0200281646042902
014561 0.04349622563966377
227579 -0.02393176153478839
336454 -0.03629383643468221
228197 -0.02814208762184604
335728 -0.028716711080609806
404668 -0.062485041913589855
336151 -0.02038971177369944
336664 -0.08649479599826058
335632 -0.02272028906301893
228845 -0.029165176003620556
229160 -0.004000397534247736
335383 -0.07719428316364443
404797 -0.0230107672851962
336406 -0.0566717730716644
013790 0.06472164297860766
229034 -0.01649701515716493
229031 -0.011483803167506277
337972 0.004533451163846352
123287 0.018098259393088362
335785 -0.0808364767077144
336736 -0.03167769838196094
336199 -0.07449642551497498
229769 -0.07056447311484336
405916 -0.0015315357394894646
336901 -0.06095635653880798
335788 -0.08244487150938735
335470 -0.05346658175840323
015404 0.07170831188275104
121289 -0.014372061521221556
336253 -0.020133723415006795
121736 -0.0413145597785358
404482 -0.011185518674463995
335596 -0.032169908303212674
120596 0.04563907976537591
336448 -0.03645774108609037
405403 0.01654989319896267
014012 -0.030518347420561715
228161 -0.015522967298364658
121511 -0.06718882410243558
121469 -0.05420744492820405
229670 -0.09431713895342399
014246 0.0896377465375038
122744 -0.07073152012202892
405454 -0.011250590059475835
335932 -0.020569226423787557
121823 0.01151105356977451
227759 -0.023118844256384736
228530 -0.09074954284028304
404353 -0.0021740980879289195
405400 0.010362432855029888
120974 -0.03573993783257078
228110 -0.003666632045558509
337333 -0.02195912301176488
013496 -0.00208580685770097
336364 -0.02562663587330534
122282 0.047100769941020866
122267 0.04516132272005815
336376 -0.03483524574540375
337645 -0.09157946724113944
404095 -0.01596235705371188
228125 -0.01092077237141876
228686 -0.07397565124408594
405088 0.04460125946136843
228317 -0.044634957073145416
228674 -0.07979941682711594
229796 -0.05506147465856781
015509 -0.008280758202857523
121802 0.027536764997064176
336388 -0.04457504852484852
121325 -0.05603842964511524
336628 -0.0743604146298908
405238 -0.01781541857262969
336742 -0.03622150086501569
229118 -0.001158329101886302
229850 -0.01931929578775356
122921 -0.006568547745567708
228092 9.463953362058484e-05
404602 -0.07058076642585849
405718 0.01124615868971713
403984 -0.023447014228014578
403534 -0.030090078721932898
335308 -0.040810022092619705
121283 -0.007079867333872347
230234 -0.058000879816796025
227963 -0.011527656190563427
013130 -0.014311675382659303
120926 -0.022662932462084794
405370 -0.019037556441633664
228236 -0.04134779798927201
229973 -0.09378163395181503
229622 -0.06075871165273825
227897 -0.05451914857304285
404812 -0.02859618566474136
403516 -0.01913388097486347
121853 -0.003012671276014675
404452 -0.006898905460635438
405589 -0.025863502501125086
014636 -0.09509965994642702
403708 -0.019052272772242362
405949 -0.018517671509621355
229007 -0.004375173832788255
229220 -0.001890862245347622
404701 -0.032009643241065665
229085 -0.011020300345352623
227933 -0.004277304423884461
406003 -0.0037389839676488117
404752 0.010932670037637284
405280 -0.0005689139778866092
122390 -0.05084690860560492
230246 -0.06950314242407672
229883 -0.07618023253255689
403852 -0.02551763647584935
121229 -0.014972682157425785
337477 -0.025597256766935195
014429 0.03119495012211918
335347 -0.013489379462434826
122738 -0.07125864153528881
121859 -0.009318092565134986
228785 -0.016656469991625605
404257 0.0023879653033051715
013766 0.056966472555089874
228512 -0.08649686769062744
123110 -0.06541795675465137
014393 -0.07665846062625617
403870 -0.01371066331099062
015482 -0.05083827442593044
405514 -0.07133479898599836
404767 0.0015766667220875078
121274 -0.014059643287962845
121496 -0.07087319066935908
014504 0.045658492013197605
405250 -0.00030323627986035784
403615 0.0369024367117881
122981 0.009990813183406043
122387 -0.051163526354436294
120821 -0.08200382219778525
404581 -0.06194566074179828
014423 0.017959368598512437
230195 0.009480503606616616
337531 0.0009410897718707539
337522 0.006232434016796495
405310 0.02187683279552157
228494 -0.06094642388729163
014039 0.0424428034310389
122672 -0.020447103839088147
121598 -0.06711730165494334
404263 -0.0018273280518696533
229001 0.003914682828995654
405322 -0.0044945727517365155
121772 -0.005886789182641438
228122 -0.008954816908081
120728 -0.06230609047980536
122918 -0.008276444999921962
229163 -0.006163332434157932
337897 -0.011195428208317926
403942 -0.01506613015328917
228227 -0.04593686529333848
336091 -0.07486525616496341
228260 -0.04187663968252994
227978 -0.00655893291345304
014123 0.017563383024292008
336694 -0.0671899290311904
121712 -0.06339260045993717
122426 -0.044022146445927605
335899 -0.044872331599331065
015362 0.0035335611387186465
120938 -0.022619244001036487
229499 -0.1059135944737942
227801 -0.045493278061763454
336070 -0.06894079724247014
014399 -0.0763039875840208
405304 0.0054128555045828315
404740 0.02413282923063807
336337 -0.0018756223304137955
228365 -0.03418458456019461
404335 -0.02094012102880678
122378 -0.05505353943607546
227735 -0.023087075715863794
122741 -0.06935667120225249
228770 -0.008356379453467315
336295 0.011151781454659164
335461 -0.05452243050881926
405055 0.03930958708577866
337357 0.043816628291999206
229253 -0.01015866341230856
015470 -0.0667725744007178
336049 -0.06609096622880922
120704 0.02002776497999262
121280 -0.012500450295817483
228500 -0.06933720981943245
121508 -0.06899086356793763
404518 -0.020236171697543052
405031 0.022448996630052655
123275 0.036812506497852386
335530 -0.038096879804960015
014579 0.07516999228755533
015467 -0.07488500164781743
121445 -0.03586067850627596
120959 -0.039489058431738326
228356 -0.0358123597238231
121145 -0.014187208820739042
336637 -0.08957705360938374
228644 -0.07274319691235778
405931 -0.0008750806252161663
405637 -0.05213468340039357
403552 -0.019187592291166896
228131 -0.02191156376065799
335434 -0.07536280839889145
404158 -0.04219912976693235
015497 -0.03869854956139339
121613 -0.065503785119925
405163 -0.020290435280237346
336727 -0.028387209612063306
120632 0.023308390939422694
335296 -0.04601505205489861
335923 -0.02232011225921157
403909 -0.020903145696019556
014435 0.07201849443755026
120875 -0.0440339614614748
403546 -0.025147689619047408
121949 -0.02608154606356612
121721 -0.06955016327913477
228755 -0.01995105727189252
121793 0.017132920245765387
337468 -0.03621121185228876
403858 -0.025609331579912107
337951 -0.03007799662253282
335287 -0.05035390281215692
404896 -0.08177213373737274
229652 -0.09077274286873127
405199 0.004202061184782106
405355 -0.0011856567992805248
230243 -0.068290029369289
404362 -0.00414036467087179
404401 -0.013160931044425011
336292 0.012499469537918511
337513 0.01491092739404592
336136 -0.046902216369138876
015134 nan
229436 -0.10036035478068243
336391 -0.05096932958870653
405064 0.04123396264076092
405997 -0.0077866357977506165
122240 -0.004759557148808482
335326 -0.04228987265704613
014366 0.0779975122106446
336631 -0.08041976379801984
336718 -0.020305227000281256
013286 -0.07879197287869144
336724 -0.02808691453954172
404470 -0.011702891753424895
404689 -0.055939747203303684
404422 -0.012882778189718
123104 -0.046835277465476575
121040 -0.03018259345427726
014375 0.012994922877509812
404191 -0.020957701238803028
122798 -0.007068532666602692
015368 0.025528999601261745
405181 -0.021581781010407756
230138 -0.051521253529049106
335545 -0.015532480898463675
228413 -0.04179736745329911
227765 -0.03649261609893272
121754 -0.028199035069299123
335314 -0.03647790667703304
403930 -0.022694123733369778
014954 0.03552317539651691
228830 -0.02907486700989396
229613 -0.062035426963153555
335374 -0.0735618498855167
336568 0.01855125664644758
121607 -0.06421718735842279
122381 -0.054625988575187204
122534 -0.09150819657558691
121166 -0.033874465075259985
122261 0.0358722860361507
403888 -0.027374790578512363
403678 -0.05039145581139013
405874 0.020344921518430453
120659 0.018294877406449347
014444 -0.05250357489361277
335467 -0.05449077227389771
014294 0.027989308184902025
122804 -0.003870061438048567
015563 0.07567026648256515
014540 0.0017770385479182061
403645 -0.040263851564923514
