335422 -0.006176705775024484
404428 -0.05067486735877151
405418 -0.01289062475225106
229733 0.01964363789955488
229703 0.033518366788578155
335887 -0.005898276638580138
229235 0.02645547502939013
227873 -0.012280408934359149
337900 0.0077505520467553365
229079 -0.009941854448934355
015299 0.05719224849633075
336145 -0.0190655497708847
228257 -0.048311280764938645
123050 -0.03371006277370686
405907 -0.017287116055287623
229202 -0.015620185445493739
404587 -0.02393727397467012
335824 -0.01845400664877636
335323 -0.016946742381509776
015461 0.006276879582025684
404041 -0.036747949369584525
336190 -0.009582482147087878
335713 -0.041121011268356794
014363 0.04611809879269033
405331 -0.02077289991484487
404650 -0.024982398550575772
337894 0.007637044341741449
337879 0.010229933193982852
121562 -0.034543361573938336
405319 -0.02164698266793811
014411 0.0027384483871828536
337519 -0.024750112497410624
405958 0.020399637716637956
120812 -0.027778340009302873
228347 -0.04794824415865912
122372 -0.01983482580176126
403864 -0.00545430142948272
120917 -0.011588065946731873
405655 -0.01363181448190856
336841 -0.02279344216532589
229721 0.017263395016113806
229196 -0.017685662988905514
337678 -0.01294940924389601
229340 0.05561383883158365
405292 -0.04223530385059508
229631 -0.0018428478963477383
228149 -0.020407268901400245
228176 -0.032348032844637706
122795 0.003160012913626636
405619 -0.02515658312477484
227807 -0.004747704297554594
336499 0.012435603394079462
120824 -0.014166041026039728
121895 0.009495306153352758
014648 0.010160357093944602
123101 -0.014943830374270507
405661 -0.014110267631792002
120863 -0.014417670474215757
122912 -0.023024588545657095
405985 0.016030800590394856
337921 0.019226496477160307
405706 -0.02597862000169718
336748 0.001571128948383448
227762 0.007009567483704764
228536 -0.018049798402543348
405934 0.008823776340308167
121037 -0.023191740591559037
405994 0.018653850215738593
405877 -0.03820403208372746
014489 0.02422343776104519
404395 -0.043099913111992745
336913 -0.009007667905253633
227867 -0.016843271787357863
121313 -0.043689380675126274
229598 0.010044184563651916
121889 -0.0035002244718419675
014345 -0.009072109208164874
404875 -0.02739834468920561
014495 0.04020152447295147
403906 -0.0018075992846615107
014060 -0.03278451719778024
228566 -0.02285296134847812
121400 -0.036135963852984024
335266 -0.043551145507395514
336862 -0.017861082559204707
014492 0.03921315254415097
403723 -0.00597684656064783
122732 -0.042912918990679144
229106 -0.01575263887017715
123128 -0.014227755602462824
336781 -0.034559807186143376
120692 -0.012844870152134074
228065 -0.034177409137067155
015284 0.013199100881684111
229748 0.014949989559542689
014612 0.023976760665591304
335992 -0.025980905277658752
335446 -0.012775168638412153
121814 -0.026223981195913675
120839 -0.015216494523356912
336553 0.017304450490862346
335926 -0.015492060670691858
228878 0.0042408695141536445
015491 -0.010337707213997108
122792 0.00388988286139612
405271 -0.048594296250806704
230171 -0.01701004565547182
405349 -0.028758242949384664
228578 -0.03901111884914597
336667 0.0012110259934624333
122963 -0.011552101159687557
335737 -0.0308073380098619
403531 -0.00920936690436469
229835 -0.0338170751357605
404239 -0.021793330263522672
121205 -0.04804938899054776
122924 -0.017841849721847745
336715 0.007669380818307935
405376 -0.04171997159654907
404287 -0.02154377544474196
123020 -0.048517081255879765
120689 -0.008295554779510664
122756 -0.007707511564813943
228488 -0.025482521280210616
336658 0.0004094408618079293
121085 -0.0324491916447571
227930 -0.03138726273902149
227984 -0.03644541895131418
229601 0.009740467244535346
229157 -0.00540902050012924
122789 0.00496745547425101
121529 -0.04003681779286218
123146 nan
336301 0.014777242107528002
404569 -0.029112022660645737
230240 -0.029677958865470495
228332 -0.044035869319126904
337396 0.00691101379135028
404398 -0.04409958666332076
405160 0.008333866255328296
228683 -0.03682792889187973
122462 -0.01605232104243456
405811 -0.014697371951398606
405766 -0.01653176644535521
336424 0.005735168406572291
120815 -0.022437446942242326
228140 -0.017472646633362236
121079 -0.024776804076325026
335674 -0.026824192129232646
404746 -0.04487794661632092
120830 -0.016744190291253847
122933 -0.014836200993186402
336343 0.0013168870179995973
229886 -0.022038435580833043
405484 -0.045886783941263595
121643 -0.031889979754759476
227798 -0.0017029596264911586
015488 -0.010075138258555579
404788 0.0157702303382955
230189 -0.034741409967363225
228218 -0.04218243515210326
404305 -0.022872659098761138
229712 0.014389261579607782
337504 -0.018885856942174577
229661 -0.014370162971690447
337876 0.01070656549362909
014933 0.020884407680921875
228233 -0.04814603934169767
337366 0.03409356436116599
227819 -0.00808368252424473
336100 -0.0397167387704237
014483 0.018575499852999625
336652 0.0018412927274681643
403525 -0.006718707914221089
229241 0.03498627069852926
405220 -0.04235986845641078
015308 0.028333826001374428
122807 -0.0063885595343828785
335506 -0.03570626507503818
228200 -0.029716329835933145
404146 -0.034294562479479276
227627 -0.010692418677730285
014477 0.003398051977402629
014381 0.007547884727034428
014549 0.008522440259959426
123086 -0.016040714071833526
404314 -0.024821609573881784
121784 -0.021404972543982458
337369 0.03072330787517552
405871 -0.0361737093034391
337711 0.0041398833878666845
405799 -0.015269816501877314
121727 -0.02233722547189194
227900 -0.01582017041671514
405151 0.013081478422792702
122543 0.0012190586631912706
335956 -0.014859460835514985
405850 -0.034999093908737636
403540 -0.009035754183501377
335710 -0.04213990794941997
122417 -0.009562934141896753
405685 -0.016509178618705943
229139 -0.004581955292846462
229688 0.026853702249515984
229664 -0.019258519408618932
336043 -0.03346690826684309
405784 -0.0033061843646543044
227894 -0.01509682860486496
335860 -0.009666701476656468
335881 -0.0064762654586615846
120980 -0.03503305971708797
405076 0.012656988879725693
121460 -0.05169566299108729
228419 -0.040351210763553504
015356 0.010978268104920969
336838 -0.02238780141435127
404248 -0.026749519154958
014240 0.01283950581402025
012842 -0.02317318875036198
229832 -0.029734081506729126
228836 0.004847600249483375
227711 0.0077125976888900785
230198 -0.04518404359200354
228401 -0.04871941420319507
121865 -0.03421698292138714
228437 -0.027874009760811655
229088 -0.013226974551430905
122402 -0.009480074967471863
014534 0.01199978486586402
404194 -0.041264641825684206
336517 0.014348698951422222
229646 -0.005548267048865063
405499 -0.03246211961672895
014606 0.02435172654993642
336304 0.015352213871839625
405571 -0.03306209376917203
336352 -0.023970679921321132
228554 -0.02057198808834798
228980 0.008582598037540317
335989 -0.02746500821980803
405247 -0.03763246391574468
013133 0.007672288062500994
122636 0.009128950657754339
123125 -0.01022722560770582
336916 -0.00898594739062208
405112 0.02014721971050762
228491 -0.027587697167868283
405427 -0.02776183836134076
404107 -0.05373804980668127
120749 -0.021175777470624005
013448 0.04861078678089895
228428 -0.03738298926992787
335398 -0.006557539657310204
337360 0.05153349658581862
228449 -0.0185441242074661
403714 -0.014552509189344311
405274 -0.0479606614238026
403672 -0.023854731209432177
336034 -0.023886390259530235
403726 -0.006585347490422471
228659 -0.04690539520833176
228638 -0.054961427750258945
335437 -0.006634306578972185
404599 -0.024277628151407528
403696 -0.05851907379625556
404185 -0.0386748549957124
335707 -0.04066283463310973
228605 -0.05363574809169176
228374 -0.050895061702942314
229448 0.0010399298062400213
405613 -0.024712024663388246
337708 0.005308157867855496
122432 -0.011123476380558158
336298 0.014159104833200974
229574 0.017746097425705768
335677 -0.028670242228017544
122438 -0.013838387280973422
405040 0.010567190500842781
405667 -0.008671200686530165
336097 -0.04038512494713411
229727 0.022685884321443018
404647 -0.023881653914131756
337918 0.023385230451822277
336526 0.02787430932222425
228872 0.005415995838497694
403975 -0.011028836415833571
121832 -0.03152481567712478
121331 -0.04331052432273809
336400 0.0007894312347457888
404899 -0.013452430046460196
121907 -0.0003437338227384621
122990 -0.026001043648448546
121220 -0.034137727217378906
405772 -0.008309931462986178
405841 -0.03564104181510714
228245 -0.04833944509555767
405385 -0.04217047495925499
123017 -0.0508875706875925
227750 0.00744909585333195
335911 -0.015848889203857776
229040 -0.003334833666421457
228854 0.002528865030664201
013640 0.004968162026264771
228008 -0.04166012837173985
404629 -0.019776294039537966
121553 -0.04477472700559693
405853 -0.0337745605331833
228014 -0.03951656556140857
404572 -0.02674116973591391
404659 -0.029589994817241106
228983 0.006842134531105502
228857 0.002782178436338785
227714 0.007787982152742726
120806 -0.019537527017523235
014771 -0.006904407153053889
336139 -0.015884559562626643
404887 -0.01964516868603009
228293 -0.04407231087915803
405625 -0.029985107254050444
227891 -0.011551790539479691
121715 -0.030891740786989558
121691 -0.03322246135482394
015317 0.028529003648129495
014714 0.014358354962430533
120602 -0.04655858297621862
122909 -0.02328842045664317
014807 0.011198123836733584
120674 -0.028358225884503846
122978 -0.0168695038438624
405847 -0.03354244923843267
405460 -0.05791194649431894
013466 0.025508923208902752
404536 -0.017462318787389387
335428 -0.003954738497592475
228038 -0.03315872403520973
404053 -0.04018402391798839
014072 -0.023039793501251852
335512 -0.039176811237879625
228842 0.007057026391957127
121049 -0.020235202243343627
014516 0.012401843859330205
403867 -0.0062740237624556916
404644 -0.02293473052745628
337486 -0.028339312739452827
121799 -0.021299487567644486
120737 -0.027024651225492018
405679 -0.008055674739889489
227975 -0.03391387731333354
015548 0.023022149381079764
123149 -0.0008885262504456535
405442 -0.040263416248812564
335419 -0.005963891092127116
227729 0.008441278164979643
228146 -0.023239300865025514
121817 -0.0258171153738094
015464 0.004311538877941313
014834 -0.012497166657393751
013034 -0.033178219088801635
228833 0.0038683020406299175
229802 -0.0028217885353628474
015449 0.017993522290122063
404017 -0.022359231753456107
122678 0.0034466332802123435
404425 -0.04953819114352256
405121 0.03774866618114025
228863 0.003784847943158987
121433 -0.053523309370700496
014021 -0.016697521005534035
405883 -0.037605400357843266
014531 0.013476899087148827
403981 -0.017397169323599852
403687 -0.04769495123463407
337555 -0.039553013724380866
404077 -0.04042268446810402
404284 -0.020901142164595925
403849 -0.0010986137310464673
227753 0.008231580076246638
228989 0.00904194700281559
404458 -0.05703350218124056
337501 -0.01944011033218682
403639 -0.02401488600942296
405979 0.014838304419234996
228017 -0.03770428663635101
014420 0.004147223628015076
337288 0.013138305194794187
404140 -0.03602940997040528
229298 0.062299854780560625
121295 -0.02736673260648373
120647 -0.02972863319509424
013739 -0.04177191130818987
228029 -0.03603628920938469
015530 0.005209820429967168
015335 0.020136200930463817
123092 -0.021426026996322626
227648 -0.010456612806519777
405235 -0.04060520666234975
405592 -0.004658710593996462
335368 -0.0008078159495653325
405184 -0.013483441697408489
228239 -0.04787919018586217
228194 -0.027539819005935908
405100 0.04436773970490601
121505 -0.027727330460840343
122690 0.001818457762966685
122969 -0.01286495760832597
015521 0.011387494442954896
229178 -0.012167459907376367
120707 -0.004912312460594437
122714 -0.007774661402767342
121601 -0.03253558514610169
405298 -0.03256394861777083
014273 -0.02541831729354702
335257 -0.03894791826563727
404710 -0.026146632012946886
336046 -0.03536953638919255
228089 -0.03495843177133062
229229 0.021639243466565164
014459 0.0035968714517961185
405259 -0.044716605238638005
406000 0.022754122138914208
335842 -0.015193095813378115
336358 -0.033168464819140965
228383 -0.052517240782295534
405832 -0.013921673931772746
122942 -0.012875328320378738
120992 -0.02536795071456988
013190 -0.04119694674456561
229595 0.013594940452421796
121868 -0.03074772959710476
403927 -0.004573754097215345
122735 -0.032638184665899884
121358 -0.043075931880725234
335965 -0.015361105698415487
122816 -0.02724300461923623
121805 -0.02053244391593074
229004 0.008858429948015818
121826 -0.03212193408376518
121673 -0.03623451581882166
406006 0.024087407246909873
229115 -0.011681544297712985
228506 -0.02417301027268079
121700 -0.036793501563036
336319 0.015177411507877138
013634 0.009422549521830468
404179 -0.03774219355321601
227885 -0.012052146359260038
335770 -0.03280866719007072
120695 -0.014914790224674963
228743 0.0032276090012264827
123266 -0.004147975097799525
336853 -0.018885770662359972
404215 -0.03170741552112399
404893 -0.016244297160160185
122540 -0.0020800512848478375
121124 -0.04049316460624012
403576 -0.0412620946247707
121808 -0.028417299642768276
335767 -0.0330655107311174
336442 0.004910859291534025
336763 -0.03491583809607899
405763 -0.020823597306619642
405187 -0.01855400761898596
120842 -0.015910367801706626
405913 -0.010362445862789157
015413 0.008385842679639585
228470 -0.021770628832718658
405535 -0.03538150796369036
405562 -0.036215267177305215
405757 -0.020226599419544123
404440 -0.053738494350214445
335929 -0.015801657311454234
335494 -0.030141987620396916
121109 -0.03643545884246606
228221 -0.04437417864487316
122210 0.00863930949616054
229199 -0.015993699519297
336559 0.016855312022619667
336478 0.010869379384177076
404434 -0.051474134847543734
230147 0.0009035654085919375
121514 -0.032231002383761934
230267 -0.02003395171531228
336535 0.02607336108278301
228851 0.002295866811949375
405289 -0.042035064047963554
404134 -0.04041121557628366
229301 0.06102407043044632
121178 -0.04021466407534273
404230 -0.02365469007252469
120986 -0.0275329598442628
335320 -0.01688035955448282
229187 -0.017198804869205754
123080 -0.008913826176494983
120854 -0.014194103145094774
121361 -0.043700510024133964
122456 -0.01947342665605112
230285 -0.008908876632293122
336382 -0.01493006195933287
228353 -0.048309034357174103
335416 -0.00382809202945833
404881 -0.025115912979668205
336832 -0.024876738181170192
227738 0.006821515097973898
228344 -0.047784896759072416
405550 -0.038092233849212065
120872 -0.006644120751847641
336514 0.014316731962051762
228407 -0.047929608933316915
405211 -0.04789430173641349
404809 0.006068966641661119
123062 -0.023061652045160728
229772 -0.003488288396117217
336493 0.012643268530961697
121676 -0.03517362432941752
335440 -0.007088126011470795
015479 -0.0075373444981814905
121841 -0.03241545722562836
227981 -0.035212041271767656
336625 0.006152359661676672
404722 -0.017599273628765323
228128 -0.022404622871624393
121481 -0.035313626522243416
229892 -0.019713767460906053
405787 -0.007831419952677112
121592 -0.030237147417018027
015398 0.01977236833407249
405007 0.009638431775340857
230222 -0.04311576459531476
120752 -0.019661788713364374
230141 -0.0012081264829804177
229634 -0.0021680293534030743
336943 -0.007652237625448724
229667 -0.01751438981334759
337042 0.004485853134639679
335452 -0.013593041132021502
228416 -0.04157814020428692
404749 -0.030155585027978635
228563 -0.022432489818267325
404665 -0.035373555506513416
403996 -0.017784009982141455
228077 -0.038307138235849615
335518 -0.040060720028591346
336289 0.013615476328229148
122762 -0.002723255785312499
336982 -0.016552528237539624
122411 -0.010190840249637349
405397 -0.050476044106793086
121154 -0.04062882221275202
012968 -0.01915731278676835
229016 0.007121319159584847
229052 -0.0040842669186450685
120725 -0.030606039867224266
015419 0.011999705004122825
228692 -0.04369266216738819
012944 -0.02679700700063554
405130 0.026880281180981732
228860 0.0030550942276463366
229979 -0.009820069154628169
336334 0.010803132000211007
337315 0.008673380845469003
120845 -0.014182240976410769
014507 0.03640063278821465
404359 -0.039244301268269145
229628 -0.0012480974713445225
337462 -0.0112378090482703
120665 -0.027661459851058532
405700 -0.021740906569692825
336973 -0.016707482142347203
014570 0.03977690228390418
336103 -0.03851429220371232
405541 -0.03779519789551817
336610 0.00542631990465767
228044 -0.03762270321561275
228848 0.002893908356735069
121217 -0.03452113613108667
228296 -0.04348148805574972
404605 -0.02381494696029725
405736 -0.022658087993617005
229823 -0.015017343271944985
405721 -0.029712690154075884
404698 -0.03269748084462769
121862 -0.03984981890406132
121742 -0.0177736414398648
405925 0.006661429007078914
403561 -0.006066390398044987
403843 -0.003071484917198995
228773 0.008546068131203505
336889 -0.013226925641836036
228797 0.007551408725090408
404524 -0.018767508449510514
336865 -0.017165559356593852
335290 -0.022092657378965482
122888 -0.021881247658848493
335719 -0.03807819316862735
335491 -0.027316912012090015
014984 0.018742373913575472
405556 -0.03886109552283578
229589 0.0163616818375338
336106 -0.03850113477012294
336565 0.01952710002798802
014414 0.0023781751692363625
405964 0.018538579795746673
406021 0.02690349924271929
013118 0.009666714963304367
121157 -0.041190711205232516
121130 -0.04819314194793099
123023 -0.047305962144293084
335485 -0.01737751063381282
404731 -0.021317997708121074
336616 0.004310451467281605
122885 -0.02029692851905282
405595 -0.014860245630592172
228398 -0.048904627565446696
123002 -0.039905144321356695
228806 0.005831782430175846
404197 -0.042641290692702186
121616 -0.03328355937643338
227756 0.008201319323788505
336178 -0.01160310378755842
405511 -0.036104112994385026
014765 -0.0036023886746199677
228782 0.01083298895602485
121118 -0.03842039463099469
337969 -0.030931381328966733
121679 -0.034171581064847
229130 -0.004409258398503716
336175 -0.021368629792191198
403648 -0.022275359427103486
335533 -0.027307271909216165
227732 0.008393669014284611
336112 -0.037923197176671336
014813 0.0038519769749313427
015503 -0.0057052163686153404
228827 0.0036039589332170813
121490 -0.029904371933918806
336607 0.007294674518105536
122705 0.0024814270638130803
227924 -0.03155718413844473
014351 -0.005147160979813784
404377 -0.04092706020488117
335623 -0.027512303988711365
405325 -0.016766626188065657
014249 0.011435528290885481
337471 -0.018575282098190662
122999 -0.04439816676245796
229799 -0.003012641828659682
335653 -0.01733626673636421
335365 -0.0008376480873107697
121499 -0.02824172948403333
335908 -0.014905317082854138
404446 -0.054382535115702305
013523 0.004157879625706117
228452 -0.024765605848313204
336418 0.00637624731752501
336886 -0.014630907638603316
120701 -0.011330989381623646
405976 0.01672891953403138
015332 0.020433431371253412
229262 0.04747834962219586
227942 -0.01721994890436129
335605 -0.012869659630279808
336247 0.0062278939302636204
337492 -0.03408767991705315
015512 0.013721236044180138
229724 0.020471961954020183
123038 -0.04129557267504588
120944 -0.04100709939574534
230204 -0.04953736212444982
014297 -0.05227954647354435
122453 -0.018248880169586385
335749 -0.02915698365046786
121781 -0.020836911301493913
120953 -0.044102949725143566
122972 -0.011870380524189676
228107 -0.039176218313128286
121316 -0.042501234736748605
121223 -0.03429005792454012
404092 -0.05047077307279534
336835 -0.023101809342131865
014084 -0.031963294581073366
403636 -0.014100452065330723
337345 0.05650701681689693
405229 -0.040294790750354165
227957 -0.019665556914802162
404578 -0.02357388829895265
336655 0.0003231017057825747
015476 -0.0051474168607587335
228749 0.0034999396192576275
122984 -0.02279781153774621
014582 0.019829271266284736
121682 -0.03404481132762835
403669 -0.02164569980633356
015395 0.041108838575226916
335746 -0.02759154575062403
229856 -0.0553646414497428
337348 0.053252185553379884
229997 -0.013036012197664863
337807 0.0015466016436380052
405946 0.022004152361705498
015311 0.035040581781255686
014006 0.0037837490109446097
336463 0.009547171264729173
404500 -0.038949641171287956
335998 -0.022925608482968447
405955 0.020372298131505834
336634 0.003475635478663852
337705 0.005386476163510923
403954 -0.0029196790494481874
405034 0.00982184696730132
335317 -0.017671136864203848
123095 -0.018686857270088245
121655 -0.03574023794121766
121931 -0.008201168309184128
405004 0.009653576913770738
227660 -0.0010022440102066515
013958 0.0037085334189624745
404311 -0.024111418420440917
335782 -0.03626270439116993
405703 -0.02452956616780751
404806 0.007654750210771411
123071 -0.024775679378935322
122300 -0.04149349714726542
120671 -0.027884985388271395
336766 -0.03986249088811962
404596 -0.022004631303605582
122444 -0.01538600863751466
403609 -0.007821002939506608
228362 -0.04959262755438975
013838 0.005075674208383711
336931 -0.009415659119431444
123026 -0.04403826220351436
121502 -0.02858693046945973
120836 -0.015902790495537784
336331 0.011951440885906892
121625 -0.028603429446705356
230249 -0.02905368927227208
405748 -0.019543275421931773
336076 -0.03700333495712728
335803 -0.02277266440911128
120629 -0.03221952311729781
120968 -0.044632460511212856
122783 0.004465980681162031
121061 -0.017154631585148107
122927 -0.019051858366724433
123032 -0.04163029119766578
120656 -0.02804132076791323
336934 -0.009853825599857511
122966 -0.012462309343506988
403594 -0.039565552539527635
335560 -0.037141118339760595
337336 0.011160947027660552
403549 -0.0015524255350079096
015440 0.023764052794723912
013148 0.005351351297020841
229049 -0.0070435966111137335
403993 -0.01621053313022052
404302 -0.02171976708810473
014795 0.05869912218164514
337864 0.011386006575227342
335866 -0.00958081033455823
336970 -0.01517363893922675
123296 -0.024387764793328888
405481 -0.050768503262983156
121796 -0.020881562776806636
121685 -0.03447135571141488
336001 -0.02275537293524487
014630 0.02303036612570603
336793 -0.02546979527246384
122906 -0.02412029584292611
122204 0.010821592414772117
335635 -0.01274005312991276
014369 0.006340145545926266
336925 -0.011016408728351745
404278 -0.024179643185000765
337927 0.01868855708567057
403741 -0.023395498593648274
335278 -0.027126008024307025
405175 -0.0001552678616850211
122246 -0.013155921163110382
405601 -0.015478909705755979
120893 -0.0009300972528503718
403957 -0.003205684766036426
123098 -0.01780035712010736
229421 0.0007006484037779875
121073 -0.01843275020605342
121706 -0.037078998875155436
121142 -0.0378244749231689
122408 -0.009433283747208003
405085 0.013905556608838356
123299 0.009522038283365552
227888 -0.011285030402691645
405361 -0.02616836995892645
337450 -0.0004743795295942933
014498 0.03759064364078063
228203 -0.03167303404901384
229649 -0.007764819347390028
015341 0.016684795666902695
337465 -0.013428232173221491
121925 -0.012878195192448046
121064 -0.015599981623872317
336880 -0.013466408493124861
404056 -0.03703512603859084
404170 -0.038942110776513446
404203 -0.03732777776267771
404521 -0.01712706763460561
122828 -0.054354121729028766
013517 0.002890489557804723
336271 0.008220662200261675
015485 -0.00933485087894258
014360 0.03758007444124988
228152 -0.022649662069117636
403522 -0.006950464646612841
121214 -0.04340480557003396
013364 0.011093344298328962
335449 -0.014327216358949355
120770 -0.012401116109638179
013154 0.0016283993477488978
337633 -0.021993206558202576
013151 0.004058732614888773
014003 0.003602818336362154
336622 0.005969233853096045
121820 -0.028651651856894344
405424 -0.025766548771883283
337867 0.00926446420117718
336976 -0.019459485655651185
405367 -0.028410389059923057
404038 -0.03430635168268073
404188 -0.03885606509038289
335647 -0.01894104927058381
337804 0.0011028508210128127
336013 -0.02098370952493074
229592 0.015400251687609242
015410 0.0009245441493954383
404815 0.002830762220915867
335839 -0.014662481240232486
229625 -0.0017355211281794719
122318 -0.0480363221159057
229583 0.018494828553122976
403753 -0.010343010969988003
404560 -0.026830402608835485
335464 -0.01752137790541021
404089 -0.050866598424647344
228275 -0.046280238956446215
122882 -0.020936270416665254
013415 0.07248992533396455
405838 -0.02866131017381882
405328 -0.017607860533942064
404878 -0.027038382461287612
014513 0.0247440403426918
122447 -0.017894498114723236
335311 -0.021416567657095778
404431 -0.051387988426619416
121112 -0.03846848040365424
230165 -0.012833487819185259
336157 -0.026702425616532542
404695 -0.03800317681072548
121790 -0.018718093800372326
228311 -0.04419866506395277
403558 -0.0017498026569353973
403891 0.0004658619153941463
336646 0.0033258348740928265
404266 -0.026939130825065563
336649 0.0033822874818464706
337591 -0.020727001129215272
335578 -0.025684580681483285
228458 -0.025996356642005145
404392 -0.04355040142718503
335554 -0.0411647716614905
405673 -0.00381500016239218
122687 0.0024048413290503204
404275 -0.025992723019581086
228689 -0.04044132859798786
336193 -0.01007869447017787
405136 0.016817614730098556
335740 -0.028432626719287372
335731 -0.03737299073210953
405517 -0.03857000511539304
228080 -0.040462292916650405
337822 0.002142402440362086
404020 -0.02263170936852014
228869 0.004536081874181353
229010 0.006425860482437604
336799 -0.022726216133004226
121343 -0.04836356262465292
120998 -0.024832857137151228
121649 -0.034053387567978495
121004 -0.025508185951508527
122813 -0.020383285216389338
335830 -0.01822715592222149
121115 -0.04094569491587421
015143 nan
229184 -0.014885923502165216
404113 -0.05384594634251557
121760 -0.024454028900805964
405967 0.016918962785104463
122822 -0.04456410689865362
120635 -0.031590470251439066
230207 -0.05073792511296675
013247 0.004854836161174471
335356 -0.008708463071532186
121478 -0.03715764999389649
336115 -0.0351483384063812
121730 -0.023056060447444182
337483 -0.027304786268005025
013388 0.007090934382544624
123029 -0.04288821279034052
227960 -0.018177295273233002
122435 -0.013483406397713777
230288 -0.0009509040482246438
121535 -0.046786791365695225
230156 -0.0036460301232716396
013454 0.03784682316014179
336037 -0.027567257966083288
405208 -0.04581430636953816
403873 -0.0033788055815873554
404680 -0.03966523887081846
122366 -0.019522724589003167
122420 -0.00950633539075006
230282 -0.012139541800623278
121088 -0.03294718255282817
015542 0.013763445433825072
404296 -0.02083466041526997
336871 -0.014770586809572559
227909 -0.025950187688258724
405775 -0.006228805006742894
123272 -0.030280789796211533
229763 0.0031522011456753167
228284 -0.045759417658887844
228305 -0.04055185386072808
122483 -0.0395197973780324
228935 0.00939368494570803
337324 0.008176270217079926
336007 -0.02233349742231181
122375 -0.018641862742326876
015407 -0.031389812912259785
015551 0.03257293397814227
121337 -0.04460242811901486
121871 -0.02604471413389085
015278 0.011280340109831834
337447 0.0025652858533212466
229637 -0.0018112084833156415
335764 -0.032204994427984135
228569 -0.0254209409933609
405886 -0.03621881545408537
229805 -0.0006274630269633084
336130 -0.02085135513677333
405823 -0.016669420339872575
230078 -0.014809131863141301
335845 -0.013673723640731486
404212 -0.034516289400039306
121916 -0.008651630132031659
014054 -0.03223203180400105
228053 -0.03406840725929018
405379 -0.04377992638646921
405652 -0.012767202207694287
121172 -0.039256999208492904
403717 -0.010093452916965716
336730 0.007278177983053889
229037 -0.0016588715773627524
336961 -0.0059718079774007116
336826 -0.019166998365003022
403660 -0.018414751564601414
227882 -0.010605439905380506
012887 -0.032456443297169194
405028 0.010003112630051261
013610 0.007745943777685532
228440 -0.026289839051898377
228086 -0.035634552229618616
229028 0.003301416386212334
228932 0.009797400642699409
120860 -0.015080797147249816
403588 -0.041187621458647294
404293 -0.021012492178863345
335686 -0.031273179749253054
228188 -0.02587769173805191
336121 -0.027920781145330233
121928 -0.01617115089502284
229043 -0.0070115431807443165
121745 -0.022265380368812523
228185 -0.02481266357562621
404497 -0.04257382655166575
228113 -0.03747893609902199
404479 -0.05725762835900286
404407 -0.04549738634373795
121763 -0.024060570629035296
121211 -0.04587025003438592
122696 0.0017577719775748338
014234 -0.014136399396027694
228302 -0.04095740980644118
404365 -0.04022473848574943
227849 -0.016458441294582606
405523 -0.03949014509512988
121322 -0.04387690465128611
335995 -0.025207274922685947
337840 0.007410378085640737
404959 0.050698517866077875
121664 -0.03536127406717832
015380 0.005043836300650601
403924 -0.003847400556668551
405670 -0.007650112664759419
229709 0.01772955182022759
122243 -0.00677747104877804
121547 -0.04689603592964281
337888 0.011454476910212404
230237 -0.028902077921297897
015392 0.03803244077699795
336094 -0.040259541254309986
405544 -0.03726071731054599
403621 -0.020623234117649426
228533 -0.019346247798657814
228719 -0.021232930491210292
404317 -0.02556054663608948
013121 0.009135664528251715
405778 -0.003965266410022021
336064 -0.03722668463365651
404755 0.0030540891722136837
014939 0.029577036225606524
336325 0.014465722434295392
405793 -0.014335751784044939
336922 -0.010631841005688748
120929 -0.018719774510437274
229127 -0.003178080071490911
335281 -0.024681557195246038
121232 -0.04407641912669011
120962 -0.04534915481026981
229691 0.026967828308111407
337861 0.010221638048767414
229904 -0.012229535993437188
227654 -0.008718333508979275
403999 -0.018632671258138684
013085 0.012102810163346548
403642 -0.02770855016566701
120743 -0.023946136891186895
228392 -0.050014516777822086
404161 -0.03573618424284173
336487 0.011680789110137195
123293 0.009002471328677987
336484 0.011344851009429446
335425 -0.006705994041795166
403585 -0.038720762164078125
405067 0.010953629734339538
404782 0.015792312574478343
228035 -0.03422253292253859
404653 -0.025755460963645345
336142 -0.015320885541091525
121076 -0.020832483777094273
403513 -0.007464523878888058
405751 -0.02075594029629738
122951 -0.013259050204249887
404632 -0.021590722367412298
227987 -0.03722711658475479
336940 -0.009471058621678031
014015 -0.0016873603892604324
121484 -0.03415839637653793
228395 -0.04950178702840341
228389 -0.05141091785537916
230129 -0.007521653786683693
228497 -0.024128546101809343
335503 -0.03652109613978322
336385 -0.01334932916787859
403666 -0.02075735293928348
336346 -0.005877339732318993
335275 -0.030904317766151306
122297 -0.04807368327248839
404242 -0.02522283604039678
122996 -0.04472652310461687
404491 -0.0524520580240345
014501 0.03494625249398707
229046 -0.008314564061090678
229643 -0.003676395745031417
228680 -0.03580558098821198
404044 -0.03722949755412201
227831 -0.008807779140024863
404719 -0.01792874585314319
014030 -0.04915396301519303
335473 -0.02512550765301205
405286 -0.04312386901274707
121448 -0.05710242767631606
014252 -0.005793076478795219
403966 -0.005979950761511213
335905 -0.01226602368206536
014468 0.005042936409938411
404176 -0.04070481014363643
227588 -0.008123772147020784
013331 0.007795565086323493
121034 -0.024420216239490665
014600 0.017462339000019166
014537 0.0100866111677104
336808 -0.020498451907008244
336895 -0.009846126816268981
014915 -0.005441823081364708
336571 0.021963728304280096
015329 0.017093928218902904
404791 0.015032841115401537
121235 -0.0440003840064736
405340 -0.030033867475768417
336868 -0.01589350730868358
014591 -0.018319939899227356
335896 -0.007493593924655069
335539 -0.026811628846502403
121052 -0.01986883218711214
120662 -0.02837769237255813
229742 0.019817623687426938
405166 0.004337153823778184
229103 -0.016550799921858338
121556 -0.042853441692533946
227972 -0.03240117541476826
404464 -0.05730633723799966
336562 0.018762260921730483
405559 -0.03906491344350647
404776 0.014680110452234257
335836 -0.01664151877419156
405586 -0.011685577479488727
335269 -0.036327925233468325
404674 -0.039105214577041296
228173 -0.029442893067984668
014519 0.010341349382864783
337882 0.010929892211786717
120653 -0.02932096298463691
336805 -0.020070175247898017
122639 -0.03557409130107095
013898 0.006729273569016229
405316 -0.013952859750030737
336133 -0.02145910879205367
015446 0.020380257026258185
336544 0.01924158273565237
013196 -0.055392081775362534
336316 0.01510889155621154
337855 0.007392686510842943
120896 -0.002353709184612904
122288 -0.05367826527896857
120620 -0.03279380009463446
227864 -0.016517445995295754
335974 -0.01902831403155396
405691 -0.02255245629411673
120677 -0.029211621207884512
337966 -0.027114066391606385
335572 -0.027863116914225623
337528 -0.025977385318120425
337000 -0.0008667650676908948
404218 -0.03290737094548317
404080 -0.04184338408667431
121250 -0.03503239259867113
404413 -0.046117662465069306
406018 0.02649412466721872
228542 -0.017493408629697272
335389 -0.010817034123278715
228881 0.006317399418543254
404713 -0.022202261061142342
015566 0.019228077819809612
120905 -0.005221525010503002
015416 0.014177982002850009
121901 0.005903757853222617
404245 -0.026191351732832997
405196 -0.045918105430530466
405505 -0.03216503642225088
403978 -0.013339784899060927
335821 -0.01880087301811775
404626 -0.020427792751076493
336550 0.014895847387481153
012863 -0.07111277954116242
014618 0.030461062318846772
336187 -0.006900114168102308
121025 -0.026355192050990378
014270 -0.023173933026898463
122711 0.0030246971935460926
121169 -0.039042975654002623
228068 -0.034246991233537756
230039 -0.014432384813578584
405658 -0.01661592560432193
405439 -0.039672153527684405
228725 -0.004954315541864752
228455 -0.026240279639782572
405394 -0.04925142678863559
229868 -0.03512732640767588
405808 -0.018311008592664973
229781 -0.007485165502987416
227783 0.003127520424979074
335848 -0.011724756178687854
014486 0.023551799695070173
403570 -0.029682994206046406
014237 -0.0035971660492202582
403945 -0.004252796063016244
015371 0.0009628975986742117
337903 0.003987338050963386
227852 -0.016506523805397494
229787 -0.005320457054802098
228818 0.0035339742425888306
405205 -0.04800780184612148
405856 -0.03587201362725802
121307 -0.03714003716706929
405037 0.010786592242018325
336349 -0.010176893796555786
405094 0.022265410943177546
403750 -0.014459640552906317
336163 -0.04543583989676667
404323 -0.02590010567204432
405451 -0.045898515514106765
122423 -0.01060365258701264
123122 -0.00913193258768612
013661 -0.014170512174948666
121067 -0.017088402331918957
123089 -0.022401740553415886
405061 0.011045412119155506
014456 0.005544912007693577
405115 0.023816422789912552
228992 0.009204319155054305
404065 -0.03595368735646949
228224 -0.045953356490455524
013160 -0.0022189532437537833
228809 0.0047140176351125294
335431 -0.005187049585919593
335716 -0.04094010394555889
014009 0.0031214692757721456
336745 0.0031296847209589525
336784 -0.03252357628869639
229013 0.005659064238891556
014858 -0.01230839005223027
405103 0.04997759045193404
335272 -0.0346162712884086
229154 -0.005550734148378026
012950 -0.026015269062506455
336283 0.012346052177368647
335689 -0.032153958914286726
405709 -0.025441952309349015
336451 0.007146304902576265
014261 -0.0009360441053756569
121286 -0.032456792939907664
337312 0.008599058129733666
336166 -0.041322811080970995
405430 -0.031762407427460886
121472 -0.04201019768992429
230120 -0.013366029876494804
229700 0.03235507732850874
228263 -0.0470926778862984
403855 0.003034543567746757
405448 -0.04227158681684956
015077 0.010387114807963371
337453 -0.004184559122496165
228752 0.004314775820131655
229244 0.03552461042650744
229484 -0.003218422231368473
014999 -0.025419621141678186
229406 0.031123152641532426
014690 0.017957510984912307
335758 -0.027622276210916362
121538 -0.047634661774555935
228074 -0.0380867720000678
403573 -0.037218730268909976
228740 0.002240863686021013
404002 -0.018892750316605145
336829 -0.019247235732501217
121544 -0.04809790476404054
403732 -0.011385860397912416
405628 -0.028595224346342273
335791 -0.03068209882518323
228005 -0.040690535949538136
230279 -0.014109068879274279
336985 -0.010771547121479477
230174 -0.01557392853260373
405580 -0.026273940154872485
228572 -0.02883606262464238
228368 -0.05045730852525353
015500 -0.009477819247489864
229217 0.005204300752956864
123056 -0.028871078128070382
120719 -0.025664671849076864
404371 -0.03950351600126998
405781 -0.005146823585680752
122945 -0.014755231579617847
404884 -0.022328298070863863
405091 0.016708798261383585
015296 0.03594816413557041
404707 -0.023509238535244788
336643 0.005458061040852608
228287 -0.044765079460655104
014036 -0.059309422492579075
403564 -0.015337825169731853
123107 -0.007889198286532385
405217 -0.04471951313385291
227861 -0.015652391516629064
228794 0.006072214479580238
015536 0.011289870991277947
122273 -0.054836109120819376
405313 0.004321336575944299
405895 -0.02121039980969231
228665 -0.04452778455197434
336496 0.012692197085262402
335377 -0.008087474872090633
404254 -0.030249041584314375
121652 -0.03493534728963539
405769 -0.014778027431452337
120827 -0.01744578909271258
228425 -0.03798673423872088
335620 -0.022801720778965636
121043 -0.02056891366334584
404662 -0.03249886168894747
228341 -0.04667765275002271
335524 -0.039606905729540516
404281 -0.0215783747489091
405682 -0.006717665036092956
228824 0.0033958545019436544
230201 -0.04697749939722294
121913 -0.007569459419717234
015377 0.009407847455335808
123230 0.008028465130972485
337975 -0.035338704938747946
405802 -0.01745418108329571
228581 -0.044429602845168024
336574 0.028990164240535233
337321 0.008730121169771466
405961 0.020346859689791788
121583 -0.030677373687942308
014018 -0.005924208202059308
336439 0.0058132358931501
121304 -0.03389171117027455
336859 -0.018467192886041435
228545 -0.01821107160681975
404326 -0.02558685372980395
013040 -0.041091639185904624
405529 -0.03792997891966831
403651 -0.019659887636059265
122993 -0.03561165536548615
122276 -0.056294009211575576
230126 -0.00557303364723857
121301 -0.02902911580674162
336184 -0.00687986848949827
404167 -0.03786288279264381
335815 -0.02008381683848844
335722 -0.03557345499560393
336733 0.0063148862465857054
336370 -0.029227002573057832
013679 -0.05610167195642922
336421 0.0074211259115309946
229133 -0.005355548964640449
121565 -0.029049677197453376
335587 -0.02300082130079137
229811 -0.002584080464250236
403600 -0.03899112076464797
405733 -0.022500125153570184
404110 -0.05295870188501354
404350 -0.034818599027953395
404011 -0.023390572817654817
335854 -0.010112681044052097
335557 -0.03883141567956442
122936 -0.014968162458011346
335548 -0.035740938921418657
015323 0.02374706962680108
405988 0.016551835407293804
403744 -0.025305588791961632
120683 -0.02935954885944682
403879 -0.0030400030277178774
405724 -0.027052831168126575
337729 0.001945983596712525
121193 -0.04376057032443562
121622 -0.030082895371919317
123041 -0.03943123595690003
229619 -0.002072420414037507
404341 -0.03044148060339143
337663 -0.015127341367620964
228137 -0.012505831105331676
014879 0.0008449270611717595
405760 -0.018928476558495323
335884 -0.005782558207965875
227813 -0.013217940096193294
121640 -0.0301006841371209
227780 0.0018980687871164095
121766 -0.0223823942527639
336373 -0.02630236413743761
336964 -0.008797959615603073
336004 -0.02218288070681918
121070 -0.017023813331341203
121430 -0.04561284605223831
121466 -0.047014038744282276
014372 0.0005113214509099978
120617 -0.033330720346414974
404206 -0.03548906401321028
337339 0.030878286873492346
121748 -0.026930114383539313
014471 0.00234997455073213
228179 -0.032023213810834616
335329 -0.011559826838285497
121022 -0.025508796561232384
405835 -0.021590926954901613
228515 -0.01702716802848949
405715 -0.03378007171063778
121838 -0.031140218505410638
227951 -0.015525792880513088
120668 -0.027252465155898232
121139 -0.03728329494587423
013205 -0.01381452158055303
336709 0.005859323254587813
015374 0.011210653023361088
121007 -0.024572060211377523
121247 -0.033059461348792285
013955 0.005157478271968781
015473 -0.0038170293217266913
405493 -0.04218555302593539
230012 -0.010799325201532088
122960 -0.011691512329013304
122294 -0.051793607944520335
404062 -0.03426367994357185
336031 -0.02319570517552261
404269 -0.026429771480605015
403969 -0.0075071159517565225
337621 -0.04911852268641793
336556 0.015599128192278712
123317 0.01276185968475457
405073 0.012436962781660206
014633 0.020248835133451992
228446 -0.01906625039935385
228611 -0.05456879568921276
336415 0.006374861025816959
015515 0.013721071732876275
121454 -0.0544083058159905
403786 0.004652701306196336
014987 0.018958741938669824
229793 -0.0020839218335180717
230075 -0.014307576063534314
336757 -0.014539506170958795
121688 -0.0342743022018996
404443 -0.05359501445682452
404683 -0.041553882593017205
014450 0.010163791604242559
335698 -0.04032101197758138
405391 -0.0487734845989139
121619 -0.03132335673597523
227747 0.007737240804276479
227744 0.007388652702558046
123035 -0.04159183746783051
122480 -0.0417478941433897
228920 0.009296119441474534
122252 -0.027741412433244614
229214 -0.0011998998003446412
122867 -0.029270476571151186
335392 -0.0069169735450760215
122285 -0.05280095004270713
405169 0.006390616008805288
227921 -0.03232569540027417
335752 -0.02819405781663136
404872 -0.029603431753788434
337444 0.0012839707614028756
013844 0.005381877460176983
015383 0.011435497602738895
404593 -0.022662936786010005
403729 -0.012226404206905406
230162 -0.009504725269883893
120680 -0.029326425169615245
405268 -0.047412610694605006
337507 -0.014668271935770645
229757 0.007645965081429317
336169 -0.03156452518367122
120989 -0.027648641763554
228728 -0.0022827642689152426
123008 -0.048356993358930296
120899 -0.0030452223208276984
014462 0.003555487653335515
227945 -0.014945143917706044
228191 -0.02723647525004443
335701 -0.04036032923835132
013328 -0.002760968933794717
014528 0.016618292205720964
013520 0.005191550322426985
228485 -0.024205726194587506
404737 -0.030774601324713345
229778 -0.005403969512587429
122987 -0.02210828308623864
012938 -0.024915795040945724
120995 -0.02515430175838109
120716 -0.017742040731650668
121202 -0.04346667396592362
122264 -0.05211558496305757
403918 -0.0006834092598561508
404032 -0.032195095538866646
014738 0.019000699730957443
121094 -0.03329561001215226
229760 0.005487519401721853
336172 -0.033136170010075405
121340 -0.05082892015497519
228995 0.009609630411334209
404221 -0.03033320130544996
014096 -0.048334577564168535
337516 -0.020977028782716824
335833 -0.01711818697914951
122891 -0.021301995899806282
121241 -0.035671980371880796
120809 -0.027953494433102414
229439 -0.0021006825858007664
337264 -0.005955471726362362
405634 -0.028986838154871252
228821 0.0026874362795200283
014567 0.0321965661551367
336127 -0.019960273240109242
228248 -0.04859396807884566
228050 -0.03503439312813622
405817 -0.018919030863249694
014543 0.008616988245302612
404014 -0.023528910266755045
229844 -0.04907564051317372
122486 -0.04023282033362263
121298 -0.026725853124014588
405178 -0.004608360064250842
405415 -0.00989222945496678
122258 -0.04571177524298202
015365 -0.0055198864313636894
229109 -0.013966166031281275
405919 0.0022841292733050485
336523 0.017537925405369404
405490 -0.04371171148996505
229898 -0.014714118018174991
337954 -0.002037803903616294
229337 0.05871794040701206
404143 -0.034763857623129675
229841 -0.04554023214393806
404251 -0.02924225897533695
336472 0.009160213745557345
015281 0.011047928542063499
120911 -0.007277672143408729
228884 0.005787289209751611
015545 0.018633109665224475
229616 -0.0009154721720671569
336520 0.014059263846230885
404623 -0.02015227532170527
404116 -0.05313277209737356
123068 -0.02558538270893499
336217 -0.005537325121980884
406012 0.02547405566442161
337936 -0.0028950620986594204
405829 -0.01589447667492837
336181 -0.008320712840240264
121244 -0.03147046073094103
228251 -0.04901514288684525
403921 -0.0023799612949224297
120731 -0.03121857690262756
229697 0.03518488209560005
336907 -0.006623769532090449
403915 -0.0013271738850813089
120638 -0.03257336402807583
403771 -0.0016487384994429654
121658 -0.03642461974413788
228164 -0.025314088174798043
121421 -0.041889782696608924
122354 -0.015653868731735975
121355 -0.04305503935634041
121724 -0.021101302748667047
337351 0.04956538262489755
403963 -0.0051591301925330395
404641 -0.022578027348752017
335626 -0.030986513456513556
405295 -0.03772904992064592
229814 -0.004910264390210692
120851 -0.014407617277935476
336058 -0.03600443490613951
013124 0.009032800765264602
121097 -0.032070820405035796
337891 0.011929174927430094
229745 0.017485702833790924
120710 -0.008511449478272282
404356 -0.03958845179816107
015443 0.024736817668471498
405463 -0.06215617341735251
229562 0.007486034480352249
121016 -0.02552428693535143
229025 0.005426794642299765
121634 -0.028479386322082034
015029 0.015206942758048564
405277 -0.05143598614261277
335608 -0.01551208000592203
404182 -0.038729602820899676
404758 0.007675703707195464
120626 -0.03215145711268343
229259 0.03677695031212496
335611 -0.016680092121011205
123074 -0.013442884780451657
336307 0.015084261328648691
014867 -0.012405071309003883
335869 -0.0087579407812276
229847 -0.05027692745224871
014417 0.002513803633642786
120734 -0.03044525285712533
120941 -0.040251431710313645
121670 -0.036028262664658535
121898 0.010026808166102782
405631 -0.02643126570403132
405508 -0.03493584143184711
405019 0.00781977461537578
121694 -0.03334890737721543
228926 0.009894859065454472
228269 -0.04674429181889275
404233 -0.021802676085956173
228746 0.004304204168488216
229148 -0.0045478318917785004
404575 -0.02322378655704757
121541 -0.04914602848230823
227789 -0.0007475841321933546
228041 -0.03592424519152788
121661 -0.03527148428587474
229121 -0.012644330390518758
228209 -0.03454982279937756
229082 -0.01165052765259307
404083 -0.04505007118570316
228212 -0.03678751130358162
336256 0.0031446855534952157
229739 0.018872207531145452
336703 0.006154967489696685
335542 -0.028637098561678984
123053 -0.033292481728962486
229442 -0.0014396423271268205
015305 0.01774944798821356
121628 -0.0281194115068831
404119 -0.05055334515022711
405898 -0.018954635412120537
014465 0.0060049596731573205
405142 0.014371664631732312
404131 -0.04272180039970278
230276 -0.01693272624324296
120746 -0.02331992159060892
405202 -0.045628402363374766
336280 0.012408936075317912
014708 0.020084411894948282
120713 -0.010597128167708744
015425 0.0024516378941179134
121475 -0.038981420653206963
122879 -0.01807172933504695
335341 0.0024902897291007343
121910 -0.0030871180630234816
122279 -0.0541108478077505
337930 0.012642254236131708
403948 -0.003893084756506272
014264 -0.0038926474408392748
230066 -0.015513448815642695
121850 -0.036417098673117924
403705 -0.023612015555735097
228155 -0.025064234715204515
121922 -0.008962802786044973
229226 0.026903094738228585
335695 -0.037006886525676526
404320 -0.02597332679878467
015344 0.012749997271097897
405547 -0.037675402057559065
405157 0.010294249749910212
335659 -0.01987784937570329
404617 -0.02055013856485001
228182 -0.02680650138365775
121709 -0.03626447138578996
335527 -0.04026451112191423
014675 0.015470943162365565
337525 -0.023981552928703912
404485 -0.057851393049300835
405133 0.016686902217075996
405553 -0.038339209551465504
230213 -0.049664484712567354
121637 -0.029133349720984764
123227 -0.03661598750050106
228095 -0.0357206688843172
335938 -0.010474740147898186
014255 -0.002218724585679965
121571 -0.03213553309244867
121463 -0.0495621609309363
120740 -0.026434883151444467
405256 -0.03957558219121114
229829 -0.023909426085194762
336148 -0.012164750662617583
405433 -0.031585735448728024
227582 -0.00951456299849919
230255 -0.03006041512772723
228143 -0.021557206339730198
405232 -0.04067801635160091
015275 0.010856979562688425
014576 0.037773696528005545
403624 -0.01990577844432879
122831 -0.05639403670858373
014597 0.009537934450711605
336067 -0.03682805849440314
228320 -0.03978611732151443
337456 -0.00701704695079158
228668 -0.04199514298632452
122369 -0.01846003010773137
121610 -0.03488327972788029
404410 -0.044830099155729934
405502 -0.03116055821708308
405070 0.012077266671670176
404989 0.007480958869174065
335386 -0.010047680206871832
336661 -0.0003053963434476527
336529 0.028294996069131797
336754 -0.007190163158051238
404023 -0.021808934317396153
337885 0.01155835648693105
337924 0.018137906170621883
403882 8.253664238031095e-06
122834 -0.048870972469092555
337387 0.01503917735959958
403933 -0.0027489791319082833
227558 -0.005219226055885328
013238 0.0027953534845321904
405991 0.017897823386722137
335656 -0.01816422596449935
405928 0.006350579367917594
229706 0.029178546197403413
228230 -0.04717153739586898
335872 -0.007221937877881373
228662 -0.044743044846722875
015539 0.011816669372444223
227804 -0.004910457962904722
336466 0.010598989209719618
337309 0.009794690936961501
336769 -0.034546592000083684
228431 -0.033967522859184154
015401 0.015128684881044272
121751 -0.027472656362978843
405109 0.026924356212057243
404389 -0.0435940491884233
228404 -0.04790902489166952
229271 0.04576463562230615
404068 -0.038029570634619106
121856 -0.03719678670729905
229775 -0.005345522638899666
335404 -0.004333560641898261
404863 -0.03916336465440663
336412 0.005527548241553984
228509 -0.025003275685209443
014525 0.017865007497079238
405889 -0.03236704646910309
230264 -0.026718393618187293
335806 -0.02341789469509037
121733 -0.021360964108192833
014138 0.004666750108197351
015326 0.02410098979214844
336850 -0.0185316766586372
336937 -0.01119698400980507
336712 0.006496501581808509
335878 -0.0072204803688594
228359 -0.04822614812201563
405982 0.014547022255995351
404101 -0.05181460356301919
335476 -0.025845463673034204
120950 -0.04254476604508298
015110 -4.789013883252158e-05
122495 -0.02579642740433252
122450 -0.01988987626795473
121877 -0.020169532510951223
227855 -0.016440763123451718
336085 -0.038449239697142173
336613 0.003089974634673059
228677 -0.03558643612480535
405904 -0.021336939930372095
404260 -0.026223839870490966
336928 -0.010427105820115367
120857 -0.01539872596188197
121133 -0.0378927460918231
120644 -0.028955146188141326
014378 0.012706781131407573
405043 0.009933945357210443
405805 -0.01948910766506787
404551 -0.018183966506796614
122669 0.003981413459284976
404338 -0.02937960066893226
335890 -0.006237208025170078
336430 0.006049939255935876
121526 -0.038749548638364294
335353 -0.00668709778541591
014522 0.01469130111561439
405688 -0.02240025966875376
229307 0.05841203614968021
336979 -0.014121670167912883
403720 -0.008136356291351631
229877 -0.024798409891523848
121319 -0.04361182357744178
015527 0.00641703832717169
013142 0.006678373649637536
404419 -0.04858080254383804
229736 0.018316551893917107
228215 -0.03912558803552137
335293 -0.024865413107708755
404173 -0.0398097099548902
123005 -0.04520853164433567
014810 0.020219631138302028
120641 -0.031057959500476073
336310 0.01530533237782455
403675 -0.025104886353617968
121550 -0.04553336734043678
121844 -0.03407667116384731
336787 -0.029358664235844538
337480 -0.02568566615787391
229091 -0.015505691296945463
335818 -0.019308126657335445
335332 -0.00965731780480423
229838 -0.037860822878755244
014558 0.019920743816151717
404098 -0.051139177306479586
228737 0.0010696610387025524
405796 -0.01390284348628912
336796 -0.023627227167124263
230270 -0.019892194512633382
229658 -0.01087952457038583
123221 -0.0359189248492575
405106 0.03898271078828653
122396 -0.009770815086915206
228482 -0.02205966522040713
336055 -0.03620355964065276
405952 0.02095739726240307
405922 0.008336621225831842
403537 -0.01001434175048138
335413 -0.004038287986139332
227870 -0.018584232133706323
121181 -0.03991190021538193
229571 0.017110346720136446
228557 -0.02147193081483846
120848 -0.014027391270930833
403567 -0.023469532295845
121646 -0.032179687548670545
228560 -0.021526420726729216
405436 -0.037969794406638675
014447 0.011239785460205487
121190 -0.042370952700589104
404071 -0.03902312025824562
014243 0.024753412793553062
335761 -0.028342671122180058
120965 -0.04480398773516296
405520 -0.039258011691345344
014078 -0.030137629447700577
121532 -0.04289760412993255
015302 0.03955377988271169
335302 -0.022228006125176076
012935 -0.024001258448260857
336073 -0.038138358794843535
122336 -0.04550356236368122
228758 0.005274967769909238
230060 -0.0139177373855833
227858 -0.018014487230913447
335797 -0.023912004355029968
120890 0.0003767430750324208
404677 -0.039577819108179264
121271 -0.024644235817016618
405172 0.004622470157644283
121580 -0.031542020649688036
404614 -0.021128518060581847
122819 -0.03645455303119325
121187 -0.038328024331887194
229151 -0.00444346100391015
335509 -0.03477637305914757
337873 0.011673376361840937
336946 -0.008370881109027591
228977 0.005510597610149254
120623 -0.03363348015737228
405865 -0.034037369693001515
335920 -0.019401464460236943
405697 -0.020333882805177787
121574 -0.03165055678875329
015428 0.006416179526762899
230132 -0.006089542815200773
122702 0.00047500454050378876
404155 -0.03478411343631329
335380 -0.011311596487835331
337540 -0.03604041667380894
403603 -0.03791858164670654
404227 -0.02665463043460359
404506 -0.03224785881495954
014285 -0.06336916609941547
229208 -0.011965670340630076
405694 -0.020753409455233966
337327 0.008523003428491126
404383 -0.040321255472733214
404029 -0.029646095838234576
122810 -0.010878230920189875
405574 -0.03134695031262611
336532 0.040408946094865325
228101 -0.0374497566925134
014480 0.008426917543204201
405970 0.0170071199573987
227723 0.008863963171393745
403960 -0.003064782154979933
121196 -0.04328276142629608
336394 -0.002836714809872607
335497 -0.03280645043093803
337939 -0.011929325194375645
336538 0.019111101055064375
337495 -0.02341856368716858
405406 -0.04012443280399697
404557 -0.019421022721614584
228056 -0.03330142395932372
336619 0.00463483833935107
121160 -0.04071218601377305
121874 -0.022353934921628574
229655 -0.007840859160976075
122681 0.002913686456270869
229751 0.012600569398590483
121904 -6.66742635550052e-05
230030 -0.013766960134223927
336802 -0.02283455580152031
405193 -0.03573873400867113
405583 -0.021778051165029323
404704 -0.02649627387555542
336817 -0.020830282554579378
403597 -0.03922535524470944
014354 0.0036352991427063314
227726 0.007700955223357033
122675 0.0038914540795791314
121001 -0.024832145219525745
336820 -0.019324182667542697
230159 -0.00634564684582995
015437 0.014693255502891108
228158 -0.025780748455903228
336025 -0.023689131204067647
230018 -0.011936403060801022
228020 -0.0373104222283941
335641 -0.01751777258159396
335947 -0.014575214986961588
120866 -0.015251582649892357
015389 0.017377390495683778
015518 0.010896748281057219
121457 -0.05351272358912552
123077 -0.010972737262771759
336910 -0.00825776549186342
122249 -0.02076032573142938
121334 -0.04089036067701147
335362 -0.002490284885537498
404476 -0.05827001198801396
228281 -0.04563033021947063
335569 -0.030953890830785622
337963 -0.020220867419174934
012857 -0.06450313169837454
336904 -0.007345337033549127
335776 -0.0349154047502488
228527 -0.02155213377927877
336445 0.0063282511027595795
405223 -0.04542849280455934
405079 0.012518309061727921
404128 -0.043836458675195276
120884 0.001394462263882734
336814 -0.020233958942299003
229238 0.03213066355647803
122780 0.0019375469993515265
336226 -0.00640027801852262
013418 0.055744538088693146
336874 -0.013827823024107042
121277 -0.031020224609788476
228800 0.007306613929563906
227555 -0.004867209809801426
122759 -0.003969059938810119
405421 -0.021056907689336723
122747 -0.010705314817882719
230273 -0.020249979371937177
337651 -0.01659716575286987
014555 0.016715875826936136
336460 0.007689131795331642
229586 0.018409772107358516
336367 -0.031128324160920668
404794 0.012866903564797208
405139 0.013909173351407388
228323 -0.039448027255270426
121697 -0.03472339578206099
228308 -0.04167192263165048
228380 -0.05229389507472321
015455 0.0144209972955165
121031 -0.02449475734054517
405025 0.009942568005438855
121310 -0.039293306544854856
404074 -0.038648070229939956
228551 -0.020767309183933248
014033 -0.05377376636306008
228764 0.007799143472539437
405049 0.011223023911607576
405334 -0.024693439629725478
228776 0.009717109752813213
014627 0.018182408305424648
337846 0.005371258442434124
229880 -0.02340069285150383
337441 0.0025680608942051123
013115 0.009632769645767167
228083 -0.04219239707977053
121121 -0.039456820381278714
405643 -0.026097466272679254
230153 -0.0005748052339065586
015320 0.026410692456028933
229901 -0.013892217920406614
337363 0.04273624631195644
121379 -0.037305458946746035
014441 0.017314867022067304
121568 -0.031419002401688656
405307 -0.0163297472399127
013994 0.004025116529053841
405646 -0.03118116208338937
335914 -0.014993344180693645
336790 -0.027038029905689553
404515 -0.02245972521442703
121010 -0.025191547096727128
335941 -0.009179490754861703
228047 -0.03558157018163978
405214 -0.04615821386402016
337837 0.008774676230428921
403657 -0.017545140240617745
404512 -0.02634185715765961
013127 0.008718426835669152
335458 -0.013649086467549055
122666 0.003872707297617139
403582 -0.040319129357417785
335671 -0.02907633504095593
229205 -0.013722961542271246
229223 0.021810021037842256
228761 0.00560982277421384
336109 -0.04039501175858807
228299 -0.041721846461053494
230135 -0.004023240838029775
335410 -0.00344855748981201
404461 -0.05769789379673419
403618 -0.018724772434846774
229067 -0.01025568682049948
014309 -0.05673838065414834
122405 -0.006909947726912148
014603 0.022529871060103967
015434 0.012937091993959704
336379 -0.01689105002650273
336355 -0.0395630045948115
403897 -0.0011054787549145443
335857 -0.008674663969607602
336436 0.004467092551194227
405346 -0.029895123730393273
122207 0.01014871288228918
227552 -0.005955521852463691
405127 0.03314431226393582
012878 -0.020270801553822528
335614 -0.016042102615381238
120971 -0.04363642316071267
336481 0.011893819706979747
122684 0.0029477030018957447
123284 0.003955007782058111
228329 -0.043859032474735424
123059 -0.025774479331389853
229610 0.0032762550309137985
337318 0.008963743845621744
404059 -0.03516262518318992
121082 -0.02890337850061947
337489 -0.030717488241778113
405472 -0.06768463362219915
405352 -0.027084563404847772
228734 -0.0001055681819585283
227999 -0.03997868551205649
229070 -0.0112104308764098
230150 -2.7433469861600436e-05
404716 -0.020013988723314516
229715 0.013294269151987266
337354 0.05211522873213586
228521 -0.021730946043811778
122900 -0.023901774378610206
403939 -0.0013428679464285275
229232 0.02537283832165669
120698 -0.01528656269458915
121880 -0.017561410057881154
405607 -0.020643793613579015
230168 -0.016427111190195524
122693 0.0020541900008748996
336508 0.013339484361486208
120923 -0.022766116041375885
227927 -0.028966971791561998
014615 0.025814151664325966
335644 -0.017560597880419963
228371 -0.049203575185058586
227996 -0.04028797540160007
228791 0.006114301726721372
336751 -0.00242041622072773
406024 0.02663659531198613
404770 0.014664559341204418
121106 -0.03658977998220372
335773 -0.03335824761635218
335344 0.006466954057901519
014357 0.02063132872446925
228335 -0.045968831695733146
335680 -0.029125273043024005
404332 -0.02723381055456485
122441 -0.015223627890071664
014891 0.003801037394811238
404299 -0.022503657343626998
336427 0.006315120966324121
336409 0.0045888788424614125
015359 0.008370266514654428
122954 -0.014336121265398386
228410 -0.04445815516253248
122897 -0.022136482922307212
122147 -0.03266445738774821
336844 -0.02223980185446455
227822 -0.009364275032460585
336511 0.01345068120538019
337498 -0.025268532087822922
228266 -0.04799015903612411
335488 -0.02120336508662537
404902 -0.011943713719008113
403807 0.0027132812065704965
404209 -0.036770360835220346
336238 0.007399604434058781
121103 -0.037101818261877154
123113 -0.005778397540511751
229580 0.018951138074252766
229982 -0.008272064065536763
228479 -0.018653952857517975
405124 0.03871770464635613
336457 0.008397955170222135
336670 0.00012199172094402736
228326 -0.04203955594490201
336403 0.003268950932001792
227846 -0.015559088163079498
335602 -0.01430464838887309
405598 -0.01571636481825354
405940 0.019844826679240948
404743 -0.043343867820160975
335482 -0.018005431003072808
404122 -0.04866652191208303
403543 -0.009628816549289614
336547 0.018218064790114247
121349 -0.04738301283869392
121586 -0.029028029769370186
337960 -0.01152668889602623
404374 -0.04201701363566303
335851 -0.00876235101056635
121577 -0.030669585335235096
229193 -0.017916601297085877
229094 -0.0181531544293549
404635 -0.02195200036588024
229607 0.007758340759882852
405343 -0.02910163396697167
403612 -0.013002491343581394
123014 -0.05049699398606404
015293 0.019476711696477376
015338 0.020119593749278315
336118 -0.030670834668190237
404329 -0.026393255471426347
227876 -0.010802130099215539
404686 -0.041306898267109426
122576 nan
404779 0.01556220656219048
121757 -0.023978223861506748
015452 0.017721543464562693
227570 -0.005804824312204913
230219 -0.04462627966608869
404908 -0.010026448026851372
227993 -0.038390310806593074
121046 -0.020223509858137693
014789 0.014331019870818607
229766 0.0017961431051713196
013439 0.06287913184482671
014609 0.025607777427214984
122915 -0.023026591510460544
121589 -0.029791935364787227
122459 -0.01782177245758431
229577 0.018452698247045533
014564 0.004232762973191645
227708 0.006389302390879767
335692 -0.033819971510784745
122948 -0.012172610237484885
405610 -0.020616494969365608
403684 -0.045448763582117586
229190 -0.018048344650741385
121370 -0.045877236569768484
336892 -0.01135684554352405
122930 -0.016600601541115634
406015 0.02580220872590168
335521 -0.03919901492917171
227939 -0.023549692721264864
228377 -0.05136455368470031
229256 0.03916845308090629
404800 0.010142363734256114
335260 -0.039724599567932437
335575 -0.02607973329051837
229019 0.007704203839866631
405526 -0.03997216593477719
121391 -0.037684041747066216
227828 -0.008418864692059413
405538 -0.03828008703389227
121058 -0.017594486433701956
121352 -0.042590568028684335
227948 -0.014283122002393352
404404 -0.04476333781410465
227645 -0.011860443545987812
015431 0.011821183982670897
227684 0.005807915762688817
228290 -0.04379164393330033
227966 -0.025071154755212512
227720 0.007554456953018433
404224 -0.028952694843849342
013310 0.0004030912543622011
404437 -0.05330795972087837
121151 -0.03978108424288936
335536 -0.026008199745482467
230183 -0.019448624440585992
227969 -0.028241642478840447
228518 -0.02331968082733365
336079 -0.03915609112320851
228032 -0.036778465564378894
337681 -0.010061363809208504
335755 -0.02896537259922638
014267 -0.0087561312299003
228104 -0.03663194694149457
227912 -0.02864310576880475
403681 -0.048005156666822243
012932 -0.02556570955857226
335986 -0.027110159619434176
229784 -0.006533801424001479
227903 -0.017122424370239652
404734 -0.027869290361238627
013073 nan
228116 -0.03417046106760464
403579 -0.03847788925776406
404563 -0.02567785793666724
229694 0.02853525199105158
121520 -0.035108898330811905
337039 nan
229076 -0.009745084739489797
336313 0.015215883810053428
120881 0.000488365427106356
335959 -0.014199327285157465
014828 -0.0041042664694407646
404488 -0.05782023843500899
227918 -0.03293587431215245
228023 -0.03722560830433628
336856 -0.01901100380184382
013145 0.006705947351914083
404773 0.015604148630111935
405649 -0.013882190321689932
228965 0.005971064091359497
405910 -0.017411644535549355
335284 -0.02302544320979125
404554 -0.019994471674469005
405148 0.012497980776287259
335662 -0.02206045124826756
121778 -0.02267245521354248
230252 -0.030532610080860282
229142 -0.00468900976580334
014276 -0.029888645184979475
015353 0.013579280403862706
404761 0.009656123238670888
229064 -0.007111134089181397
014552 0.015216140513633916
120935 -0.03004440494994097
121100 -0.035211416939806346
229166 -0.009082122551090355
014846 -0.009862456372175267
405616 -0.023113244144861652
228524 -0.02144566465989043
403876 -0.0038342771636675826
014621 0.04076747547127912
123065 -0.023442471965361342
405868 -0.03536427401900948
013139 0.007134658930208421
230186 -0.025380955724911655
403903 -0.0007128839953908392
403987 -0.01761940524647235
228473 -0.021683939463605206
229679 -0.028312257725935975
335455 -0.013856319115238326
403894 0.0002999541918149524
405880 -0.03920141385093569
336877 -0.013829532511335703
121493 -0.029112136695120073
013157 0.0001506622723692678
336022 -0.02271902589292642
336040 -0.031847731508678125
404611 -0.022245203614265942
228167 -0.025877528327306686
403990 -0.016285866807177665
404386 -0.04102802402183585
228071 -0.03495720127788285
015089 0.007071530140896953
336202 -0.005553323572702142
335977 -0.020421171370348393
122237 0.0017548458474177919
336475 0.009977558696711505
120755 -0.019118684752720817
121028 -0.023379387519447316
120818 -0.015525424431380911
228119 -0.03224559791594855
121769 -0.022399420071913808
121436 -0.0561215955676157
405058 0.011358871705948364
403606 -0.006966292020144645
122753 -0.008530803474168928
337459 -0.009205066849329877
336154 -0.011814182318140413
122255 -0.03793943317153162
013229 -0.005724988248101737
335338 -0.0015726894127903017
405022 0.0082843178260797
336082 -0.03967537207848093
121718 -0.030020095978254148
121346 -0.046768623478280896
121886 -0.013103566725368639
336502 0.012335983735006913
336019 -0.023692295518338954
122786 0.0044925828764373335
228254 -0.04836745818505162
336490 0.011194236842649325
229250 0.04395679539331777
122957 -0.012246614595716644
229889 -0.02069253750027172
227564 -0.0058277002550899525
122291 -0.05254080748360828
014075 -0.022298461191529027
013667 -0.026622730618191176
121148 -0.041137672520445
015113 0.0007092877039833674
227651 -0.00954259954488575
405412 -0.01764002929260059
014426 0.015077114496945473
404671 -0.039224777804578954
121892 0.004146309620262554
337909 0.009105207878626034
230192 -0.040362792569018556
122849 -0.039626002955250365
335563 -0.03432092477735399
121367 -0.04988788114627772
405844 -0.03343144148078563
403831 -0.01538618634717108
335983 -0.025590501802196915
404638 -0.022026117128427312
227768 0.004629910868884557
229895 -0.017376120095132154
121988 -0.035071349193165756
337642 -0.015656554235235605
229175 -0.011678399054934738
403912 -0.0019385197894908875
015152 nan
122894 -0.022473692506687293
014432 0.05297497771136822
335401 -0.00427602199319437
404608 -0.021126211250793687
122399 -0.009643788718952983
228434 -0.030000428497754698
405814 -0.01722512840025382
015347 0.012356631974784696
228272 -0.046560695205415996
122225 0.005553757217680481
120956 -0.04584254868016786
014594 0.004328378624964609
015524 0.00785044860587549
403633 -0.013698031642037686
228059 -0.03322830451847316
228548 -0.019049524081721374
335581 -0.024940538329460034
014720 0.014118842346958383
122384 -0.01975173201379245
404467 -0.055703820882637825
404005 -0.02086188612279224
405097 0.03553413126525828
229874 -0.02672554494798645
122501 -0.018909980497745855
405241 -0.04167457361334776
229073 -0.011407385848556377
404290 -0.02133419448320541
405622 -0.02860516395805993
335962 -0.013933194889908745
337330 0.009005725253900932
405664 -0.008781763781419663
229808 -0.0017806238598293731
336061 -0.03662609447482876
335566 -0.03282668236912453
405244 -0.03956802982991982
404347 -0.033108876155330244
335599 -0.01457014345303426
121136 -0.03478984933528218
335359 -0.006863265879901813
405730 -0.02665189478104059
405253 -0.03605299939981545
404035 -0.03519985485650444
404368 -0.04046529869635289
120887 0.0018828449741242425
227561 -0.005078549748623462
230123 -0.009308508614443746
405283 -0.04805336621322013
336028 -0.02410855363659708
335893 -0.0062213806497882496
228338 -0.04568441611097252
405457 -0.046147154268577864
403630 -0.01616102946451686
228476 -0.019250390557062822
228866 0.004204917965794135
336010 -0.024161677914371505
405388 -0.0444286584069748
404725 -0.019755392199037096
015560 0.05901621210229538
336328 0.013605918317992998
227717 0.008062647661036723
015017 0.019254242141514027
122414 -0.0108614738547135
228779 0.010232022900500065
405016 0.0078076477929608125
121604 -0.03325891207499677
227906 -0.021328837670686045
404530 -0.022437181352332306
228002 -0.03976721677660483
335734 -0.03386379416404797
404149 -0.03408950456158542
229409 0.020153502901766533
228815 0.0032393389908724987
405145 0.014727853160866805
335953 -0.014374639587582078
404590 -0.02375639207583669
405565 -0.03493200835664785
229487 -0.005452937418000203
120977 -0.037257366381319504
227816 -0.0111497925213714
405943 0.022642768992177882
403951 -0.0036010866124065676
230177 -0.014482860174826067
015041 0.020597972498311627
335968 -0.016688967170242843
335665 -0.021212550466634894
405052 0.011930429166985982
336721 0.00805595329647243
123044 -0.037422846412424236
120932 -0.022062813968630534
120878 -0.0018695322864750645
336778 -0.03459024717883458
014942 0.029276451406144894
230117 -0.01103783714687517
405859 -0.0350869561634063
121787 -0.018380939019263697
405013 0.0080499850798451
405820 -0.017368477824369365
336823 -0.019041187544014012
122708 0.005813946162033608
337978 -0.03703387234938694
229145 -0.003039102361258362
229853 -0.053676836582663576
404905 -0.011985329266950914
013550 0.008626002273021342
229817 -0.008115107312573512
335395 -0.007378365750573261
404566 -0.028581326492512816
335500 -0.03628574453006649
229820 -0.009889024222267905
337942 -0.019435740576850043
335950 -0.014359226929397792
014453 0.006763613136954347
335650 -0.017939573181936806
403738 -0.020602516670569296
121184 -0.03908623148519877
405358 -0.009134007501731397
123116 -0.005833252568559753
121829 -0.03166440174523009
228788 0.00660159106545605
404137 -0.03740398519156976
336898 -0.007121331378034154
336760 -0.025677831769306103
120920 -0.016522404416081174
335617 -0.019061022065539637
228812 0.004342681917793308
229100 -0.017247049698684312
013307 0.00023160268972208207
404911 -0.009307723420215479
337945 -0.01835931344007058
015254 -0.027964061944043484
405577 -0.028389566651729453
229685 -0.02203023432817316
120785 -0.011915033314085227
014027 -0.04103721032231491
405382 -0.04614479727845974
335305 -0.021654525396542983
229169 -0.010291969134384682
405739 -0.024860709749851467
230210 -0.051224844027746734
230231 -0.03427530561236989
228707 -0.06213483464692192
335350 -0.0013742859457735663
229055 -0.0027949044985818914
121013 -0.025434195166097188
121517 -0.03343346272979732
405364 -0.032399111459853705
122876 -0.018487728297055424
121175 -0.041620962942492894
122825 -0.05178019652574275
229112 -0.011767613388128798
229961 -0.014929592978108386
121835 -0.030811290547457935
228011 -0.04086721523829213
403735 -0.017546654331731096
403654 -0.018060458446462577
228620 -0.05245641082438366
337714 0.004001191305735755
121226 -0.03602607963940039
335971 -0.01749073458270567
403528 -0.009239898622265616
405727 -0.043148667987386556
336772 -0.0309122565301475
013277 0.006557491052718389
404533 -0.020471066767316342
229730 0.0205745899872912
228998 0.008569887787772451
337933 0.002813752745512151
335683 -0.031037538423613387
014561 0.018776869401113415
227579 -0.008085411524758272
336454 0.005784077699394281
228197 -0.028170886223260177
335728 -0.034906132481574065
404668 -0.03650504323940169
336151 -0.012219784880785371
336664 0.00044831087826482555
335632 -0.018126320838928223
228845 0.0025452733895238986
229160 -0.006529162871238121
335383 -0.010538591756591768
404797 0.011575390323858313
336406 0.003991906483348427
013790 0.01868110398451487
229034 -4.054457948984761e-06
229031 0.002194621943179947
337972 -0.03317208220520096
123287 -0.05604136793367061
335785 -0.03750865313859593
336736 0.0063496567091049505
336199 -0.007902800948016651
229769 -0.00017955935016942092
405916 -0.002534841430680031
336901 -0.005072677452085004
335788 -0.03419776852467191
335470 -0.02128383974108557
015404 0.006649350626583148
121289 -0.03192122317860964
336253 0.005084265428293901
121736 -0.0167863015575727
404482 -0.05820547812208503
335596 -0.015732403985314856
120596 -0.052024939347979644
336448 0.005668229911298979
405403 -0.045329252912241394
014012 0.0005316884314687048
228161 -0.026604821442296266
121511 -0.03046792228014863
121469 -0.04446109718353423
229670 -0.020894826134316237
014246 0.03752400277881446
122744 -0.01667980083820512
405454 -0.04478344768641314
335932 -0.013321072943012118
121823 -0.02985163213311463
227759 0.008478458336569829
228530 -0.020218984547988834
404353 -0.03801958429101864
405400 -0.049613415355835806
120974 -0.04038532899128965
228110 -0.03689500183172213
337333 0.008983456899249363
013496 -0.004076222912989657
336364 -0.0334768201031223
122282 -0.05227304261828226
122267 -0.05444333831808846
336376 -0.025801311934726415
337645 -0.015852271491899324
404095 -0.05164901529656681
228125 -0.024610562961256036
228686 -0.03819180075966176
405088 0.014312525419277905
228317 -0.03972354800029576
228674 -0.039134845448215085
229796 -0.0014042886867958635
015509 0.011733740095108271
121802 -0.014990184579621552
336388 -0.009049897544035781
121325 -0.04318867585782141
336628 0.006030302487051512
405238 -0.04405728226012619
336742 0.0040862342317548655
229118 -0.013418466174855048
229850 -0.05167257384545991
122921 -0.018091723830024883
228092 -0.03753585954494797
404602 -0.025589379776759645
405718 -0.03001517487450193
403984 -0.019025781486217072
403534 -0.007625205381473996
335308 -0.020864206364645702
121283 -0.03337552742065508
230234 -0.031685212966610185
227963 -0.023557309739562975
013130 0.007267883163301269
120926 -0.024662097131651378
405370 -0.03474646901327466
228236 -0.04891834278601854
229973 -0.012766104234327946
229622 -0.0010273691252875674
227897 -0.013644528524134976
404812 0.003961592752415268
403516 -0.007737005720164088
121853 -0.03656245625028084
404452 -0.0564016935355661
405589 -0.006370097328828399
014636 0.01691916077165511
403708 -0.022396860782852038
405949 0.022285229987830547
229007 0.007161730791861083
229220 0.013407653547524993
404701 -0.025161264483211584
229085 -0.012161275171518748
227933 -0.034221638413865635
406003 0.024449324075042352
404752 -0.00937512848797902
405280 -0.051765917924822144
122390 -0.014103428361379554
230246 -0.02883639886025054
229883 -0.022153755419469963
403852 0.002003420164372857
121229 -0.035834688009047995
337477 -0.023134902523912104
014429 0.03333317245457978
335347 0.004227886146636849
122738 -0.027080367160996478
121859 -0.04066596120413622
228785 0.009666210787307812
404257 -0.028747539731331748
013766 0.014913770572218314
228512 -0.022029206165490887
123110 -0.009488491828709155
014393 -0.006204383207016251
403870 -0.004440157209720444
015482 -0.011016528809397425
405514 -0.03798356928078006
404767 0.013631865409809273
121274 -0.026920163507919884
121496 -0.029428460000216053
014504 0.03531026192394042
405250 -0.03457109960280894
403615 -0.0170437110836795
122981 -0.01897580855107181
122387 -0.01589673239313237
120821 -0.015597928751696336
404581 -0.020771219968883786
014423 0.009204460550284742
230195 -0.04281053072173263
337531 -0.02835414093434928
337522 -0.023001156446327466
405310 -0.0007351850458274667
228494 -0.026286310972081645
014039 -0.06541199597273382
122672 0.004398287078480661
121598 -0.032494958852759555
404263 -0.02581479768046727
229001 0.0075343325856113965
405322 -0.018867699693119716
121772 -0.01904914093975715
228122 -0.028282504077436602
120728 -0.031240622017447744
122918 -0.019776340523948156
229163 -0.007912827470188679
337897 0.01035414939585597
403942 -0.003178833801893126
228227 -0.0463267387357665
336091 -0.04057468360705898
228260 -0.047214216839654134
227978 -0.03475440992312158
014123 -0.038455178852209865
336694 0.0013850606233577212
121712 -0.03466426519760109
122426 -0.008387239322848664
335899 -0.008657978610894276
015362 0.008707632913012955
120938 -0.03734962860687001
229499 -0.003928263317306171
227801 -0.0034205260626957424
336070 -0.036476964341700745
014399 -0.017103246676169363
405304 -0.023176380419110586
404740 -0.026680287231892457
336337 0.008910645206166964
228365 -0.05034018072455541
404335 -0.02808140362507746
122378 -0.021221567639455208
227735 0.007285616301839689
122741 -0.02089804602645294
228770 0.00889855448359076
336295 0.013808837903091328
335461 -0.017086762514609423
405055 0.01152449643530813
337357 0.0513378260515217
229253 0.04227960319706804
015470 -0.000596454453569009
336049 -0.03558062429026117
120704 -0.006776841245706374
121280 -0.034076478472823336
228500 -0.023599566504427398
121508 -0.0296127963696838
404518 -0.01747355240020883
405031 0.011064518611509725
123275 0.008935241787521928
335530 -0.0330866700297737
014579 0.03177326413224714
015467 0.001776774487798176
121445 -0.05719203595019856
120959 -0.04509859864755302
228356 -0.04813568823439834
121145 -0.042844102846196906
336637 0.004846263126333614
228644 -0.05226423317569066
405931 0.005543035240180381
405637 -0.0280020966567442
403552 -0.00017088679088564948
228131 -0.017041963814003788
335434 -0.006745494745668904
404158 -0.03488744012848931
015497 -0.00992498561943662
121613 -0.03467428074049741
405163 0.008252648776904466
336727 0.008021521595910002
120632 -0.030910102358150317
335296 -0.024556945553063193
335923 -0.02233173573681616
403909 0.000473166705991032
014435 0.03583986141877403
120875 -0.00010821122691464472
403546 -0.0033958545092661026
121949 0.003239792490762378
121721 -0.029160577994385307
228755 0.003851508226047377
121793 -0.018861970725875074
337468 -0.016071989200955122
403858 0.0014901155993878642
337951 -0.00660206812849233
335287 -0.02131986951297054
404896 -0.01485717955782325
229652 -0.008457101033951238
405199 -0.04876977677555315
405355 -0.018022614570311554
230243 -0.02790200142182821
404362 -0.038873880274010834
404401 -0.042860423360552104
336292 0.013404841569722877
337513 -0.022275123456159337
336136 -0.020068725929750557
015134 nan
229436 -0.003644105821552842
336391 -0.0067152524411323525
405064 0.009467892292397893
405997 0.02193664603216951
122240 -0.0014403851352893266
335326 -0.013599904193246828
014366 0.032480121566520415
336631 0.00460102126283114
336718 0.007597717953127508
013286 -0.0013546767344894523
336724 0.007749358168593399
404470 -0.05762817319767349
404689 -0.04054941035015679
404422 -0.04907922200336215
123104 -0.01104092649567179
121040 -0.023518642896961258
014375 0.00800884294871876
404191 -0.038700186240135784
122798 0.0007330723139114713
015368 0.00784456974388083
405181 -0.008713756722064175
230138 -0.002191819425613161
335545 -0.03256388503531465
228413 -0.04173674778936853
227765 0.0054397303034076526
121754 -0.027453758239746093
335314 -0.01851159429130579
403930 -0.004810354509131405
014954 0.015539423963280645
228830 0.0031525479645288282
229613 0.0010395278712008575
335374 -0.006177319827533904
336568 0.019873463448594583
121607 -0.03452591559442761
122381 -0.018624761496262084
122534 -0.015272358638096499
121166 -0.03940763584984517
122261 -0.05037865308121609
403888 0.001947300237277823
403678 -0.03477179144276958
405874 -0.03752805738837117
120659 -0.028564591296235023
014444 0.016221021343600227
335467 -0.01861790902358387
014294 -0.06309208321192908
122804 -0.002897924405096746
015563 0.04178653755200603
014540 0.012973542902847364
403645 -0.03126782464161508
