335422 0.027989871415852127
404428 0.00674123922306957
405418 -0.06980164124414596
229733 -0.07038258231133439
229703 -0.11888640659823073
335887 0.06385191813988804
229235 -0.01392385169302176
227873 0.022319339261241303
337900 0.04788255320042789
229079 0.02655087607558537
015299 -0.050530439654710324
336145 -0.00885257642866988
228257 -0.026068971459219298
123050 -0.016791589302690892
405907 0.03049609737728682
229202 -0.044338039260417954
404587 0.02232364331278139
335824 0.03911939178098267
335323 0.02559136714408985
015461 -0.015135469119428998
404041 9.345014782766906e-05
336190 0.022174677018322455
335713 -0.011040026369603495
014363 -0.09580688719682937
405331 -0.03165865708519738
404650 0.026962601003192723
337894 0.05120146344279686
337879 0.05192376389209392
121562 -0.00310947843277055
405319 -0.08703556828614738
014411 0.033273867593295335
337519 -0.0006584700575125486
405958 0.03508291489807317
120812 0.06352002173244786
228347 -0.028212338643661163
122372 0.07181496350663309
403864 0.04883512040865901
120917 0.046315147427005356
405655 -0.009462903601043869
336841 -0.028437125182968516
229721 -0.1242130141075697
229196 -0.040041954747055464
337678 0.04351414937512714
229340 0.014486033035243722
405292 -0.03271181291779659
229631 0.037116832715636885
228149 0.05167878109683365
228176 0.037749258530967875
122795 0.05946628324370037
405619 0.011102352061056739
227807 0.04082217517575853
336499 0.04888535263361754
120824 0.025162236710405492
121895 -0.02055782410171032
014648 -0.00968257472072106
123101 -0.012691345608038765
405661 -0.0083794963938964
120863 0.024426255484073487
122912 0.0037307347960929523
405985 0.042020151169931706
337921 0.037720042829406476
405706 -0.06511834697716855
336748 0.05685602610350191
227762 0.050489800263894206
228536 0.015438906114098769
405934 0.042635672953103505
121037 0.0006705666417808135
405994 0.04951659609198067
405877 0.01443452073939945
014489 -0.0007116186257992035
404395 0.018443790362271426
336913 -0.03387870594967315
227867 0.015489359756370445
121313 0.012024698794473779
229598 0.00925725248707083
121889 0.003629812110002329
014345 0.020141397259371172
404875 0.016692293346571824
014495 -0.020465553934004597
403906 0.041592234747750416
014060 -0.018334306695606675
228566 0.007473649549736548
121400 -0.03408527395892846
335266 0.010475755923899627
336862 -0.03424520780928613
014492 -0.02451432393226789
403723 0.042408202351425346
122732 -0.013661677575129724
229106 -0.0038803713764314733
123128 0.05219076774350307
336781 -0.0005266994145227481
120692 -0.07427601417821307
228065 0.020138720365933862
015284 0.03266040244564661
229748 -0.008448813428903723
014612 -0.06611962557214304
335992 0.010009851903331524
335446 0.04137122618510602
121814 -0.0015302602669642834
120839 0.024278788499429188
336553 0.008818980988797482
335926 0.053073391703801924
228878 0.06506639230446737
015491 0.04193402269259602
122792 0.061478605780067516
405271 -0.026463618806825046
230171 0.039412907876101994
405349 -0.0011214926499657303
228578 -0.01024900771350128
336667 0.013676021837280821
122963 0.022628331369798485
335737 0.0030985094002375243
403531 0.04964750374550427
229835 -0.02098243414102354
404239 0.013842279177214591
121205 -0.03558141581806136
122924 0.016343944706700853
336715 0.05210707999738308
405376 -0.02246317689174355
404287 0.01329000275801894
123020 -0.021173717700370617
120689 -0.0650518932438136
122756 0.030002058179275013
228488 0.003287493316153237
336658 -0.0025810421850750473
121085 0.023138439178640127
227930 -0.008444610846285918
227984 -0.0029429871691150473
229601 0.01193514303442206
229157 -0.030954989893892882
122789 0.06157482866694823
121529 0.01919303606426905
123146 nan
336301 0.033820540068742015
404569 0.015235446410189826
230240 0.025233266000844995
228332 -0.019287101260806745
337396 0.04598762712240759
404398 0.016495902451046363
405160 0.027890282631334327
228683 -0.012953851178408343
122462 0.0502390375376542
405811 0.01327553703037149
405766 -0.04390613503801307
336424 0.03379778029426696
120815 0.04033627093377466
228140 0.06198922776481999
121079 0.024988353985908394
335674 0.00034453046065015627
404746 0.012698708749186305
120830 0.022733981959091605
122933 0.022818347729674174
336343 0.05179021557227468
229886 0.012219522051826805
405484 -0.04405717669768379
121643 0.023401407407775198
227798 0.04327857476454955
015488 0.043723593231231435
404788 0.035427287669539384
230189 0.02674159330229086
228218 -0.0028557315085268008
404305 0.013025859106728712
229712 -0.1477269272112121
337504 -0.010995181250018558
229661 -0.04186740201585242
337876 0.05089911935190675
014933 0.006517907004718005
228233 -0.02092033698826271
337366 -0.0008282323159502519
227819 0.032956148296327245
336100 -0.029582882237992505
014483 -0.002330717009900558
336652 -0.008500886202292798
403525 0.04914582712998917
229241 -0.024977026701713
405220 -0.008806496174628833
015308 -0.11062661002552698
122807 0.05778749048270129
335506 0.013140730420060316
228200 0.020994683478529435
404146 0.0037054238799691503
227627 0.05846147326667971
014477 0.01518924121675908
014381 -0.06003188511023776
014549 -0.02533454546987875
123086 -0.01808271729295401
404314 0.01595815941148364
121784 0.010780163384316909
337369 0.002784492600055349
405871 0.01710790979207725
337711 0.06996304311870058
405799 0.014036461557274053
121727 0.03096034122503995
227900 0.018968625529124525
405151 0.011231612652209967
122543 0.026960725577463526
335956 0.033560135920129484
405850 0.017839113347776832
403540 0.04972461409313547
335710 -0.010595782566512151
122417 0.07012261114823
405685 -0.10146387639677747
229139 -0.0333556017488171
229688 -0.08507764494840882
229664 -0.05205157863591933
336043 -0.01910661434662667
405784 -0.02024904749266169
227894 0.020270972355343975
335860 0.058942278567936664
335881 0.061204102162330874
120980 -0.014771855612861911
405076 0.03274750148944094
121460 -0.0020072002510286725
228419 -0.008302534949478097
015356 0.028789727035456916
336838 -0.02531287298207478
404248 0.020361079615190472
014240 -0.013417945673436297
012842 0.04943283347340373
229832 -0.0017893788133348733
228836 0.057665121181737986
227711 0.05602759769447221
230198 0.008694459995693854
228401 -0.026992846592678768
121865 0.004824023280759202
228437 -0.0043415242648359555
229088 0.022573629696978157
122402 0.06697866247695904
014534 -0.021283299503600965
404194 -0.0012078748655128461
336517 0.02276409287301321
229646 0.0023397122875575644
405499 -0.02507366177137698
014606 -0.09988592540526928
336304 0.03253912065299766
405571 0.0074560694768511385
336352 0.018247612906460785
228554 0.010751841494235307
228980 0.05466988379642726
335989 0.017737210987774595
405247 -0.00030875258213759516
013133 0.06052090282793397
122636 0.062185381308512255
123125 0.03693471811069606
336916 -0.03175504748552698
405112 -0.1396192471372439
228491 0.008933376226643319
405427 -0.0605521164905006
404107 -0.025036218452667153
120749 0.03548233439682653
013448 -0.09793736309531433
228428 -0.013058062424601457
335398 0.02597738934970772
337360 -0.016205808707445018
228449 -0.016405344193109215
403714 0.049000616446050894
405274 -0.02558651544972803
403672 0.016076238896232904
336034 -0.004085984179582547
403726 0.039762875155450794
228659 -0.03715281445598561
228638 -0.03954655725066525
335437 0.03203061922460658
404599 0.02653750235861992
403696 -0.0021779950485635575
404185 0.0012281207777475284
335707 -0.014060543685309157
228605 -0.035040097690352566
228374 -0.03212090614622673
229448 -0.002722196386770696
405613 0.00449854768824724
337708 0.06740424084284949
122432 0.0815198340360011
336298 0.03391933976201066
229574 -0.02432625296546549
335677 -0.001163167668695707
122438 0.08527608063962551
405040 0.039946212181969296
405667 -0.010317780123298856
336097 -0.03227619185644714
229727 -0.08975112949845784
404647 0.029197519184440694
337918 0.033028977179022694
336526 -0.002167997980964254
228872 0.06304856508265509
403975 0.039876279421487755
121832 0.0025907386633683507
121331 0.01678369351627009
336400 0.0058954782540373875
404899 0.024045740081617396
121907 -0.017696821567563702
122990 0.0037002960504168673
121220 -0.0017539968083017856
405772 -0.04287415677374536
405841 0.018631548548656104
228245 -0.025952502969233248
405385 0.0007636059885085074
123017 -0.022352135646212797
227750 0.05581094098199252
335911 0.05937739598681064
229040 0.0572333386238387
228854 0.0627617116958376
013640 0.07224863781139694
228008 -0.017469883474209164
404629 0.031987909917478206
121553 -0.000186586436070392
405853 0.017534124726962207
228014 -0.014631835227592403
404572 0.01679012133263245
404659 0.02349033747486566
228983 0.051021282836336904
228857 0.06255501746069053
227714 0.05519046727765643
120806 0.04285774090656512
014771 0.04205267833023476
336139 -0.013907064309774593
404887 0.020471906736944455
228293 -0.007635667044580105
405625 0.01156198887452392
227891 0.022642246726188572
121715 0.022488268337926276
121691 0.02014111558319903
015317 -0.04617656446982599
014714 -0.003112754155349879
120602 -0.011021429360901502
122909 0.0022010129240116797
014807 0.012863618986947196
120674 0.0005800800775736473
122978 0.011122520279045416
405847 0.018847505448471764
405460 -0.016253115673733477
013466 -0.08170225279671804
404536 -0.0218279913811676
335428 0.019498747460412975
228038 0.011514320068901723
404053 0.0005547770384145333
014072 0.016687061837924427
335512 0.000745880955079674
228842 0.043433342953786355
121049 0.00532099846601814
014516 -0.07837200411995877
403867 0.041774704416382674
404644 0.03295481128570361
337486 0.04461821890829529
121799 0.0013713186846290603
120737 0.031178085629481697
405679 -0.05979953512389897
227975 0.0015077835640993288
015548 0.02622510661610211
123149 0.07700640057760572
405442 0.008269711031542542
335419 0.023550861476873138
227729 0.054112092452074476
228146 0.051579933917393156
121817 0.0017371673675198665
015464 0.002615416548812888
014834 0.03322886528611994
013034 0.04160680089678083
228833 0.060435015483508034
229802 0.03722829795107479
015449 -0.06578861664543906
404017 0.009564696709262487
122678 0.06546133286451823
404425 0.005413096021059095
405121 -0.11284896929625465
228863 0.06390327328116968
121433 -0.014709349694429757
014021 0.06006963590098819
405883 0.01127608037887805
014531 -0.02392076506537221
403981 0.038460981561567006
403687 -0.03089191505480807
337555 -0.015268709962818032
404077 -0.010595560815896047
404284 0.015526545199978646
403849 0.039085967040798905
227753 0.05310574515129174
228989 0.04181960583273786
404458 -0.0001871393443980895
337501 -0.004406421361057937
403639 -0.05109458901461743
405979 0.038831635351809016
228017 -0.01226757660155121
014420 0.03471115831203813
337288 0.024769750322614397
404140 -0.008299013688450766
229298 -0.002637769098324992
121295 -0.010113730410899014
120647 0.0020333525491139253
013739 -0.033051517209018826
228029 -0.007596130814833454
015530 0.019220413106069978
015335 -0.005669183972699882
123092 -0.028059714226194906
227648 0.0658325933009618
405235 -0.003221744903160863
405592 -0.03303642216763323
335368 -0.04054426857454487
405184 0.06580701143568148
228239 -0.02456729831990432
228194 0.030409463357549914
405100 -0.022010736375136807
121505 0.022518952119918098
122690 0.06862594671736474
122969 0.01510719323195216
015521 0.01809238077156127
229178 -0.018462820260021343
120707 -0.056617823364783305
122714 0.06720325548422869
121601 0.021972833509618192
405298 -0.003530115034439664
014273 0.01538112054588974
335257 0.02103285562985365
404710 0.009120052854170014
336046 -0.020445119890095953
228089 0.023599318037648857
229229 -0.016907491226212823
014459 0.018130125945487637
405259 -0.015066398986068782
406000 0.04658934629562345
335842 0.04522258190400382
336358 -0.03226975809018353
228383 -0.03586105721437653
405832 0.01960100310662436
122942 0.025076678512086364
120992 -0.00585006560659938
013190 0.01051467184036497
229595 -0.002821200042192031
121868 0.009564718951577187
403927 0.04018564127394517
122735 -0.005230393259510625
121358 0.013580343628256523
335965 0.0350560400240148
122816 0.04473419121381133
121805 -0.007613370265851561
229004 0.04355954692979891
121826 -0.0034856899170561733
121673 0.01724874278815442
406006 0.04386622418834493
229115 -0.033113601968210025
228506 0.02130627846353673
121700 0.01830426027151204
336319 0.03468095058625029
013634 0.050335421750610725
404179 0.0015456160009156288
227885 0.020619674375585394
335770 -0.028328420206329155
120695 -0.0838691738328748
228743 0.06876316482275642
123266 0.08416974930962592
336853 -0.02826131023480388
404215 0.008346953584012723
404893 0.02779736287798576
122540 0.03562616685538867
121124 0.017174448443712
403576 0.012042700298248773
121808 -0.012194614985246571
335767 -0.028811903786484162
336442 0.03724751922194736
336763 0.02245913160204269
405763 -0.04100678545589361
405187 0.0596686702743794
120842 0.023860381488446835
405913 0.04302299726199411
015413 -0.11871026204436694
228470 -0.059428448602539846
405535 -0.014717963965970767
405562 0.003440818383631303
405757 -0.05830073177751985
404440 0.0018781282848532482
335929 0.04686661037371056
335494 0.011497855951190138
121109 0.01667157678602009
228221 -0.008611247144428317
122210 0.05360214325486037
229199 -0.04163688605049177
336559 0.013604150952262889
336478 0.053835695792758285
404434 0.004477184470851949
230147 0.05767095843353367
121514 0.02112628290892909
230267 0.0012385759960532158
336535 -0.004746826918444316
228851 0.06161909400835837
405289 -0.034417173330674594
404134 -0.01653024559012293
229301 -8.999166034517291e-05
121178 -0.026224928555081062
404230 0.01974446986559424
120986 -0.003206513009496182
335320 0.02528048698737197
229187 -0.03266150474184981
123080 -0.0192899030714975
120854 0.025811826662411764
121361 0.012752008660723404
122456 0.07110100609450844
230285 0.016437978445521806
336382 -0.010886323204738892
228353 -0.028133441548414125
335416 0.030238399339429747
404881 0.011647140282546776
336832 -0.022281373468445706
227738 0.05679685192515799
228344 -0.02744352803899527
405550 -0.0025940494495062857
120872 0.03495817010435573
336514 0.02879103292863836
228407 -0.025255184811042587
405211 -0.0059963570832958285
404809 0.05764938910603025
123062 -0.01917978347580022
229772 0.034049762841177486
336493 0.05162899211916343
121676 0.017404218320687417
335440 0.03639729251273758
015479 0.02990056306147787
121841 0.009413350606311344
227981 -0.0016790487140416377
336625 -0.017556790407115958
404722 0.008045652671527985
228128 0.051004343211904675
121481 0.019790174488228483
229892 0.020148124193629782
405787 -0.009069094271633856
121592 0.01741022070163687
015398 -0.012467081498618077
405007 0.013021777920057702
230222 -0.006285966800994612
120752 0.036504934220927945
230141 0.056875026208691545
229634 0.03580099654411595
336943 -0.010698495230545939
229667 -0.04983388402774036
337042 0.05338207880655924
335452 0.042025129950048694
228416 -0.01628992861290182
404749 0.03758933794685108
228563 0.004819646828214259
404665 0.01756562905605653
403996 0.031961257080949476
228077 0.016835518152316053
335518 -0.007350363756554667
336289 0.036241019623620176
122762 0.0436288221968731
336982 0.07133308811793253
122411 0.06783725864245578
405397 0.0014866283531656825
121154 -0.00021980001388006773
012968 0.03894330054994614
229016 0.04651337626038463
229052 0.04592358242871259
120725 0.01629058816008423
015419 -0.16507936272920729
228692 -0.018589295189956136
012944 0.038827384139945444
405130 -0.08981507114507521
228860 0.06419451315853673
229979 0.0442255241549017
336334 0.047776955428854
337315 0.059122875592434454
120845 0.02214958938768565
014507 -0.025408949533807897
404359 0.008282610190608513
229628 0.038547168915061894
337462 0.043700352372173394
120665 0.004094071309975903
405700 -0.07137020182357263
336973 0.06087683059444708
014570 -0.09633767839697643
336103 -0.028313231264842382
405541 -0.01693887175949659
336610 -0.033868202399381826
228044 0.014529885942973789
228848 0.05924342298879718
121217 -0.007709794125826945
228296 -0.0040131137353384165
404605 0.024266717183860777
405736 -0.05072942447780274
229823 0.02728150370580478
405721 -0.058694232979049445
404698 0.012786716885036893
121862 0.008305852611218644
121742 0.034914667583485326
405925 0.04670184868384152
403561 0.04223951598520697
403843 0.03860942279132829
228773 0.05601912009662374
336889 -0.05063989940596604
228797 0.061860989879538635
404524 -0.0019109097354989763
336865 -0.03654075970096787
335290 0.030561156353459743
122888 0.0037228270831291895
335719 -0.008268782782779564
335491 0.012065193004439768
014984 0.018858643849168768
405556 0.00034760016217017436
229589 -0.0073856770840434955
336106 -0.02734572768385824
336565 0.014418751923534767
014414 0.03475645504684484
405964 0.03243928810955463
406021 0.041369378012840186
013118 0.05548716688140681
121157 -0.0020926760131076074
121130 0.011725742003821224
123023 -0.019839163956667162
335485 0.019814631697281013
404731 0.009103102792584212
336616 -0.01791466538385777
122885 0.0039416225183577765
405595 -0.044757582836614344
228398 -0.0264209525152215
123002 -0.012590717444989578
228806 0.06314317725635583
404197 -0.0042661294381469905
121616 0.019383228903497057
227756 0.0559743055150551
336178 -0.024771273721967423
405511 -0.0033200247913387645
014765 0.040515376146508277
228782 0.056396952400668436
121118 0.02776123286769772
337969 0.01968399536087039
121679 0.021802665247691737
229130 -0.03206608045317388
336175 -0.05615119989697379
403648 -0.013428833689227825
335533 0.002288475045731739
227732 0.0555807992414252
336112 -0.024463092273771112
014813 -0.0021362784047606136
015503 0.04974466282552978
228827 0.062042506266272716
121490 0.02148725553229655
336607 -0.04697838575275422
122705 0.06311955494923634
227924 -0.014500231894386836
014351 0.0223827692359141
404377 0.012691206078884154
335623 0.025467235628713454
405325 -0.05900569000580646
014249 -0.13139080112242946
337471 0.04575990027154398
122999 -0.008122048741295223
229799 0.036006177490018464
335653 0.014841609535171224
335365 -0.03933217023566368
121499 0.026413457324265168
335908 0.06053063008485683
404446 0.0032207426465000557
013523 0.015270054258092507
228452 -0.00767815949954575
336418 0.02843274070516732
336886 -0.04963672521955136
120701 -0.07173936258232783
405976 0.03570411890992952
015332 -0.003856718915851177
229262 -0.002390386222909024
227942 0.03750024333318568
335605 0.029762420328463886
336247 0.07223409016927083
337492 0.036628149634255015
015512 0.021091395498592198
229724 -0.0984724715507132
123038 -0.01688342948099632
120944 -0.013271034705680695
230204 -0.00186267792713792
014297 -0.04363049234793234
122453 0.07827768180131342
335749 -0.019110872551002193
121781 0.008506537141123642
120953 -0.025026671871290193
122972 0.017022934867694746
228107 0.02687237598440675
121316 0.014407013462608316
121223 -0.0022754133820794497
404092 -0.020624993161386874
336835 -0.02467789284200159
014084 0.02620323385511126
403636 -0.0677779458896334
337345 -0.04643812770933333
405229 -0.011824625856315364
227957 0.023418972434050053
404578 0.022446438990393672
336655 -0.004638050957203297
015476 0.021715875535745346
228749 0.06635031559754867
122984 0.004342693402857844
014582 -0.06504346451646728
121682 0.01874265098122637
403669 0.017265914462341565
015395 -0.04224751061863369
335746 -0.012375053207161422
229856 -0.05052955296965625
337348 -0.037077864447792805
229997 0.03867325306051688
337807 0.07488416944231305
405946 0.041591848611612275
015311 -0.07587041915664278
014006 0.06516414199790231
336463 0.04993489608562812
404500 -0.009505184058091464
335998 0.015048687397238343
405955 0.03487026152186875
336634 -0.04171374340671152
337705 0.06702252880816317
403954 0.03345877901734525
405034 0.036800707160971016
335317 0.02648185013449004
123095 -0.0388575299575347
121655 0.02135269142517137
121931 0.038673247108940316
405004 0.007509775068588163
227660 0.06447637447139673
013958 0.07036362537721387
404311 0.015967245902814897
335782 -0.03251324312090539
405703 -0.06733782023719184
404806 0.0625524609036254
123071 -0.009536780969551942
122300 -0.010069374684934261
120671 0.002960345444698182
336766 0.014432660363889096
404596 0.022272432757834505
122444 0.08182601996607919
403609 -0.05736837729613758
228362 -0.029939820823384082
013838 0.05705712964295079
336931 -0.037889426089012926
123026 -0.01816235747119544
121502 0.022077510997961212
120836 0.024466613586827772
336331 0.046326687389654
121625 0.024976922838262267
230249 0.030459894303036382
405748 -0.06232077592100098
336076 -0.029122806447805516
335803 0.005638848722883557
120629 -0.0014455300244790002
120968 -0.02397139210846354
122783 0.0634609518606196
121061 0.016504004248066365
122927 0.013891972746361935
123032 -0.01335361901672486
120656 0.0033122276638846947
336934 -0.032851372597989516
122966 0.01901553460490588
403594 -0.0009483266911041165
335560 0.006338067761173955
337336 0.053830372751074496
403549 0.04241597489371242
015440 -0.1156756864275251
013148 0.06496122165822338
229049 0.051869238775325274
403993 0.033788696029539315
404302 0.01342095846714955
014795 -0.06342760974137242
337864 0.050923701227546074
335866 0.05743840381186317
336970 0.06009964219504233
123296 0.06232469593619278
405481 -0.04662237491114492
121796 0.0039045478942592326
121685 0.017926391221008076
336001 0.014887668143424163
014630 -0.06846339618937833
336793 0.010576546769924264
122906 0.0013593192800096085
122204 0.0493497082310864
335635 0.011533253344997958
014369 -0.15418194354160347
336925 -0.03971241037835458
404278 0.017228805263942503
337927 0.03924387151544744
403741 0.04014576462376785
335278 0.02053205889228071
405175 0.0633556962929868
122246 0.04881900397905255
405601 -0.03536357059309574
120893 0.04763243719164137
403957 0.03524074227601265
123098 -0.027619031706905144
229421 -0.07083303571926293
121073 0.026254147047169305
121706 0.018736271483978054
121142 0.004582509809672001
122408 0.06674339904435905
405085 0.03377167593380386
123299 0.03294775628636026
227888 0.022347392169041847
405361 -0.07244722711613032
337450 0.01815488820579302
014498 -0.017455415346569303
228203 0.016794877822018155
229649 -0.0061591026018660375
015341 0.014780946025493999
337465 0.04665612659293701
121925 0.045318487182496085
121064 0.021372476237737817
336880 -0.045566235510303164
404056 0.002805090462843022
404170 -9.31295946593971e-05
404203 0.0023103284272855537
404521 -0.0022091930922539557
122828 0.0020330810344073454
013517 0.01754141681926284
336271 0.055508216789790565
015485 0.03913675414191352
014360 -0.03475244576922693
228152 0.051886336141368124
403522 0.05020936976911293
121214 -0.03017894854276059
013364 0.04596430126321378
335449 0.0413466899598641
120770 0.04846819006946484
013154 0.07225654366264843
337633 0.006620063151261396
013151 0.06915620935255659
014003 0.06729478178238002
336622 -0.019694859154098694
121820 -0.0037597569358870314
405424 -0.07183072886775818
337867 0.053096480936371065
336976 0.06855962510271472
405367 -0.047211982621467787
404038 0.0019400355813460396
404188 0.0008557466426130062
335647 0.015951717327676043
337804 0.07544291749292491
336013 0.010065316722170432
229592 -0.006456920146401509
015410 -0.10763873756457469
404815 0.06256920602396522
335839 0.046716302718679
229625 0.03674998769170944
122318 -0.02026883748853931
229583 -0.023044827735488965
403753 0.05499432313711907
404560 0.0164854609040047
335464 0.03966874898945548
404089 -0.021983070919051825
228275 -0.02232497525740889
122882 0.004710154172377895
013415 -0.09000365688907729
405838 0.012372280211186205
405328 -0.04174132971473682
404878 0.010393191108587664
014513 -0.06689792920411711
122447 0.08290063224071478
335311 0.029483594144933845
404431 0.005295976549098682
121112 0.013262290741426491
230165 0.04570729644261446
336157 -0.006120425008206968
404695 0.01149940620440262
121790 0.009626696015106963
228311 0.0027372793893490227
403558 0.043257537567516394
403891 0.043383207557247824
336646 -0.02556826948789182
404266 0.020453129388750827
336649 -0.015839281762702353
337591 0.05166666906439946
335578 0.026590002412761087
228458 0.017153677838136983
404392 0.014756201382882321
335554 -0.0058451697931297605
405673 -0.024470505851601796
122687 0.06762547330713659
404275 0.01701010265729231
228689 -0.01270108635193096
336193 0.03366693606438964
405136 -0.022419105703562304
335740 -0.001377406930346788
335731 0.002589124989967361
405517 0.005274460959284044
228080 0.017953474910891786
337822 0.07125613088120018
404020 0.00947635279712272
228869 0.06500253185393318
229010 0.04491523090753457
336799 0.01118164778996865
121343 0.004653148104159088
120998 -0.004043604924947395
121649 0.023062919153415573
121004 -0.004528756784393921
122813 0.04959981885778564
335830 0.046554176676075115
121115 0.022837938235430857
015143 nan
229184 -0.02710351352083397
404113 -0.025449653215798757
121760 0.017458367330708647
405967 0.0314275936784294
122822 0.024298166017056474
120635 0.0005984927224081611
230207 -0.006523893305651387
013247 0.056653921932546654
335356 -0.054653735391265876
121478 0.01835939583324251
336115 -0.019758923102628542
121730 0.031913943200154636
337483 0.04529577076029615
013388 0.051755419294670146
123029 -0.013033888175306674
227960 0.025703146350958238
122435 0.08363916482782878
230288 0.02096581309932298
121535 0.01690379662989241
230156 0.05523332110669803
013454 -0.0845741324156015
336037 -0.01090760436699858
405208 -0.0010606093310930593
403873 0.0389118164758136
404680 0.0077411857932403036
122366 0.05085295285934058
122420 0.06682405556416905
230282 0.013335798937760695
121088 0.02231995835953984
015542 0.024253576419001242
404296 0.014502979159752205
336871 -0.03999349785809211
227909 0.007716124915706267
405775 -0.03705848394478499
123272 -0.01630665316726222
229763 0.021799834125604406
228284 -0.016553439686213214
228305 -0.0010254432317329705
122483 -0.011911548685889277
228935 0.0592045289034035
337324 0.06105217834796418
336007 0.011852955153484277
122375 0.0744830445834884
015407 -0.037574838598569235
015551 0.017267816264417597
121337 0.022983318305837386
121871 0.007504902931432873
015278 0.03473043655809437
337447 0.010622104586976946
229637 0.033752978072912124
335764 -0.027907815000836854
228569 3.390884267143031e-05
405886 0.006099219391940005
229805 0.041172350352420624
336130 -0.01648808444749241
405823 0.026283643693029893
230078 0.04650674576711174
335845 0.05026961984869144
404212 0.004560287461014144
121916 0.05107334691984594
014054 -0.02159535504019785
228053 0.017232735841993304
405379 -0.013814277674531816
405652 -0.0065315974575940105
121172 -0.025553663228053775
403717 0.04981261403689831
336730 0.05359435763196288
229037 0.05579684327580168
336961 0.034034822368141496
336826 -0.024312357811037476
403660 0.015244803661790542
227882 0.022466905679815068
012887 0.025418050326998273
405028 0.03499225348248227
013610 0.03832480462320087
228440 0.001995549424219157
228086 0.023010741554851354
229028 0.05187464814607788
228932 0.05899967680873405
120860 0.0225768801138861
403588 -2.8389252394198425e-05
404293 0.013335436104116534
335686 -0.007994329291489683
228188 0.03696053546555325
336121 -0.012358014395442393
121928 0.04933026208290978
229043 0.056768414827731706
121745 0.028915149924549938
228185 0.03915696743932574
404497 -0.012049112974634964
228113 0.031940011129883095
404479 -0.0022119853385782766
404407 0.011625727891926563
121763 0.017070635713957873
121211 -0.02691111104918367
122696 0.06679663922081258
014234 0.015024151411976426
228302 -0.0023385755516751932
404365 0.009036976818411462
227849 0.01781994796657673
405523 0.004602174097062518
121322 0.016014313745120214
335995 0.007845206176759241
337840 0.05472863387742835
404959 -0.11915397431169236
121664 0.02119249202098674
015380 0.006282668797269701
403924 0.04154522980448009
405670 -0.012682697764376041
229709 -0.13172451187273393
122243 0.05194970427825509
121547 0.0012972066181638666
337888 0.05123934482615015
230237 0.024051789878149273
015392 -0.023164222232338525
336094 -0.03371686058077332
405544 -0.007545314478186412
403621 -0.07449911116461139
228533 0.01163304881738943
228719 0.06451598636687748
404317 0.018231890493068763
013121 0.05826032729375931
405778 -0.03792658957446657
336064 -0.026799629450137204
404755 0.05245500722482054
014939 -0.00479072043820033
336325 0.03976850332921468
405793 0.006442825678577531
336922 -0.035568378956523775
120929 0.016826078489229276
229127 -0.03449233433079946
335281 0.02719650421603396
121232 -0.013390043285518368
120962 -0.019415913982528
229691 -0.086664564933008
337861 0.05330356143769763
229904 0.019568628159872373
227654 0.06978290290818295
403999 0.03144658014369576
013085 0.04690062999725342
403642 -0.04487567964393917
120743 0.03125676065137535
228392 -0.027667583451725267
404161 0.004927704481099197
336487 0.053391647517319604
123293 0.06107944623569498
336484 0.05430493948140652
335425 0.02612415677025205
403585 0.007477028039788757
405067 0.030734777785640544
404782 0.035585432915001776
228035 0.0038629699530748026
404653 0.02514335976952353
336142 -0.007321017877298399
121076 0.0274492280491877
403513 0.05371238815058298
405751 -0.059197534028948
122951 0.024622477431476313
404632 0.030974512145367214
227987 -0.007905818145586337
336940 -0.017749562708068805
014015 0.06720987269174752
121484 0.020096331182747427
228395 -0.027242135329912032
228389 -0.03048672282290413
230129 0.05223324890604611
228497 0.011323842776026357
335503 0.015348858519117962
336385 -0.013161975472440596
403666 0.01865196116214879
336346 0.04716317756580041
335275 0.015128774730771486
122297 -0.00704341192042442
404242 0.02050965094614288
122996 -0.01085303481769903
404491 -0.005232872347779768
014501 -0.015399463614577362
229046 0.05404442762804265
229643 0.0153329676615304
228680 -0.013243341987238897
404044 -1.7353614881465237e-05
227831 0.027917115913743885
404719 0.009055473189130213
014030 0.03922623885867276
335473 0.035017843792341526
405286 -0.027732399644837157
121448 -0.0017500163706821474
014252 -0.140541460700136
403966 0.03973353919351385
335905 0.061689333097157406
014468 0.0206567086184414
404176 -0.0015644724373579729
227588 0.05411836237999317
013331 0.030717690453029484
121034 -0.001997241514012355
014600 -0.11038992189264314
014537 -0.01604749511021366
336808 -0.00859545346331661
336895 -0.034632511931484936
014915 -0.02895511067102826
336571 0.0177845952191861
015329 -0.006194620494347293
404791 0.042931324054324434
121235 -0.015144028260256593
405340 -0.009413571804391315
336868 -0.03788795512362932
014591 -0.11562574378569632
335896 0.06409293890561547
335539 -0.005272176361041142
121052 0.008565181154082892
120662 0.0020949991610627015
229742 -0.03223181569329703
405166 0.040395028840651784
229103 0.0029606444237344405
121556 -0.0015860909862177711
227972 0.0034060168091251458
404464 -0.0007123685604269313
336562 0.013082287027878696
405559 -0.00025599425590921814
404776 0.03569706520953605
335836 0.044666729007332505
405586 0.005308567824315289
335269 0.008878376006497855
404674 0.009601576951863538
228173 0.03906769075192488
014519 -0.07702552168155807
337882 0.05035718933608602
120653 0.004541780702767579
336805 -0.0033744276607545498
122639 -0.027686705373517626
013898 0.05781057335081555
405316 -0.09034819265320725
336133 -0.016192513384622055
015446 -0.08118474696223765
336544 0.0032133523631949585
013196 -0.009517921341790093
336316 0.0355898864054806
337855 0.04979496056950602
120896 0.048765761961512805
122288 -0.007630474187337578
120620 0.0007754378282893134
227864 0.016468368616319243
335974 0.025582565600995723
405691 -0.0920717466876702
120677 0.002056834220795041
337966 0.017478624345141098
335572 0.01882891201842349
337528 0.005205675840137327
337000 0.006500428631192163
404218 0.006020528300964443
404080 -0.013015874157349963
121250 -0.0026270341291049046
404413 0.010856570375551792
406018 0.04282789697092045
228542 0.01778427313438605
335389 0.00947518537129249
228881 0.060429088123260984
404713 0.008790109739911355
015566 -0.1787292279791312
120905 0.04793549619096285
015416 -0.1353590870229312
121901 -0.02671770393189458
404245 0.02358314554854372
405196 0.02353222907253083
405505 -0.01812225670059727
403978 0.03966622884218412
335821 0.03881002041075491
404626 0.03247038265693353
336550 0.028951866943435864
012863 -0.02644807321053964
014618 -0.04239203465330711
336187 0.00947072481758735
121025 -0.0073866745406114525
014270 0.0038232873484575895
122711 0.06372659861132111
121169 -0.021894570880123726
228068 0.020318539376290076
230039 0.050681201197788114
405658 -0.005877435174874432
405439 0.0003141761204553091
228725 0.0698975859107552
228455 0.0012990488167276138
405394 -0.003086916201386442
229868 -0.036304470646225176
405808 0.015580489716007787
229781 0.04137765140273358
227783 0.045671631873600065
335848 0.05105155052162413
014486 -0.003509964221759901
403570 0.028097450383180476
014237 0.007008378364382282
403945 0.03410976341679758
015371 0.017211715126517573
337903 0.04782213494751048
227852 0.017781105329489184
229787 0.040928801799437836
228818 0.06351977416447231
405205 -0.0028369206767923888
405856 0.017759192337537436
121307 0.006464300782772418
405037 0.03972338999389971
336349 0.03472714315519389
405094 0.023114619848081157
403750 0.052283291277987844
336163 0.0080859858500585
404323 0.017112911954574282
405451 0.005085487664475264
122423 0.07272595609989957
123122 0.02912168415601374
013661 0.0157542393175528
121067 0.01895615019341225
123089 -0.010972647707451221
405061 0.03169703977116974
014456 0.01129809461396496
405115 -0.13631566803392645
228992 0.041634237984747954
404065 -0.002168993817785349
228224 -0.012916775968999731
013160 0.07773665716121723
228809 0.06482175571731312
335431 0.021632722726676382
335716 -0.011106464185285676
014009 0.06653962292514004
336745 0.05758958197988898
336784 0.006404514929638826
229013 0.047017411209946264
014858 0.03378841990516299
405103 -0.07202274907187564
335272 0.007119371803927149
229154 -0.03294407274881021
012950 0.042496950538070115
336283 0.041606284827782364
335689 -0.009756626752172972
405709 -0.0617497629364624
336451 0.0446012481356424
014261 -0.06046106293546632
121286 -0.012832347652899522
337312 0.059572054429560185
336166 -0.023689463844527914
405430 -0.03987786598473291
121472 0.011668345007316146
230120 0.04333107747947796
229700 -0.1044303267073408
228263 -0.02390836768758582
403855 0.04910059168610099
405448 0.007009708597739217
015077 -0.1501355464023257
337453 0.029683495590603293
228752 0.06323933243472828
229244 -0.02567680012938668
229484 -0.029404180687311612
014999 0.00438359524508388
229406 -0.17052485689144145
014690 0.004458286264697376
335758 -0.019914698125861198
121538 0.010911065492342019
228074 0.014592370908621968
403573 0.02031659648295433
228740 0.06945295536169717
404002 0.02457278672262731
336829 -0.023568557451392722
121544 0.003972351946700016
403732 0.03666677825297418
405628 0.010684981396147675
335791 -0.01882267864055073
228005 -0.015546798203768353
230279 0.011463507647794994
336985 0.06771002806626357
230174 0.038212949570905846
405580 0.012715292161297981
228572 -0.004656449715932746
228368 -0.031940708400700034
015500 0.04714344871093059
229217 -0.02731592327132261
123056 -0.020505443697815658
120719 -0.0035879881975911065
404371 0.00923295676996693
405781 -0.02787498914408704
122945 0.02144765720096609
404884 0.016483028603609277
405091 0.029466437649254877
015296 0.015928449483297975
404707 0.00877330643985182
336643 -0.02582564042588161
228287 -0.01320052513722789
014036 0.020807818777692805
403564 0.04103510974328582
123107 -0.008352507097137906
405217 -0.002844963025927246
227861 0.015424876867606697
228794 0.06489967644447729
015536 0.02554992197682618
122273 -0.0019652499592779076
405313 -0.06903200924051851
405895 0.012877414782319093
228665 -0.0353644662982552
336496 0.05121618328672466
335377 -0.02373410652675261
404254 0.019885903812180968
121652 0.023237785309080092
405769 -0.03923612523487986
120827 0.020838755195149716
228425 -0.011105925905587746
335620 0.026478086754525548
121043 0.00434954842524742
404662 0.019438972253717504
228341 -0.0250540422656434
335524 -0.010076089592324741
404281 0.014805966872655955
405682 -0.0840322577470958
228824 0.062463909669294056
230201 0.005935879620677416
121913 0.043531366106536656
015377 0.004894662524196624
123230 0.04457926513656737
337975 0.014425612340059376
405802 0.016443989183751635
228581 -0.015818015453574967
336574 0.011791380457962708
337321 0.05998041648713369
405961 0.033066014415121546
121583 0.008406978234928236
014018 0.062404778949798095
336439 0.03923880894357518
121304 -0.0014168827706932013
336859 -0.033793406834449674
228545 0.016939489435402945
404326 0.017435804700526008
013040 0.01016445429230677
405529 0.0015630886193894766
403651 -0.0013834278930744553
122993 -0.00507573973068439
122276 -0.0043927168109739265
230126 0.055072378966492266
121301 -0.0019577591472482204
336184 0.001454332170396684
404167 0.0027585848862829907
335815 0.033948463677579074
335722 -0.0029059941044990915
336733 0.057373969096414325
336370 -0.00805152925567912
013679 -0.06723051972511547
336421 0.032473351993258036
229133 -0.03253812017026511
121565 -0.0067953600583492485
335587 0.025994755799205002
229811 0.04017933012132834
403600 -0.0016246504697731735
405733 -0.05223546767960091
404110 -0.02500021074304998
404350 0.011618278978203615
404011 0.004932184594337928
335854 0.052815120355792784
335557 0.0009459805969199841
122936 0.020192079111182634
335548 -0.009178673266429026
015323 -0.025418211040378023
405988 0.0449041704569451
403744 0.039981541706812805
120683 0.0007009527209720147
403879 0.04433626420028465
405724 -0.061494331600833486
337729 0.07628013655456184
121193 -0.031561561153331884
121622 0.023377399348167426
123041 -0.016782127672236337
229619 0.038938607928912655
404341 0.007363245158603864
337663 0.04928160010394962
228137 0.06209194262117108
014879 0.006134740890018524
405760 -0.06286631054312546
335884 0.06079250152413569
227813 0.041565721037419255
121640 0.025437644031673153
227780 0.04440323723141564
121766 0.019201411442471967
336373 -0.009123198088618067
336964 0.04427496236660954
336004 0.013843948660256703
121070 0.022323227622004616
121430 -0.013405185681437089
121466 0.004135792109086702
014372 -0.14181567001109885
120617 -0.003270061083854808
404206 0.005800243672503035
337339 0.008025488285190606
121748 0.02693657132325622
014471 0.016154830617115912
228179 0.03637135279178406
335329 0.020940497009888107
121022 -0.005122091686516479
405835 0.010205634489498008
228515 0.017458222665226793
405715 -0.05784129249671149
121838 0.006000352028074866
227951 0.03330772591367299
120668 0.0036268539244779904
121139 0.005847009920209743
013205 0.09138092862031708
336709 0.04534701832281649
015374 -0.0006256576157011116
121007 -0.004612568623381236
121247 -0.013605581405987156
013955 0.06766269320533388
015473 0.020740834984593892
405493 -0.028771799349829423
230012 0.04361365365567912
122960 0.022802239212259864
122294 -0.006382954492271662
404062 0.001328285522730872
336031 0.001239568646524249
404269 0.022377977078926428
403969 0.039396440119828936
337621 -0.02878397880998978
336556 0.012212054103824263
123317 0.03166762726467302
405073 0.031639247825636374
014633 -0.041012664281186606
228446 -0.009700249738155456
228611 -0.03784924525137248
336415 0.027255932176528518
015515 0.01582764381687391
121454 0.0016640075972388195
403786 0.053638198594271574
014987 0.019219976536354606
229793 0.0393366027620378
230075 0.04837860466492956
336757 0.047227658584956395
121688 0.017200808984974978
404443 0.0021610691475164516
404683 0.006840694640394485
014450 -0.014662009250218077
335698 -0.01832870549360511
405391 -0.0018084513273275702
121619 0.0225411013403632
227747 0.05513043562503019
227744 0.05479207857435833
123035 -0.018068498432601218
122480 -0.016597058456297914
228920 0.057760007536731
122252 0.04216619847773268
229214 -0.02705095306275383
122867 -0.022536945532238676
335392 0.0170001624539898
122285 -0.004544394987600822
405169 0.03521764267933824
227921 -0.017007606868468552
335752 -0.01879409577789358
404872 0.015657184566172738
337444 0.0016500785478359408
013844 0.05526846458041479
015383 -0.009074798617907383
404593 0.020203217281817808
403729 0.032724392535645644
230162 0.04978280106205297
120680 -0.0008458056360166735
405268 -0.018499922877028563
337507 -0.015988627678361064
229757 0.009076341870158128
336169 -0.04106255723662974
120989 -0.008108863944890785
228728 0.07090913509458
123008 -0.020331150260085324
120899 0.04565329881228388
014462 0.023777953601458155
227945 0.03902676065859519
228191 0.03323831779151466
335701 -0.018230997653858806
013328 0.04212664668119585
014528 -0.03547627465521209
013520 0.007094580066426359
228485 0.0023864818625596268
404737 -0.000301134823867092
229778 0.03694147453692815
122987 0.006099892878114573
012938 0.039642670215704494
120995 -0.007213950687907623
120716 -0.018637977732428347
121202 -0.0389030934757907
122264 0.009139776337370384
403918 0.04272283202591558
404032 0.0015709654936508083
014738 0.011412018911458287
121094 0.02260431153534432
229760 0.015281051504548894
336172 -0.060376524115421354
121340 0.016426523127042847
228995 0.041081183889485465
404221 0.010451870149279398
014096 -0.005463595845264305
337516 -0.0029571793754838184
335833 0.044733184618236915
122891 0.00478272239210354
121241 -0.02043388867953024
120809 0.07178051283472078
229439 -0.023430202116884253
337264 -0.04921752565406374
405634 0.01390172715823828
228821 0.06435318101168912
014567 -0.07953311891691159
336127 -0.015058909038272067
228248 -0.026166426382674416
228050 0.019300040354023235
405817 0.027800988445081595
014543 -0.019659927060954898
404014 0.005873872616745867
229844 -0.046128282323138065
122486 -0.00807198465203972
121298 -0.006277490262458019
405178 0.06675807621373014
405415 -0.04278667963109107
122258 0.022532983812765826
015365 0.023135888578275986
229109 -0.013974251488325715
405919 0.051627644658107416
336523 0.015759504365219515
405490 -0.03479704239576112
229898 0.027621266153889035
337954 0.03059141747357826
229337 0.008213634810085618
404143 -0.00301619091821308
229841 -0.04157330014474458
404251 0.019209016211153156
336472 0.05306841476714655
015281 0.03757608976512111
120911 0.04895633599015207
228884 0.0627654202461731
015545 0.026692704312385074
229616 0.0306818902309406
336520 0.01616966673035741
404623 0.032507241110142124
404116 -0.025147465088664975
123068 -0.009265861274833705
336217 0.0413359153256166
406012 0.04293657496948837
337936 0.049413753376530235
405829 0.025952853136993817
336181 -0.018001251548833034
121244 -0.019586681702736083
228251 -0.026376825265387257
403921 0.04141882804876372
120731 0.027145272753399802
229697 -0.0963055850413956
336907 -0.03233184124352662
403915 0.04225074739016833
120638 0.001567021671797381
403771 0.05655074113329813
121658 0.020786318480690208
228164 0.04557944153818401
121421 -0.018677463226565435
122354 0.02510108050171467
121355 0.012802721483956876
121724 0.03228583909685391
337351 -0.02320720755006381
403963 0.03834985574121494
404641 0.03345956405003866
335626 0.02436396249469191
405295 -0.012723282727374012
229814 0.038016779235253546
120851 0.024366971198803208
336058 -0.02403853848674618
013124 0.059151381916469986
121097 0.02424250816017274
337891 0.04953087516822017
229745 -0.017159479528872743
120710 -0.04984806272055677
404356 0.008590319059217996
015443 -0.10882409000172469
405463 -0.023346782441291618
229562 -0.016546130735681664
121016 -0.00694395981517273
229025 0.04894645656243609
121634 0.0281866496044492
015029 -0.17712927629891614
405277 -0.02930409347116938
335608 0.028066590875124385
404182 0.0008874203717894452
404758 0.05005649392566983
120626 0.0007910278170765453
229259 -0.0064831330828464765
335611 0.027897524130379558
123074 -0.024043034886272876
336307 0.03217602509168547
014867 0.024389719521557843
335869 0.05933249149692212
229847 -0.045117085391628946
014417 0.0342907647764872
120734 0.02878269898784183
120941 -0.01193228568066191
121670 0.019799965650353014
121898 -0.02915128555004648
405631 0.01265097624348998
405508 -0.012660240533417019
405019 0.026284366716125055
121694 0.018585358513559778
228926 0.05792275843796907
228269 -0.024338353394628448
404233 0.019107509212869883
228746 0.06591574204614256
229148 -0.03334921314390913
404575 0.023985572535582263
121541 0.008278428074175148
227789 0.04483979217007629
228041 0.01433447657669405
121661 0.019574695375910924
229121 -0.039888630082023126
228209 0.010909425815393777
229082 0.026435499503669236
404083 -0.0181976078414467
228212 0.008777083759230267
336256 0.07055509405792075
229739 -0.033054957123560706
336703 0.04235700873470811
335542 -0.0070932573515995676
123053 -0.021061934131793872
229442 -0.017744485906534203
015305 -0.1399203543253673
121628 0.026527298421580442
404119 -0.024460644853724685
405898 0.01582747057107747
014465 0.022582684182388655
405142 3.782955886293383e-05
404131 -0.018246623932274362
230276 0.006271210830334347
120746 0.03363652960278397
405202 0.00013106293862793169
336280 0.041634416924238554
014708 -0.004202035185578583
120713 -0.03350381198728806
015425 -0.165576570509783
121475 0.01755459055997508
122879 0.006790517183838697
335341 -0.0014272408540728326
121910 -0.008248755242630747
122279 -0.0024722098936269302
337930 0.042238396598261785
403948 0.033679892580592986
014264 -0.035103194205323644
230066 0.04329974076031765
121850 0.005557965853857613
403705 0.03887653207907762
228155 0.051400246659008775
121922 0.04566263610093052
229226 -0.035165223723249935
335695 -0.0156578707442396
404320 0.017134512494953853
015344 0.022865307111254812
405547 -0.005158492560434256
405157 0.019602620445398306
335659 0.011353618838754236
404617 0.030820541911655
228182 0.038753736096438264
121709 0.019363822609576954
335527 -0.008962526623006391
014675 0.005585694833407325
337525 0.004978477665447623
404485 -0.001834267902360989
405133 -0.021606035123216204
405553 -0.0002768030856004438
230213 -0.01066829042676008
121637 0.027071076777297403
123227 -0.008811871683786787
228095 0.025574093018762314
335938 0.043035841703863216
014255 -0.11459000321439415
121571 0.002066594137151058
121463 0.002278679833250255
120740 0.03443900119690668
405256 -0.011181036513003095
229829 0.010125050794274087
336148 -0.011783908789176739
405433 -0.02629165968950902
227582 0.05986320545512532
230255 0.03366544051017622
228143 0.05542932087746449
405232 -0.004177092061803654
015275 0.03491351243390598
014576 -0.10991169943673679
403624 -0.07957282657881828
122831 -0.009204044777859924
014597 -0.10502727758974928
336067 -0.028913048665739547
228320 -0.00565459397962617
337456 0.03045531383341989
228668 -0.032377648469211776
122369 0.05928365667712172
121610 0.019616693041469686
404410 0.010310115580978798
405502 -0.026651099551477198
405070 0.032303610191774114
404989 -0.05554199036053772
335386 0.009066523357751318
336661 0.009150997258259243
336529 0.0012522186622292428
336754 0.05294542797625613
404023 0.014107042002184624
337885 0.048930641925434046
337924 0.03949084071424687
403882 0.03996451584492757
122834 -0.016140565528516174
337387 0.028227504846535703
403933 0.035814831881085044
227558 0.05468423914236577
013238 0.0663700955254691
405991 0.04491061758112024
335656 0.012999227190233952
405928 0.04549914890996429
229706 -0.131954524825917
228230 -0.018853337809023128
335872 0.05944107487088158
228662 -0.03764824025214665
015539 0.026423092809303723
227804 0.04386944773857925
336466 0.048400351635112936
337309 0.05627061607976439
336769 0.007722043744614795
228431 -0.012319103260642478
015401 -0.037069804281956754
121751 0.02472539648946323
405109 -0.13441297938896632
404389 0.016921690615009925
228404 -0.025549819789991653
229271 0.002800016221185571
404068 -0.0063801983808867285
121856 0.0034278620637660227
229775 0.03742790246848981
335404 0.027858605050945628
404863 0.03336957620080801
336412 0.026570182082563617
228509 0.007449203792703214
014525 -0.05196862101597392
405889 0.006063999292790573
230264 0.017695800734341856
335806 0.012804495513883518
121733 0.03404218151396237
014138 0.04195348615703999
015326 -0.022549071783786206
336850 -0.027117504379830737
336937 -0.02371604682462
336712 0.0503934789765566
335878 0.06075030865764944
228359 -0.02848791475499525
405982 0.04088431331601503
404101 -0.024066705144600346
335476 0.03207197063223578
120950 -0.01914128473884281
015110 0.001440831937143125
122495 0.01000935768152212
122450 0.08499804848716372
121877 0.012345456799320587
227855 0.01814611587259505
336085 -0.03320074366155025
336613 -0.028941850295667367
228677 -0.015060847597645371
405904 0.028023398007339117
404260 0.021397941020986362
336928 -0.0421347727639204
120857 0.02333064926049066
121133 0.012637493940680674
120644 0.0019884238083780954
014378 -0.08208865047526105
405043 0.03802698299034372
405805 0.016738827238967014
404551 -0.004240362583083645
122669 0.06686311073521488
404338 0.012874477388607197
335890 0.06332602497998961
336430 0.037594396236852505
121526 0.017882889987277353
335353 -0.05698676460373989
014522 -0.06588619434570583
405688 -0.09780725148708712
229307 0.009547128331363878
336979 0.06383988688231777
403720 0.04399450701276055
229877 -0.0016722167600372625
121319 0.013459545804920231
015527 0.022106983926561144
013142 0.06292524166208097
404419 0.0075482974392104135
229736 -0.0544473235050889
228215 0.0025244973276283417
335293 0.03153466665051209
404173 -0.00030526953769837784
123005 -0.016191458287168857
014810 -0.020893736964180353
120641 0.0007751983288168073
336310 0.033224344786162374
403675 0.01207816052886627
121550 0.002043646085199225
121844 0.0038388569277118052
336787 0.010223756270976776
337480 0.04600870249836426
229091 0.02295180617418504
335818 0.03392913596613674
335332 0.018324453338206398
229838 -0.03308711579069925
014558 -0.04787373472277403
404098 -0.02129044506696163
228737 0.06836051742602527
405796 0.012523316987402692
336796 0.011398975211846622
230270 0.001950980656439333
229658 -0.03566756477231655
123221 -0.10023328773753158
405106 -0.1130845710799551
122396 0.06232875543239313
228482 -0.013199095612045537
336055 -0.022873037141016798
405952 0.038141082970309756
405922 0.0483185662296028
403537 0.04651949140760634
335413 0.028805180900750123
227870 0.015956769131370056
121181 -0.02807865324066392
229571 -0.023929214226331753
228557 0.0059776441960395135
120848 0.024852772375510042
403567 0.03270850140333965
121646 0.024562010569627053
228560 0.009606914048010461
405436 -0.012936167160269756
014447 -0.02868831990692133
121190 -0.03137908005348117
404071 -0.008127546493313197
014243 -0.050479901258391566
335761 -0.022646086657691952
120965 -0.02129829721870246
405520 0.005966893710702291
014078 0.01606660516353962
121532 0.01572729027460492
015302 -0.13719874390815265
335302 0.03519448011189822
012935 0.04403697532664818
336073 -0.031569195271244424
122336 -0.020328476331978797
228758 0.05849029072284108
230060 0.048881190050215934
227858 0.015075861862956931
335797 -0.007106674557209475
120890 0.04750517126552422
404677 0.007566757668819161
121271 -0.033033025022913866
405172 0.03948742918175099
121580 0.008456958937394801
404614 0.028080352730101076
122819 0.03570750082068494
121187 -0.029974514250121587
229151 -0.03382197152004025
335509 0.0098386320942093
337873 0.04732210145827553
336946 -0.003834916806710875
228977 0.06389851249805113
120623 -0.0037619739579655203
405865 0.016684780045161173
335920 0.035787048710964
405697 -0.0770815948899107
121574 0.007335617623962303
015428 -0.1669720138977201
230132 0.05446883171136861
122702 0.06774995194313106
404155 0.008144351032505047
335380 -0.012983821178149385
337540 -0.013314741729898051
403603 -0.0011796234933506805
404227 0.016245455840057908
404506 -0.01308811648803297
014285 0.0036247586026603796
229208 -0.0288716815440708
405694 -0.08344212116598032
337327 0.05935344687635096
404383 0.011297807919324818
404029 0.0039050145773058625
122810 0.055991012242643926
405574 0.009647751032339334
336532 -0.014203194851618462
228101 0.027671102015277216
014480 0.011970410662788342
405970 0.029159662257358335
227723 0.05348101434137956
403960 0.03702278035818873
121196 -0.03432678864843534
336394 -0.0030844889724878557
335497 0.01633792861465943
337939 0.04931996828454302
336538 0.0031920027100186222
337495 0.014475468746845624
405406 0.0021188757980368715
404557 0.0024397942239541746
228056 0.020263392686430445
336619 -0.019158876876614037
121160 -0.006844395133734757
121874 0.0065784011986671324
229655 -0.022926605832414567
122681 0.06589850795730001
229751 -0.0006010513139022304
121904 -0.01059565511263701
230030 0.0471502462971727
336802 0.008270675011434995
405193 0.03975965782658766
405583 0.011439673145616598
404704 0.008644264980031778
336817 -0.02074648691514045
403597 0.0005326362296495744
014354 0.0179657545760105
227726 0.05625537680605697
122675 0.06452568036723189
121001 -0.0034445158565241346
336820 -0.022548050082549845
230159 0.05406452536410927
015437 -0.12397195187285373
228158 0.04955079051297231
336025 0.004925594613003629
230018 0.042146144955962
228020 -0.010948984254043044
335641 0.017449642241130766
335947 0.03387899700084484
120866 0.022067207556504466
015389 -0.014599801844389988
015518 0.027371138738768657
121457 0.00169202236854242
123077 -0.022259689850424376
336910 -0.032124528276640335
122249 0.04659848459183223
121334 0.019584695851638557
335362 -0.045254129359708344
404476 -0.0002954672376435227
228281 -0.019144558190218174
335569 0.014133227228575887
337963 0.015482710164205592
012857 0.0006337850943379015
336904 -0.029429763229919005
335776 -0.03261018809470723
228527 0.007440584220782655
336445 0.043080353183769626
405223 -0.014257386887568332
405079 0.03411993249600866
404128 -0.02245190889769953
120884 0.0469464042972278
336814 -0.022301078050077985
229238 -0.020538563198513455
122780 0.05786045984220314
336226 0.04102860066278258
013418 -0.08340683737426648
336874 -0.04265268099667458
121277 -0.013569154683436255
228800 0.062487527320945195
227555 0.05166942198918121
122759 0.04006409024546682
405421 -0.07715998418121313
122747 0.028632915001066902
230273 0.0030684039794045236
337651 0.03942999452096136
014555 -0.03832901960033775
336460 0.046796253173412176
229586 -0.024123075768615915
336367 -0.015163904841089168
404794 0.051268562528101316
405139 -0.0007521201014567324
228323 -0.00822969502302989
121697 0.018435051030565166
228308 -0.001796525069008174
228380 -0.03459797641174992
015455 -0.039485092810066555
121031 -0.001094321362134859
405025 0.03079683512358906
121310 0.008606877546822224
404074 -0.0071552973898795285
228551 0.009982724242944772
014033 0.031454888273653676
228764 0.05497020972523712
405049 0.03425897642180884
405334 -0.023506444794594492
228776 0.055825061018915496
014627 -0.10983623183026239
337846 0.049913711368441936
229880 0.0067663526442980695
337441 -0.011099894979127382
013115 0.05516841438221693
228083 0.015800246719330075
121121 0.02605549291589334
405643 0.01119097356059125
230153 0.05649115625477129
015320 -0.03544479948221828
229901 0.021685713092823033
337363 -0.0077465980932345
121379 -0.04423230806067729
014441 -0.09561467789298578
121568 0.0016753693920012083
405307 0.003110415309992983
013994 0.0668565766881653
405646 0.007352975648693234
335914 0.05474538136658216
336790 0.011764166820388621
404515 -0.006895283506236691
121010 -0.0049889178654937945
335941 0.0378026645821256
228047 0.01889249800775025
405214 -0.0026048596773874905
337837 0.0567703137742569
403657 0.013077091739910071
404512 -0.011591553071024009
013127 0.05933791037408338
335458 0.042812344915663
122666 0.06643714898203554
403582 0.002025162600828114
335671 -0.0010137044768930474
229205 -0.04313632820379798
229223 -0.031092923171975137
228761 0.0582059600166198
336109 -0.026085161624852225
228299 -0.0016027258484784578
230135 0.05540178016601111
335410 0.0324568485092913
404461 0.0004978565593755137
403618 -0.07081754665065354
229067 0.03595926022956333
014309 -0.022036656784632846
122405 0.061555871096173255
014603 -0.10520302234742572
015434 -0.13169242538892825
336379 -0.009124408630391571
336355 -0.010442641156691093
403897 0.044000252499261185
335857 0.05736935560732097
336436 0.03447448107816669
405346 -0.0011119778201094245
122207 0.04845975552286421
227552 0.05352964267514703
405127 -0.0921235563484228
012878 -0.013890698817327884
335614 0.028652041096372045
120971 -0.023539378396716496
336481 0.0503646831464648
122684 0.06635772560188828
123284 0.06955052421443048
228329 -0.019141732485384973
123059 -0.022570074943535776
229610 0.028892182122910993
337318 0.0598731337653266
404059 0.0028643022008958603
121082 0.023939236537125465
337489 0.04328489006743879
405472 -0.03874821886118894
405352 -0.001882688922426534
228734 0.06974058793730177
227999 -0.019021394630932588
229070 0.032538189507885625
230150 0.05753485105528687
404716 0.008582693441605671
229715 -0.148815063367229
337354 -0.02426478972136403
228521 0.00940309912229131
122900 0.0018226641273312485
403939 0.03071987678694907
229232 -0.015053301581811205
120698 -0.08179111466885194
121880 0.011216573504188329
405607 -0.010909871885350695
230168 0.041294094903152244
122693 0.06711737925250655
336508 0.038566852283894316
120923 0.042111770673231644
227927 -0.010168968059204439
014615 -0.05757487122310764
335644 0.019541084842496285
228371 -0.029678351361025663
227996 -0.015221573662763041
228791 0.06531941102295326
336751 0.05617290805681679
406024 0.04227153688238515
404770 0.03932682704862086
121106 0.025840981166355786
335773 -0.031509748451172166
335344 -0.024705591715044446
014357 0.00292156189066883
228335 -0.022278598552555626
335680 -0.004307449754435363
404332 0.018670965446414108
122441 0.08058388459344765
014891 -0.010348834057964343
404299 0.012758528214626311
336427 0.038866937087714604
336409 0.02295347971402657
015359 0.020177393825444354
122954 0.018835700735718875
228410 -0.024252179889929323
122897 0.0049958393823198305
122147 -0.03863366667971117
336844 -0.02241497149248561
227822 0.026078263771386792
336511 0.03523266384802097
337498 0.005566141627638503
228266 -0.02451270444677952
335488 0.013302753230213571
404902 0.024688140764321676
403807 0.056563143833691445
404209 0.0037418729087755204
336238 0.06603963640001084
121103 0.02382248553029951
123113 0.007036185104574936
229580 -0.027201370556905097
229982 0.04173568136657807
228479 -0.02376975868472461
405124 -0.09917792768460724
336457 0.044160638206890784
336670 0.013922251237685538
228326 -0.01642145093671657
336403 0.010010272776750134
227846 0.01683382113294902
335602 0.028045297565316797
405598 -0.04700477793632838
405940 0.04208760760518679
404743 -0.010452426547636524
335482 0.023907730872508557
404122 -0.024132973588920272
403543 0.04676497880248346
336547 0.0006186715008170647
121349 0.006898971175046537
121586 0.009961292857215517
337960 0.015745737129551095
404374 0.01107822488246176
335851 0.05306582916133776
121577 0.007091565607151308
229193 -0.037267787461967475
229094 0.019496579628003
404635 0.031436091122900904
229607 0.019924980216885206
405343 -0.0038621267473717413
403612 -0.057058612589863396
123014 -0.02477254833401611
015293 0.026660968839164217
015338 0.007100277015325683
336118 -0.01821650571636481
404329 0.018500938495757086
227876 0.024798703432973582
404686 0.0074024014669560965
122576 nan
404779 0.036258147046027055
121757 0.019692907962626918
015452 -0.05239832627227883
227570 0.057746719100241775
230219 -0.007906668463340056
404908 0.029794951181405432
227993 -0.01028873563664586
121046 0.006996367055814514
014789 0.02589613899352059
229766 0.024517564740086793
013439 -0.10846290834182619
014609 -0.08464176161620048
122915 0.0024553304420939915
121589 0.012263628581352447
122459 0.05926641427120622
229577 -0.021851714335663994
014564 -0.05619303199019767
227708 0.055120796340769905
335692 -0.01213843412388575
122948 0.025594080380031047
405610 -0.0009465027582306675
403684 -0.02633404853971117
229190 -0.03755601832300182
121370 -0.005124786387779444
336892 -0.045906117886857424
122930 0.016949336435855417
406015 0.04174440792654618
335521 -0.005155776564223603
227939 0.031232767906412735
228377 -0.032490089608795875
229256 -0.012964716534879924
404800 0.05321587645818316
335260 0.020385934573186448
335575 0.021013164934849216
229019 0.04489268130052278
405526 0.0033303701504614884
121391 -0.042772744599089606
227828 0.025232871337452355
405538 -0.022435300336826426
121058 0.01622639957386152
121352 0.014075649799349403
227948 0.03738586150301435
404404 0.014498132898572784
227645 0.06868196752911139
015431 -0.15580301686081569
227684 0.054268219693838174
228290 -0.00931022427642844
227966 0.019919156820924253
227720 0.056725534923492915
404224 0.013657969810461358
013310 0.044446177866267055
404437 0.00273040212891279
121151 0.0004636360546939806
335536 -0.0009909102783881775
230183 0.03781361575701148
227969 0.011678762889912537
228518 0.006190264817350399
336079 -0.03140988599514933
228032 -0.00416916079892413
337681 0.043977233324560085
335755 -0.02164695033545174
014267 -0.01901236433016129
228104 0.028617318357656588
227912 -0.0026070387021915067
403681 -0.02470851247747826
012932 0.046091953569332406
335986 0.022511213842088883
229784 0.041725610968214845
227903 0.018440843373537064
404734 0.0062779933867450925
013073 nan
228116 0.03525767872730891
403579 0.00912222923803582
404563 0.010945627910759396
229694 -0.08820767462507788
121520 0.020371024989237572
337039 nan
229076 0.028421282335307576
336313 0.03516617498603544
120881 0.04408088736433201
335959 0.03347605550625833
014828 0.018760547562251016
404488 -0.003566580776114141
227918 -0.01791734021329268
228023 -0.010495438151488084
336856 -0.029578495942603828
013145 0.06373991247740417
404773 0.03651540743610846
405649 -0.003358268234503872
228965 0.06190409160480298
405910 0.03822215262466349
335284 0.030145413307595157
404554 0.003125656417562218
405148 0.015203484202188165
335662 0.004647665730740803
121778 0.013032789116571433
230252 0.02892776362101237
229142 -0.030709392828671873
014276 0.018158548131788157
015353 0.021296307199366215
404761 0.047132986800473065
229064 0.03756643339761716
014552 -0.033282304942897765
120935 -0.014018820550245606
121100 0.02477314703004217
229166 -0.020450983952687008
014846 0.030390160424368724
405616 0.011767795215288293
228524 0.009841538610912505
403876 0.04233739703788539
014621 -0.04724759709085784
123065 -0.01804811146155767
405868 0.016185467419379363
013139 0.06284609856884094
230186 0.03423518703905712
403903 0.041833170078346166
403987 0.037839833779668625
228473 -0.03921043397556398
229679 -0.07302787018440987
335455 0.04382574274797437
403894 0.043176207398016565
405880 0.014917943545750208
336877 -0.0446409772627699
121493 0.021527521335889425
013157 0.07255205901907517
336022 0.008054140121106453
336040 -0.019512722764295477
404611 0.030946767953668693
228167 0.04464296682241348
403990 0.03519736689247515
404386 0.013694050849568179
228071 0.01855320206008614
015089 -0.046421409481101565
336202 0.03686815692532447
335977 0.026353891899503726
122237 0.05205593843441492
336475 0.053768624802903515
120755 0.03491176657797388
121028 -0.0012130920935158782
120818 0.030627096467875
228119 0.03799807062669519
121769 0.017401416984784424
121436 -0.01336397284962291
405058 0.030187092395055858
403606 -0.04618126158966074
122753 0.030680955662613828
337459 0.038500598372109104
336154 -0.018529493829801152
122255 0.0339538983719537
013229 0.07663834493899745
335338 0.009095600580988133
405022 0.026693229491894063
336082 -0.034398223401157786
121718 0.022398040828671195
121346 0.003199164912276509
121886 0.009360723510830362
336502 0.04632207997865429
336019 0.007682918124301461
122786 0.062404506206096576
228254 -0.02608098063380139
336490 0.05395205231708666
229250 -0.03185441538326234
122957 0.02426847309382751
229889 0.015484218571394207
227564 0.059310048824287684
122291 -0.006839526104708525
014075 0.0213881376462105
013667 0.00422913918839981
121148 0.0019547882373851925
015113 0.012786030243733993
227651 0.06997479435262466
405412 -0.016492656500753877
014426 0.030476641920541725
404671 0.00703889626715508
121892 -0.005680853484658163
337909 0.03605206176717445
230192 0.019000921429262768
122849 -0.02009320324409134
335563 0.008362429897808487
121367 0.0025937596879126758
405844 0.018459338643106435
403831 0.02104240606104023
335983 0.025852656723404463
404638 0.030529276549355198
227768 0.04828769993674414
229895 0.023676769523910457
121988 -0.02246896892446179
337642 0.021034303002093042
229175 -0.01910363708213332
403912 0.04332585517872709
015152 nan
122894 0.005609855427888513
014432 -0.0476268095878028
335401 0.028697187884102693
404608 0.027140015743738997
122399 0.061732135114776314
228434 -0.008129135920250195
405814 0.019237434605530863
015347 0.02259685874255607
228272 -0.023583042400223873
122225 0.05746864140429953
120956 -0.026346872592127174
014594 -0.11872445499130689
015524 0.020477936471490724
403633 -0.06711753750449831
228059 0.020558370186956106
228548 0.013822776491899228
335581 0.026549147538737803
014720 -0.006723259491895241
122384 0.0804805998817169
404467 -0.0017798470507055636
404005 0.015458534208676676
405097 0.005218495214681937
229874 -0.008295061391774019
122501 0.031160005211291482
405241 -0.0038546691450603928
229073 0.030811791952411918
404290 0.013942209696922444
405622 0.013713877995296357
335962 0.03596625177818303
337330 0.06004396822086718
405664 -0.01108883456552542
229808 0.03711703030477147
336061 -0.02231018110626221
335566 0.011514257602590732
405244 0.00010142573173441964
404347 0.005345850814813404
335599 0.02735480248891459
121136 0.011054759459344397
335359 -0.04993518064347642
405730 -0.0572949129799755
405253 -0.006753634771031767
404035 0.0006393450340504934
404368 0.0072616009505500284
120887 0.04807282354890931
227561 0.057864176646949025
230123 0.04842633072030607
405283 -0.0257154815790695
336028 0.0035934687573381603
335893 0.06253232074346282
228338 -0.023997521736622982
405457 -0.014710201308206102
403630 -0.06914866957598145
228476 -0.03449687470281126
228866 0.06548863458216364
336010 0.008767996953708578
405388 0.0002905119105864239
404725 0.007233865049120339
015560 -0.09814330839954434
336328 0.042183066002776076
227717 0.055200930226635636
015017 -0.09758551976947215
122414 0.07113363155928655
228779 0.05598668370928083
405016 0.02634604926988141
121604 0.022882447344870615
227906 0.01522839320884956
404530 -0.0027485513363486383
228002 -0.014311560228759167
335734 0.003795551986224921
404149 0.004721134873371559
229409 -0.1713414591332427
228815 0.06522447313275381
405145 -0.0012160439430000346
335953 0.03477271291573908
404590 0.019288934314583714
405565 0.002807515337416387
229487 -0.022847447196422534
120977 -0.02198002250155523
227816 0.03613555257591493
405943 0.04259090657657487
403951 0.034690491099641896
230177 0.039017432610366734
015041 -0.04048849007095953
335968 0.0329934166907606
335665 0.005137366623958404
405052 0.03177057964963206
336721 0.05216030773366016
123044 -0.01600792146010667
120932 -0.00280918144205461
120878 0.039190938172997555
336778 0.0007501579043062508
014942 0.001858994083159455
230117 0.04972891501390217
405859 0.017896165269017866
121787 0.011038466428088072
405013 0.019119980252387443
405820 0.025089503554708893
336823 -0.022881732883253965
122708 0.05278219215782697
337978 0.0028233569858907384
229145 -0.03348770919858872
229853 -0.046231147555333627
404905 0.024400700063887813
013550 0.05019602531688764
229817 0.03534438342513661
335395 0.018707089974822337
404566 0.019481341328193364
335500 0.014287659852336067
229820 0.031946409746605876
337942 0.05177478748363453
335950 0.034513314668548005
014453 0.0029839306906512494
335650 0.016726719065212618
403738 0.03487398170838006
121184 -0.029132847924179705
405358 -0.04662555657909426
123116 0.01646649570116263
121829 -0.001010633444044657
228788 0.06653741963512541
404137 -0.012051708211142556
336898 -0.03119555960224692
336760 0.03444450771329592
120920 0.04425928612390776
335617 0.026979572791357945
228812 0.06516151216447937
229100 0.009593881241057952
013307 0.04074931557119305
404911 0.029228630832933863
337945 0.04938187954688428
015254 0.0735983094994702
405577 0.011837424562719991
229685 -0.06795713702577232
120785 0.04732532020232888
014027 0.04658834945752425
405382 -0.004908597235056099
335305 0.03306230264716892
229169 -0.01928073300363591
405739 -0.04645578275989106
230210 -0.010972980327413477
230231 0.0055820758434254585
228707 -0.07816701299733234
335350 -0.054569254339584684
229055 0.046003271447975745
121013 -0.0035168091845668207
121517 0.020379058439723572
405364 -0.061034505839312025
122876 0.0006076730651296535
121175 -0.025637297389123764
122825 0.012365849346349989
229112 -0.025240332592494186
229961 0.025267543745975868
121835 0.004832415260471832
228011 -0.014944703622808897
403735 0.031477907906074395
403654 0.00804802348430303
228620 -0.03697264538175819
337714 0.07140974468655056
121226 -0.006746081415705034
335971 0.02826468593497834
403528 0.05061858052580824
405727 -0.04923470613469563
336772 0.003679925138870764
013277 0.04577710151672363
404533 -0.013628624353158023
229730 -0.0765186096475687
228998 0.041356822156684285
337933 0.04286722408329506
335683 -0.006701135812184979
014561 -0.053120739904732164
227579 0.05854112130225076
336454 0.04473596293516833
228197 0.025349734030674444
335728 -0.0004891982350834003
404668 0.013624185520880702
336151 -0.013176055919843091
336664 0.012698817682321617
335632 0.010244948260664986
228845 0.0592066044650873
229160 -0.02684442725113437
335383 -0.006489424626124814
404797 0.053468399553096464
336406 0.01908764780082267
013790 0.0015621071770077662
229034 0.053403007525739135
229031 0.05251468182167324
337972 0.021381518820568764
123287 0.0010142835147333715
335785 -0.03167793360309587
336736 0.05878497090629469
336199 0.030465069734667897
229769 0.02883113628773175
405916 0.0473950228723539
336901 -0.03084544204005689
335788 -0.025018097417665336
335470 0.038545851484362854
015404 -0.06082722214730791
121289 -0.008970962623738539
336253 0.07075900297898513
121736 0.029539249126322425
404482 -0.0021115605462571733
335596 0.02698069833616363
120596 -0.016327110331978194
336448 0.045288921038191474
405403 -0.0001628400816714083
014012 0.06825473563151616
228161 0.04747150342882674
121511 0.019507997376578195
121469 0.007492103482786834
229670 -0.05786442976659898
014246 -0.10185335379850578
122744 0.01576155474115486
405454 -0.0066832820916607125
335932 0.04589550137743389
121823 -0.0005009656085218597
227759 0.052366267621906756
228530 0.011467788609538468
404353 0.010681982615670096
405400 0.003544638684826288
120974 -0.023219417566406893
228110 0.02986357403025893
337333 0.05953153673109117
013496 -0.10663753318150347
336364 -0.02477340336113686
122282 -0.0038031242205951677
122267 0.0027365323256403843
336376 -0.0090039912467287
337645 0.03231900802828768
404095 -0.022260828510574673
228125 0.047093934230079036
228686 -0.011331301167725571
405088 0.032688321472696145
228317 -0.00019704112676574082
228674 -0.022703686643225852
229796 0.03891084273259079
015509 0.027520544040277137
121802 -0.002841316490338153
336388 -0.007101257812273041
121325 0.017483218285796485
336628 -0.04102744518928975
405238 -0.008014355955830636
336742 0.05922554235072456
229118 -0.03732848640349458
229850 -0.044006614339293704
122921 0.015349315285638675
228092 0.022917712041326428
404602 0.02255948192599107
405718 -0.06073371894527955
403984 0.03732288438611591
403534 0.05076178474262065
335308 0.03204311221664431
121283 -0.013231131056730702
230234 0.014213188106007954
227963 0.02577554428972561
013130 0.05962440380043827
120926 0.033471769135539994
405370 -0.03268868507335839
228236 -0.025040401096315033
229973 0.03537893684498955
229622 0.037122406310000244
227897 0.020626160110475796
404812 0.06286332081311878
403516 0.05442809729208883
121853 0.004904032762719205
404452 0.0015927722047514403
405589 -0.011315274596461103
014636 -0.019505894929338755
403708 0.048055829457294794
405949 0.041497388738463585
229007 0.04659291517987263
229220 -0.030370689883691883
404701 0.008267800905959705
229085 0.0269812751699377
227933 -0.0057290922594002555
406003 0.04388332176477389
404752 0.04974397499313951
405280 -0.03283724325365134
122390 0.07875750339748722
230246 0.03176918731177263
229883 0.008265249400035273
403852 0.04593951555677246
121229 -0.009818805874770931
337477 0.046006512899569495
014429 0.012783815525446308
335347 -0.04115733038913738
122738 0.0008272909801627985
121859 0.003717774865552072
228785 0.06106652008519107
404257 0.021442428495621578
013766 0.016570419861526086
228512 0.008404324452082316
123110 0.00778389823623771
014393 -0.010949763953009969
403870 0.040247912216395315
015482 0.03469589356908206
405514 0.0002524481445062356
404767 0.03974699332437261
121274 -0.01841992326409308
121496 0.02042782481649789
014504 -0.016032919325094597
405250 -0.0008550962387711703
403615 -0.06604587581750018
122981 0.011046385828149381
122387 0.08202158595151947
120821 0.027461413378778932
404581 0.013186959518018621
014423 0.035791048043701916
230195 0.012971265168313992
337531 0.0075891491748459996
337522 0.003747727509777204
405310 -0.01259069589989919
228494 0.011415150436149709
014039 0.00393116766584212
122672 0.06555426516990263
121598 0.021151677329719443
404263 0.02325273654630115
229001 0.0414894867201311
405322 -0.07752317632316912
121772 0.021287831732719052
228122 0.043307187186319436
120728 0.02461228434837136
122918 0.00910065848961175
229163 -0.022477200045246403
337897 0.04822630730886308
403942 0.03278088885354269
228227 -0.01619638570704732
336091 -0.03549616242747494
228260 -0.02385043039130429
227978 -0.0005598615110182048
014123 0.030756394003598322
336694 0.0215564434991386
121712 0.017605554670072916
122426 0.07119654318060777
335899 0.06335279500111979
015362 0.011471265294752344
120938 -0.009992731548640856
229499 0.0009449519399203539
227801 0.04573810784662454
336070 -0.029539407624438133
014399 0.00032825736640431643
405304 0.005737618316514445
404740 -0.01598899717295999
336337 0.05021807723112763
228365 -0.030946783123400646
404335 0.015206963124901357
122378 0.07446668846947062
227735 0.057637543780244146
122741 0.01122922007750748
228770 0.053733294345026356
336295 0.03490948346853628
335461 0.04093165800049366
405055 0.03123301711842947
337357 -0.0184791159296343
229253 -0.021910237550656866
015470 0.01752842423939125
336049 -0.02296190925665125
120704 -0.05808921304818891
121280 -0.003677549666222857
228500 0.013564241920262858
121508 0.021837403004762355
404518 -0.004178615330027885
405031 0.03657279915934808
123275 0.03301777150580492
335530 0.0009272078955216658
014579 -0.08900342898858818
015467 0.007951055699481126
121445 -0.003517944639136478
120959 -0.021070563766732116
228356 -0.02845337912977024
121145 -0.0008534227383115962
336637 -0.03732416819717525
228644 -0.03932404265512477
405931 0.04367281618088363
405637 0.013556688190694855
403552 0.04641391689188214
228131 0.055924737522132055
335434 0.024169516122549885
404158 0.006118516965484726
015497 0.0465300888942507
121613 0.019252943188956612
405163 0.029673360471512908
336727 0.05073883583990882
120632 0.0010525284510164285
335296 0.035195537394189874
335923 0.03868661706250709
403909 0.043552706084558815
014435 -0.13484436702882904
120875 0.04114391643954753
403546 0.04467407281533801
121949 0.06799229070202593
121721 0.022815841110505334
228755 0.06299128143790882
121793 0.0072542521029588525
337468 0.04280428056335982
403858 0.04799472856677605
337951 0.04053792886603754
335287 0.03080025650657938
404896 0.02618059299214523
229652 -0.018924779062548643
405199 0.005629090130276892
405355 -0.011332224201693527
230243 0.030542522276880518
404362 0.008563769856207257
404401 0.0159629777813174
336292 0.03494747801265081
337513 -0.002764492493614522
336136 -0.016373283443487992
015134 nan
229436 -0.031234374871404597
336391 -0.007006885927347909
405064 0.03279623313644063
405997 0.047882082425506955
122240 0.05269700375065718
335326 0.02266827016365866
014366 -0.13835057999675757
336631 -0.041184318206393976
336718 0.050406645110779226
013286 0.030819193152294186
336724 0.050175911272507985
404470 -0.0015097860643254054
404689 0.007511404104527779
404422 0.006646504186648278
123104 -0.001513161327817111
121040 -0.00011452057243383507
014375 -0.11345456385299861
404191 0.0016929880276627953
122798 0.060229997992687585
015368 0.009112939065804302
405181 0.0657271032224793
230138 0.05696517682264722
335545 -0.009910179681478032
228413 -0.021836683671663838
227765 0.04793250145576348
121754 0.014824934399317181
335314 0.02659997719339262
403930 0.03778197322492461
014954 0.02547841402721485
228830 0.06273482092956202
229613 0.026333851200352688
335374 -0.02792096357496958
336568 0.017934696806935893
121607 0.020076277037909752
122381 0.08105098281196382
122534 0.06506312301853985
121166 -0.018308198680433752
122261 0.015242078471304666
403888 0.04332042458114058
403678 -2.3353288348425667e-05
405874 0.015736842466286233
120659 0.002476419034159572
014444 -0.06343065092910144
335467 0.04094170207411873
014294 -0.03608002898457286
122804 0.05771998502249348
015563 -0.15267764483652418
014540 -0.023219202620856742
403645 -0.030059274964049792
